NaN,NaN,329,231
NaN,NaN,NaN,NaN
NaN,NaN,NaN,NaN
NaN,NaN,NaN,NaN
NaN,NaN,NaN,NaN
NaN,NaN,NaN,NaN
NaN,NaN,NaN,NaN
NaN,NaN,NaN,NaN
NaN,NaN,NaN,NaN
NaN,NaN,NaN,NaN
NaN,NaN,NaN,NaN
NaN,NaN,NaN,NaN
NaN,NaN,NaN,NaN
NaN,NaN,NaN,NaN
NaN,NaN,NaN,NaN
NaN,NaN,NaN,NaN
NaN,NaN,NaN,NaN
NaN,NaN,NaN,NaN
NaN,NaN,NaN,NaN
NaN,NaN,NaN,NaN
NaN,NaN,NaN,NaN
NaN,NaN,NaN,NaN
NaN,NaN,NaN,NaN
NaN,NaN,NaN,NaN
NaN,NaN,NaN,NaN
NaN,NaN,NaN,NaN
335,234,NaN,NaN
337,233,NaN,NaN
345,215,NaN,NaN
336,236,NaN,NaN
346,227,NaN,NaN
NaN,NaN,347,215
NaN,NaN,347,233
343,227,NaN,NaN
NaN,NaN,347,230
343,226,NaN,NaN
NaN,NaN,349,230
NaN,NaN,346,230
349,233,NaN,NaN
339,239,NaN,NaN
NaN,NaN,347,218
349,232,NaN,NaN
NaN,NaN,336,239
NaN,NaN,351,231
346,229,NaN,NaN
343,219,NaN,NaN
336,239,NaN,NaN
342,245,NaN,NaN
343,230,NaN,NaN
NaN,NaN,350,231
NaN,NaN,337,241
343,229,NaN,NaN
345,233,NaN,NaN
NaN,NaN,345,230
NaN,NaN,341,228
NaN,NaN,341,235
339,235,NaN,NaN
NaN,NaN,336,229
NaN,NaN,337,232
NaN,NaN,326,222
338,230,NaN,NaN
NaN,NaN,321,232
333,223,NaN,NaN
NaN,NaN,332,225
326,225,NaN,NaN
NaN,NaN,328,223
333,241,NaN,NaN
NaN,NaN,333,238
NaN,NaN,335,224
319,232,NaN,NaN
NaN,NaN,337,226
NaN,NaN,334,227
334,231,NaN,NaN
NaN,NaN,336,235
NaN,NaN,338,226
335,237,NaN,NaN
NaN,NaN,333,226
335,225,NaN,NaN
329,219,NaN,NaN
337,230,NaN,NaN
322,235,NaN,NaN
337,231,NaN,NaN
NaN,NaN,332,228
326,224,NaN,NaN
NaN,NaN,336,229
NaN,NaN,337,228
NaN,NaN,335,221
334,236,NaN,NaN
333,225,NaN,NaN
NaN,NaN,325,240
NaN,NaN,316,232
334,235,NaN,NaN
335,216,NaN,NaN
329,236,NaN,NaN
NaN,NaN,337,222
NaN,NaN,335,214
343,222,NaN,NaN
340,219,NaN,NaN
335,211,NaN,NaN
330,236,NaN,NaN
NaN,NaN,337,218
320,231,NaN,NaN
321,228,NaN,NaN
341,220,NaN,NaN
NaN,NaN,319,233
316,229,NaN,NaN
NaN,NaN,345,232
335,215,NaN,NaN
330,235,NaN,NaN
322,235,NaN,NaN
NaN,NaN,328,209
331,235,NaN,NaN
338,215,NaN,NaN
NaN,NaN,336,217
NaN,NaN,321,234
NaN,NaN,319,231
314,236,NaN,NaN
338,220,NaN,NaN
NaN,NaN,321,233
NaN,NaN,319,235
339,221,NaN,NaN
NaN,NaN,321,236
NaN,NaN,336,216
342,226,NaN,NaN
337,220,NaN,NaN
342,223,NaN,NaN
NaN,NaN,341,223
NaN,NaN,335,216
337,203,NaN,NaN
NaN,NaN,350,195
NaN,NaN,340,191
NaN,NaN,342,211
388,175,287,176
406,151,297,185
295,186,NaN,NaN
NaN,NaN,302,183
387,166,NaN,NaN
343,188,NaN,NaN
351,164,NaN,NaN
NaN,NaN,353,160
405,165,307,157
291,150,390,136
397,149,293,155
293,149,416,157
293,146,396,150
300,149,400,160
304,155,412,170
296,159,398,171
404,165,301,156
406,172,306,151
404,167,297,156
398,175,301,153
402,170,302,151
301,158,398,174
399,164,295,144
302,153,398,172
399,169,301,152
301,151,406,166
288,157,388,147
297,148,396,176
300,165,404,168
NaN,NaN,301,153
403,166,299,160
301,161,408,172
405,174,299,142
404,167,302,146
410,169,307,153
410,179,304,155
291,154,397,162
404,173,304,147
403,173,296,158
399,175,300,139
401,168,292,156
294,155,397,174
400,169,298,150
295,159,401,168
392,169,291,147
292,156,393,159
401,167,302,156
412,176,307,154
404,178,302,158
310,152,410,175
401,163,296,160
403,161,299,148
304,150,412,179
390,157,287,159
407,178,296,158
403,172,303,161
404,171,298,147
293,150,395,161
405,169,302,160
301,157,400,168
396,174,290,149
294,154,392,161
300,161,404,177
400,166,299,151
393,164,287,155
407,173,308,153
401,166,299,152
297,153,403,170
302,148,402,173
398,171,297,159
401,162,299,149
302,145,404,166
305,153,408,181
404,165,303,143
306,154,408,172
407,171,301,158
296,156,394,165
404,168,302,157
399,175,299,149
300,154,402,176
405,163,303,161
416,181,303,154
396,178,297,161
396,159,296,145
404,169,292,156
294,156,398,176
404,169,301,153
409,183,305,147
404,168,300,148
303,150,407,175
307,162,407,169
303,160,406,174
299,143,400,168
405,165,299,159
408,166,306,153
392,163,293,159
403,172,299,165
399,157,298,148
299,158,406,173
303,163,404,167
409,174,297,152
299,147,400,171
403,172,302,149
304,151,409,165
293,149,393,148
398,139,298,167
286,170,386,134
299,161,398,121
409,110,NaN,NaN
NaN,NaN,396,87
NaN,NaN,410,83
412,70,NaN,NaN
NaN,NaN,413,65
NaN,NaN,397,66
443,62,NaN,NaN
505,231,406,68
415,75,538,243
570,299,411,87
415,105,579,320
417,105,574,315
575,318,406,106
NaN,NaN,567,387
548,337,408,111
550,400,550,277
399,99,565,342
414,101,549,336
401,102,556,331
548,344,408,108
400,110,550,340
539,298,NaN,NaN
547,396,547,274
545,300,NaN,NaN
547,345,403,99
407,104,562,344
415,109,560,340
562,328,409,106
557,339,402,102
561,346,416,113
405,103,561,337
549,339,397,99
553,319,408,109
565,349,404,103
566,343,400,109
553,338,405,93
NaN,NaN,555,292
554,296,NaN,NaN
562,373,NaN,NaN
546,291,NaN,NaN
NaN,NaN,550,397
549,294,NaN,NaN
NaN,NaN,538,293
NaN,NaN,556,297
555,409,548,283
NaN,NaN,562,290
565,270,NaN,NaN
589,261,403,116
413,106,590,238
413,111,NaN,NaN
407,111,NaN,NaN
NaN,NaN,418,122
NaN,NaN,408,118
411,107,566,103
558,88,402,127
395,147,547,86
392,151,526,74
524,75,381,159
413,157,516,93
420,155,526,87
393,159,505,106
496,124,384,164
490,135,374,150
380,161,498,132
370,150,493,141
499,161,377,157
509,169,371,147
369,148,522,185
542,213,367,155
547,230,NaN,NaN
NaN,NaN,549,239
552,248,NaN,NaN
542,264,NaN,NaN
NaN,NaN,532,278
NaN,NaN,535,292
NaN,NaN,531,280
NaN,NaN,536,319
533,315,NaN,NaN
536,319,NaN,NaN
546,322,NaN,NaN
NaN,NaN,554,335
NaN,NaN,549,325
545,333,NaN,NaN
547,327,NaN,NaN
550,336,NaN,NaN
543,313,NaN,NaN
NaN,NaN,545,325
NaN,NaN,541,323
NaN,NaN,544,320
550,323,NaN,NaN
549,320,NaN,NaN
NaN,NaN,555,316
549,313,NaN,NaN
NaN,NaN,557,325
NaN,NaN,542,293
554,314,NaN,NaN
NaN,NaN,545,297
NaN,NaN,543,286
NaN,NaN,549,283
NaN,NaN,554,259
NaN,NaN,566,260
NaN,NaN,562,244
561,235,NaN,NaN
561,211,NaN,NaN
564,195,NaN,NaN
380,156,554,174
367,150,551,161
536,148,378,160
NaN,NaN,387,161
NaN,NaN,372,155
NaN,NaN,367,158
NaN,NaN,369,164
NaN,NaN,NaN,NaN
NaN,NaN,NaN,NaN
NaN,NaN,NaN,NaN
NaN,NaN,NaN,NaN
NaN,NaN,NaN,NaN
NaN,NaN,NaN,NaN
NaN,NaN,NaN,NaN
313,163,NaN,NaN
NaN,NaN,NaN,NaN
NaN,NaN,NaN,NaN
NaN,NaN,NaN,NaN
NaN,NaN,NaN,NaN
NaN,NaN,NaN,NaN
NaN,NaN,NaN,NaN
NaN,NaN,NaN,NaN
NaN,NaN,412,185
373,175,NaN,NaN
NaN,NaN,368,177
NaN,NaN,340,167
NaN,NaN,361,181
NaN,NaN,340,193
NaN,NaN,338,184
NaN,NaN,NaN,NaN
NaN,NaN,NaN,NaN
NaN,NaN,NaN,NaN
NaN,NaN,NaN,NaN
NaN,NaN,NaN,NaN
NaN,NaN,412,168
407,160,NaN,NaN
NaN,NaN,420,164
415,164,NaN,NaN
NaN,NaN,419,164
NaN,NaN,419,170
421,163,NaN,NaN
414,157,NaN,NaN
410,160,NaN,NaN
NaN,NaN,414,158
418,156,NaN,NaN
NaN,NaN,418,161
413,162,NaN,NaN
413,172,NaN,NaN
420,152,NaN,NaN
NaN,NaN,413,157
418,162,NaN,NaN
NaN,NaN,409,169
NaN,NaN,413,167
419,150,NaN,NaN
412,171,NaN,NaN
411,167,NaN,NaN
416,161,NaN,NaN
NaN,NaN,421,158
NaN,NaN,414,163
NaN,NaN,415,156
NaN,NaN,411,165
415,163,NaN,NaN
NaN,NaN,408,156
NaN,NaN,425,162
NaN,NaN,414,166
NaN,NaN,420,163
NaN,NaN,411,169
NaN,NaN,419,164
NaN,NaN,417,159
NaN,NaN,417,150
NaN,NaN,415,168
NaN,NaN,413,171
NaN,NaN,427,152
NaN,NaN,409,157
NaN,NaN,415,168
405,162,NaN,NaN
411,166,NaN,NaN
NaN,NaN,407,173
416,165,NaN,NaN
414,169,NaN,NaN
NaN,NaN,413,168
405,166,NaN,NaN
NaN,NaN,415,152
408,170,NaN,NaN
411,170,NaN,NaN
415,162,NaN,NaN
413,164,NaN,NaN
NaN,NaN,417,155
416,164,NaN,NaN
NaN,NaN,411,160
NaN,NaN,405,162
411,163,NaN,NaN
NaN,NaN,414,160
NaN,NaN,411,159
412,158,NaN,NaN
416,161,NaN,NaN
NaN,NaN,412,148
417,162,NaN,NaN
415,157,NaN,NaN
405,171,NaN,NaN
409,169,NaN,NaN
411,158,NaN,NaN
414,175,NaN,NaN
419,162,NaN,NaN
412,160,NaN,NaN
NaN,NaN,414,165
418,162,NaN,NaN
409,172,NaN,NaN
408,164,NaN,NaN
411,157,NaN,NaN
NaN,NaN,413,149
NaN,NaN,418,165
313,167,418,151
430,146,307,157
301,150,417,172
297,151,421,159
NaN,NaN,418,169
299,187,405,169
414,165,NaN,NaN
413,163,NaN,NaN
420,166,NaN,NaN
306,302,412,169
421,163,307,329
305,351,411,167
423,173,298,348
415,168,295,343
302,369,417,159
300,349,427,165
299,350,416,170
304,353,411,162
419,172,316,374
411,165,297,350
418,166,305,362
302,368,407,167
417,169,305,368
419,165,303,365
310,371,421,165
418,157,298,359
300,357,411,164
303,370,414,168
306,360,418,164
308,362,419,161
299,341,420,169
314,346,410,174
NaN,NaN,416,166
NaN,NaN,412,165
NaN,NaN,423,165
NaN,NaN,421,166
NaN,NaN,423,176
408,169,NaN,NaN
414,159,NaN,NaN
418,159,314,149
417,176,313,149
424,151,322,146
425,163,321,153
410,168,311,148
323,146,424,169
420,169,322,150
315,142,416,169
430,150,330,151
421,166,319,152
319,149,422,147
320,143,421,171
426,161,323,146
424,169,323,147
324,145,422,173
425,152,326,158
415,153,316,150
314,147,415,169
315,152,421,153
423,171,310,160
425,158,326,166
324,182,425,164
318,174,418,143
311,156,414,163
412,143,312,182
397,164,295,154
409,147,310,167
408,164,307,158
309,163,409,154
308,171,406,152
411,155,312,176
308,162,410,155
297,163,397,166
401,158,300,150
409,158,310,148
398,149,298,145
298,164,399,161
300,149,401,148
316,165,420,155
306,156,403,150
313,160,416,160
300,149,399,153
315,166,414,170
363,171,NaN,NaN
NaN,NaN,364,181
371,179,NaN,NaN
372,184,NaN,NaN
NaN,NaN,363,192
NaN,NaN,366,203
376,231,NaN,NaN
NaN,NaN,385,253
NaN,NaN,391,267
NaN,NaN,398,301
NaN,NaN,409,330
412,355,NaN,NaN
422,386,410,147
420,390,NaN,NaN
426,409,NaN,NaN
NaN,NaN,422,408
423,412,NaN,NaN
423,413,NaN,NaN
420,406,409,148
417,406,411,152
410,153,428,407
416,415,407,157
NaN,NaN,437,411
410,376,NaN,NaN
427,369,NaN,NaN
428,359,NaN,NaN
427,321,NaN,NaN
421,285,NaN,NaN
405,242,NaN,NaN
392,209,NaN,NaN
344,156,446,155
342,120,443,151
333,105,435,147
335,84,449,147
448,135,346,86
NaN,NaN,354,108
NaN,NaN,349,107
356,117,NaN,NaN
449,163,348,91
340,94,442,163
451,162,347,113
451,150,347,107
452,153,348,103
357,113,456,156
353,117,463,156
352,102,455,152
362,125,464,159
462,156,362,113
360,115,463,163
460,156,362,114
359,119,461,140
462,143,362,122
458,170,365,117
361,111,459,155
362,121,458,151
368,116,464,161
468,151,367,113
370,112,471,144
466,143,366,116
365,114,466,142
367,124,NaN,NaN
367,105,NaN,NaN
465,154,361,119
366,118,465,141
365,109,467,152
461,171,362,114
456,158,359,119
NaN,NaN,357,116
359,119,456,151
356,122,457,149
355,114,460,154
NaN,NaN,366,134
NaN,NaN,362,135
NaN,NaN,NaN,NaN
NaN,NaN,NaN,NaN
NaN,NaN,NaN,NaN
NaN,NaN,460,161
364,139,NaN,NaN
NaN,NaN,463,148
NaN,NaN,460,138
NaN,NaN,460,141
465,149,365,127
462,162,364,128
NaN,NaN,463,143
NaN,NaN,454,133
354,129,454,132
458,138,NaN,NaN
367,132,467,145
465,138,NaN,NaN
NaN,NaN,457,134
463,143,364,131
358,142,456,137
361,128,462,131
NaN,NaN,358,125
352,127,NaN,NaN
NaN,NaN,353,134
NaN,NaN,375,124
367,124,NaN,NaN
367,117,NaN,NaN
359,110,459,131
367,121,466,138
461,130,360,123
NaN,NaN,358,132
NaN,NaN,367,136
378,135,NaN,NaN
NaN,NaN,379,143
359,131,458,126
NaN,NaN,372,135
362,118,466,126
363,131,465,136
360,121,464,144
468,137,367,141
366,139,NaN,NaN
355,122,NaN,NaN
NaN,NaN,372,138
374,126,NaN,NaN
363,122,NaN,NaN
368,123,NaN,NaN
463,138,363,133
359,114,459,123
465,127,365,118
NaN,NaN,368,131
375,139,NaN,NaN
361,126,NaN,NaN
374,133,NaN,NaN
366,137,469,139
372,129,469,143
363,114,463,129
372,126,470,147
366,128,465,138
468,158,368,141
474,141,373,124
364,138,468,145
374,145,NaN,NaN
369,130,NaN,NaN
358,137,NaN,NaN
NaN,NaN,384,139
NaN,NaN,368,139
NaN,NaN,373,128
466,140,362,121
468,139,369,116
363,147,467,142
470,134,370,132
369,149,NaN,NaN
372,140,469,145
361,139,466,125
NaN,NaN,367,126
369,144,NaN,NaN
363,129,NaN,NaN
NaN,NaN,365,147
366,142,NaN,NaN
353,131,453,159
370,140,NaN,NaN
NaN,NaN,381,133
356,120,464,134
466,132,368,133
NaN,NaN,370,136
462,139,359,134
NaN,NaN,371,139
372,137,NaN,NaN
NaN,NaN,381,138
354,122,452,156
NaN,NaN,377,128
466,126,364,121
352,122,449,150
NaN,NaN,359,124
365,130,NaN,NaN
NaN,NaN,368,129
NaN,NaN,363,131
357,135,NaN,NaN
NaN,NaN,366,133
364,134,NaN,NaN
372,142,NaN,NaN
460,138,360,122
362,123,461,140
359,131,461,134
354,115,464,137
462,134,363,146
467,136,364,132
461,132,361,122
351,118,452,148
466,134,361,128
363,130,460,129
460,139,360,142
464,129,359,117
375,126,476,143
NaN,NaN,379,129
366,135,467,127
NaN,NaN,378,135
367,126,471,142
NaN,NaN,374,126
380,135,NaN,NaN
NaN,NaN,377,135
NaN,NaN,386,136
NaN,NaN,382,126
367,127,465,143
NaN,NaN,376,138
374,128,NaN,NaN
467,140,364,124
NaN,NaN,382,139
461,148,362,119
471,141,372,122
NaN,NaN,381,138
463,137,362,114
372,131,471,143
467,145,362,122
362,120,471,139
NaN,NaN,380,137
384,127,NaN,NaN
372,122,NaN,NaN
366,122,467,133
464,129,363,116
377,122,483,131
381,126,NaN,NaN
469,121,367,117
382,125,NaN,NaN
366,131,467,131
467,125,365,128
375,114,477,127
477,117,377,122
465,128,364,123
474,125,373,122
469,118,363,120
469,112,369,123
468,119,369,136
364,112,470,123
363,131,463,125
374,120,481,110
361,116,467,110
476,104,376,121
370,128,470,112
362,129,466,117
364,129,467,119
467,109,359,125
364,111,472,110
465,115,363,113
363,121,463,125
469,119,368,126
365,124,470,114
455,111,354,115
367,129,469,111
355,120,461,118
370,125,473,114
471,109,363,127
465,104,364,125
461,114,361,105
367,113,467,109
463,106,363,111
365,130,463,99
457,103,358,117
467,110,367,125
459,107,365,125
465,95,360,121
358,128,464,95
356,115,461,103
357,130,462,109
462,111,362,141
453,107,353,127
357,137,469,111
358,135,460,115
464,112,362,141
NaN,NaN,462,118
460,126,NaN,NaN
NaN,NaN,453,128
NaN,NaN,459,129
459,130,NaN,NaN
464,118,NaN,NaN
442,126,NaN,NaN
NaN,NaN,455,123
453,131,343,138
456,141,356,155
NaN,NaN,360,147
337,173,NaN,NaN
323,197,NaN,NaN
NaN,NaN,323,199
NaN,NaN,NaN,NaN
NaN,NaN,NaN,NaN
301,339,NaN,NaN
NaN,NaN,307,358
309,370,NaN,NaN
460,133,305,386
455,143,318,390
452,140,304,386
307,387,461,133
462,138,312,403
461,138,313,396
457,137,305,395
303,401,459,143
457,140,307,396
308,402,461,131
306,403,NaN,NaN
297,387,459,140
460,129,302,388
310,410,458,133
302,387,462,130
452,135,316,409
303,407,460,127
461,131,304,407
302,382,462,136
460,132,296,378
460,142,321,379
308,369,453,141
458,131,NaN,NaN
NaN,NaN,457,144
NaN,NaN,459,146
453,137,NaN,NaN
460,142,NaN,NaN
NaN,NaN,455,146
468,143,333,177
457,141,332,152
443,145,334,155
446,148,345,157
435,149,332,143
339,132,445,141
444,145,343,153
443,150,341,144
329,132,434,156
448,157,344,130
449,147,347,142
349,140,456,145
340,135,456,159
446,152,345,132
333,131,449,154
334,133,434,167
341,117,450,162
348,117,452,165
448,171,342,127
450,159,343,127
446,168,342,141
454,169,353,134
438,164,327,131
338,122,443,171
346,126,451,166
349,140,451,145
337,136,443,162
448,156,341,143
452,158,350,157
445,157,346,150
343,162,446,154
449,152,344,162
450,145,346,158
439,157,337,160
345,162,444,156
448,152,345,147
341,146,439,156
338,155,441,158
436,159,336,159
349,154,447,156
438,159,337,144
339,159,439,157
446,151,344,164
453,156,354,160
443,155,342,167
443,154,342,166
451,142,348,165
454,140,349,165
333,152,432,150
348,149,448,145
348,170,449,144
340,146,442,141
444,153,347,157
346,146,448,147
437,147,337,148
346,163,449,144
342,150,441,146
437,161,336,152
333,144,432,161
430,142,328,151
330,152,428,140
339,153,435,151
342,158,NaN,NaN
348,164,NaN,NaN
414,165,NaN,NaN
NaN,NaN,371,159
329,145,NaN,NaN
328,168,NaN,NaN
336,193,NaN,NaN
NaN,NaN,NaN,NaN
NaN,NaN,NaN,NaN
NaN,NaN,NaN,NaN
NaN,NaN,326,349
NaN,NaN,310,352
NaN,NaN,316,366
312,384,NaN,NaN
319,399,NaN,NaN
311,406,NaN,NaN
NaN,NaN,312,398
NaN,NaN,311,404
311,404,NaN,NaN
316,401,NaN,NaN
NaN,NaN,322,405
NaN,NaN,322,410
NaN,NaN,313,407
NaN,NaN,322,407
321,409,NaN,NaN
313,408,NaN,NaN
313,410,NaN,NaN
NaN,NaN,310,399
NaN,NaN,308,388
303,375,445,147
316,368,453,147
321,345,NaN,NaN
NaN,NaN,NaN,NaN
NaN,NaN,NaN,NaN
450,153,NaN,NaN
NaN,NaN,452,153
448,152,NaN,NaN
NaN,NaN,NaN,NaN
NaN,NaN,NaN,NaN
NaN,NaN,309,158
316,146,453,155
447,159,317,139
314,141,438,153
312,120,429,166
437,159,302,86
435,154,319,99
315,95,437,159
312,81,427,161
313,67,429,156
324,69,428,154
314,67,409,149
324,68,416,153
NaN,NaN,334,74
336,82,NaN,NaN
NaN,NaN,336,73
329,79,NaN,NaN
330,100,NaN,NaN
423,142,321,80
332,91,NaN,NaN
NaN,NaN,333,94
NaN,NaN,324,92
NaN,NaN,324,85
329,87,NaN,NaN
NaN,NaN,321,99
NaN,NaN,334,113
322,99,NaN,NaN
NaN,NaN,328,114
NaN,NaN,342,126
315,123,NaN,NaN
NaN,NaN,327,130
NaN,NaN,329,133
NaN,NaN,314,120
337,132,NaN,NaN
313,116,NaN,NaN
NaN,NaN,334,133
332,118,NaN,NaN
343,134,NaN,NaN
347,129,NaN,NaN
326,113,NaN,NaN
348,128,NaN,NaN
343,125,NaN,NaN
339,124,NaN,NaN
NaN,NaN,340,119
332,111,NaN,NaN
NaN,NaN,333,119
332,107,NaN,NaN
NaN,NaN,340,118
NaN,NaN,349,110
329,100,NaN,NaN
320,98,NaN,NaN
NaN,NaN,317,102
322,89,NaN,NaN
332,92,NaN,NaN
NaN,NaN,328,92
327,88,NaN,NaN
324,96,421,157
NaN,NaN,325,87
421,142,326,99
428,140,329,97
419,148,318,94
418,147,321,93
332,88,NaN,NaN
314,87,417,148
425,146,322,88
NaN,NaN,319,102
320,72,419,149
NaN,NaN,324,86
324,76,NaN,NaN
320,94,NaN,NaN
NaN,NaN,319,83
324,78,NaN,NaN
323,88,NaN,NaN
331,95,NaN,NaN
319,84,NaN,NaN
324,92,NaN,NaN
317,95,NaN,NaN
NaN,NaN,326,87
334,99,NaN,NaN
NaN,NaN,331,98
326,93,NaN,NaN
321,111,NaN,NaN
NaN,NaN,327,98
330,113,NaN,NaN
334,107,NaN,NaN
NaN,NaN,325,109
327,108,NaN,NaN
329,120,NaN,NaN
NaN,NaN,338,114
336,106,NaN,NaN
NaN,NaN,322,109
344,105,NaN,NaN
336,103,NaN,NaN
NaN,NaN,335,113
NaN,NaN,340,115
333,105,NaN,NaN
NaN,NaN,334,114
327,101,NaN,NaN
327,101,NaN,NaN
430,117,327,107
414,134,314,112
321,110,NaN,NaN
315,110,415,133
413,136,314,109
414,131,314,109
NaN,NaN,331,116
318,110,418,126
339,130,NaN,NaN
331,123,NaN,NaN
NaN,NaN,320,121
NaN,NaN,344,131
424,108,327,114
NaN,NaN,336,115
NaN,NaN,337,123
NaN,NaN,344,116
338,104,NaN,NaN
324,101,427,124
NaN,NaN,335,101
NaN,NaN,345,119
333,107,NaN,NaN
NaN,NaN,339,103
329,120,NaN,NaN
NaN,NaN,339,123
NaN,NaN,323,108
NaN,NaN,332,98
339,114,NaN,NaN
418,120,318,97
343,107,NaN,NaN
335,112,NaN,NaN
NaN,NaN,345,116
424,119,323,122
338,142,NaN,NaN
NaN,NaN,333,131
345,123,NaN,NaN
NaN,NaN,347,125
341,120,NaN,NaN
NaN,NaN,341,120
NaN,NaN,341,122
330,125,NaN,NaN
339,119,NaN,NaN
NaN,NaN,336,108
338,120,NaN,NaN
NaN,NaN,342,126
NaN,NaN,329,124
343,130,NaN,NaN
345,121,NaN,NaN
329,117,NaN,NaN
NaN,NaN,341,125
332,111,NaN,NaN
346,124,NaN,NaN
NaN,NaN,331,126
336,120,NaN,NaN
NaN,NaN,349,127
356,141,NaN,NaN
NaN,NaN,351,124
NaN,NaN,340,126
NaN,NaN,353,140
345,128,NaN,NaN
352,138,450,125
450,96,348,133
351,140,453,102
347,143,448,98
450,99,350,129
446,106,341,134
339,156,440,110
442,90,341,145
437,113,344,137
NaN,NaN,341,150
NaN,NaN,342,146
NaN,NaN,338,148
328,142,444,126
310,133,NaN,NaN
NaN,NaN,319,143
NaN,NaN,322,132
444,142,314,131
321,139,443,134
436,142,312,132
NaN,NaN,314,153
313,142,420,122
317,130,455,127
316,138,NaN,NaN
NaN,NaN,315,151
316,150,459,137
318,144,463,127
467,133,315,151
465,136,320,156
319,148,468,138
451,126,333,153
324,150,472,136
445,140,335,159
328,151,449,140
471,139,327,150
321,154,467,140
323,178,468,137
469,135,332,161
443,142,312,158
444,144,322,152
468,140,333,163
470,139,323,159
452,146,343,159
331,167,458,136
337,142,452,140
448,143,347,153
338,167,452,136
449,143,338,170
333,155,456,128
455,137,331,143
335,143,460,141
326,172,465,145
471,135,337,172
333,176,472,137
472,139,325,151
319,156,471,139
467,144,318,152
452,141,322,149
456,149,320,170
324,159,444,138
329,160,446,133
443,147,336,164
444,137,336,163
456,149,323,162
453,153,327,178
317,187,436,133
433,141,NaN,NaN
452,145,NaN,NaN
NaN,NaN,428,145
443,144,319,335
441,147,323,334
440,144,313,369
309,387,443,145
308,395,441,143
314,390,422,137
420,150,311,399
434,158,310,402
420,145,307,384
305,389,443,145
444,140,311,397
312,404,444,142
438,147,308,385
316,402,440,146
310,389,440,147
318,385,431,166
321,374,439,150
317,380,420,157
435,154,311,392
438,155,315,377
325,393,442,144
442,146,325,393
326,393,443,145
421,140,311,405
441,148,308,380
430,139,307,392
320,398,442,146
441,149,NaN,NaN
319,402,430,137
430,143,315,395
434,141,313,389
312,377,443,138
443,147,321,371
318,351,441,139
441,136,322,322
316,267,446,164
451,138,314,237
301,198,444,162
300,179,450,155
442,153,311,168
445,155,308,164
313,152,455,153
445,142,288,140
441,147,307,141
303,145,443,140
301,145,439,142
438,140,293,142
444,142,311,156
440,147,302,142
443,138,307,152
314,160,449,140
299,140,NaN,NaN
NaN,NaN,283,142
451,143,308,154
452,143,289,135
294,153,NaN,NaN
292,137,NaN,NaN
NaN,NaN,291,134
NaN,NaN,296,150
287,147,NaN,NaN
291,140,NaN,NaN
293,149,NaN,NaN
NaN,NaN,297,145
NaN,NaN,301,143
NaN,NaN,304,142
NaN,NaN,305,151
NaN,NaN,299,148
NaN,NaN,302,145
NaN,NaN,300,141
NaN,NaN,301,139
NaN,NaN,304,144
305,134,437,142
453,131,302,142
426,139,288,133
430,130,304,141
434,132,299,135
312,157,434,132
437,143,295,152
433,141,301,154
300,161,445,147
301,167,430,140
434,149,315,183
438,140,326,204
369,272,425,142
363,256,447,134
383,277,447,134
422,354,421,149
418,157,422,347
445,132,410,362
424,142,418,362
443,136,414,374
426,146,414,370
418,379,434,130
414,366,429,148
425,376,436,144
420,378,445,128
428,138,416,374
442,132,421,375
415,373,432,148
416,376,447,129
447,144,419,384
419,384,452,131
NaN,NaN,430,403
NaN,NaN,420,375
NaN,NaN,419,393
416,363,441,146
NaN,NaN,413,358
NaN,NaN,409,333
390,286,NaN,NaN
NaN,NaN,NaN,NaN
NaN,NaN,NaN,NaN
NaN,NaN,NaN,NaN
NaN,NaN,336,196
NaN,NaN,319,167
326,175,NaN,NaN
322,166,NaN,NaN
NaN,NaN,NaN,NaN
NaN,NaN,NaN,NaN
NaN,NaN,NaN,NaN
NaN,NaN,NaN,NaN
NaN,NaN,NaN,NaN
NaN,NaN,NaN,NaN
NaN,NaN,NaN,NaN
NaN,NaN,NaN,NaN
NaN,NaN,NaN,NaN
NaN,NaN,NaN,NaN
NaN,NaN,NaN,NaN
NaN,NaN,NaN,NaN
NaN,NaN,NaN,NaN
NaN,NaN,NaN,NaN
NaN,NaN,NaN,NaN
NaN,NaN,NaN,NaN
NaN,NaN,NaN,NaN
NaN,NaN,NaN,NaN
NaN,NaN,NaN,NaN
NaN,NaN,NaN,NaN
NaN,NaN,NaN,NaN
NaN,NaN,NaN,NaN
NaN,NaN,NaN,NaN
NaN,NaN,324,134
NaN,NaN,333,130
336,129,NaN,NaN
NaN,NaN,321,126
320,124,NaN,NaN
320,120,NaN,NaN
329,131,NaN,NaN
NaN,NaN,335,123
337,129,NaN,NaN
322,124,NaN,NaN
NaN,NaN,324,121
340,133,NaN,NaN
332,117,NaN,NaN
328,120,NaN,NaN
NaN,NaN,332,132
328,115,NaN,NaN
NaN,NaN,343,147
342,144,NaN,NaN
336,143,NaN,NaN
NaN,NaN,329,132
NaN,NaN,331,138
339,137,NaN,NaN
NaN,NaN,323,126
342,117,NaN,NaN
NaN,NaN,335,124
331,119,NaN,NaN
NaN,NaN,326,110
340,140,NaN,NaN
NaN,NaN,337,131
319,121,NaN,NaN
338,129,NaN,NaN
NaN,NaN,332,126
336,126,NaN,NaN
NaN,NaN,335,132
NaN,NaN,317,120
NaN,NaN,327,121
332,136,NaN,NaN
NaN,NaN,336,125
337,125,NaN,NaN
330,123,NaN,NaN
336,133,NaN,NaN
327,123,NaN,NaN
NaN,NaN,320,119
335,114,NaN,NaN
NaN,NaN,328,116
NaN,NaN,337,131
NaN,NaN,324,114
329,113,NaN,NaN
NaN,NaN,328,117
NaN,NaN,333,125
331,124,NaN,NaN
NaN,NaN,330,124
NaN,NaN,330,133
NaN,NaN,327,116
340,135,NaN,NaN
322,111,NaN,NaN
332,131,NaN,NaN
NaN,NaN,335,129
324,119,NaN,NaN
NaN,NaN,331,130
324,115,NaN,NaN
NaN,NaN,328,119
334,122,NaN,NaN
327,116,NaN,NaN
309,117,NaN,NaN
330,117,NaN,NaN
NaN,NaN,330,125
330,126,NaN,NaN
334,124,NaN,NaN
330,117,NaN,NaN
337,126,NaN,NaN
NaN,NaN,326,115
NaN,NaN,322,115
NaN,NaN,329,110
NaN,NaN,334,110
328,122,NaN,NaN
NaN,NaN,334,122
311,92,NaN,NaN
315,96,NaN,NaN
NaN,NaN,339,112
336,111,NaN,NaN
338,109,NaN,NaN
NaN,NaN,326,111
NaN,NaN,341,102
NaN,NaN,332,104
346,102,NaN,NaN
NaN,NaN,339,109
351,93,NaN,NaN
NaN,NaN,354,95
NaN,NaN,351,101
359,85,NaN,NaN
354,105,NaN,NaN
348,83,NaN,NaN
NaN,NaN,360,108
356,86,NaN,NaN
NaN,NaN,354,97
349,76,NaN,NaN
356,84,479,92
350,81,460,115
464,108,361,76
368,77,476,104
356,76,463,104
NaN,NaN,366,89
362,87,NaN,NaN
352,73,NaN,NaN
NaN,NaN,353,64
358,78,NaN,NaN
350,61,453,95
NaN,NaN,357,67
364,68,NaN,NaN
453,85,349,83
358,69,NaN,NaN
453,92,349,76
NaN,NaN,358,62
NaN,NaN,362,73
360,82,NaN,NaN
450,87,356,62
NaN,NaN,347,65
NaN,NaN,364,81
358,62,NaN,NaN
477,79,375,69
361,67,465,92
359,78,462,92
371,64,482,72
475,75,360,65
483,68,358,65
362,63,471,77
481,79,360,64
359,73,463,85
359,69,468,78
366,62,473,71
358,70,465,85
472,66,357,67
343,63,457,78
459,81,358,67
465,85,361,69
467,67,350,61
468,73,362,68
474,71,356,64
472,72,372,75
368,71,471,83
481,75,351,62
472,88,369,72
464,79,361,67
366,63,483,76
489,78,362,66
367,65,475,75
483,79,363,61
489,75,362,76
366,68,470,80
472,75,348,67
355,68,469,82
472,78,361,64
358,65,467,85
477,90,362,64
465,87,357,68
480,79,369,65
367,68,476,82
369,74,481,71
490,78,354,68
361,65,481,78
363,66,470,79
360,70,475,77
471,77,359,74
359,71,476,76
359,66,478,67
360,63,463,81
365,62,467,72
478,70,360,67
476,67,352,66
476,64,353,64
354,62,460,84
364,76,472,72
355,61,455,86
354,68,479,74
355,64,467,81
461,84,360,66
473,98,359,61
355,68,462,96
367,72,472,83
364,74,465,83
361,70,471,89
466,89,363,64
356,62,470,90
358,79,NaN,NaN
356,63,NaN,NaN
356,68,NaN,NaN
351,77,NaN,NaN
466,102,358,76
NaN,NaN,351,76
363,80,NaN,NaN
351,78,NaN,NaN
NaN,NaN,353,90
461,103,352,91
NaN,NaN,355,105
346,104,NaN,NaN
339,115,NaN,NaN
NaN,NaN,343,119
NaN,NaN,337,116
NaN,NaN,333,113
NaN,NaN,336,123
NaN,NaN,327,121
333,119,493,100
493,89,325,130
488,108,323,118
332,119,487,99
328,111,477,104
332,116,477,99
327,100,475,113
333,109,466,103
333,104,460,107
344,110,NaN,NaN
339,114,NaN,NaN
447,115,335,107
440,126,334,112
335,115,439,124
448,127,344,113
342,112,444,126
446,131,345,116
445,130,343,120
440,126,337,127
331,122,433,125
NaN,NaN,316,136
NaN,NaN,NaN,NaN
NaN,NaN,NaN,NaN
NaN,NaN,NaN,NaN
NaN,NaN,NaN,NaN
NaN,NaN,NaN,NaN
320,329,NaN,NaN
NaN,NaN,319,330
NaN,NaN,313,345
NaN,NaN,314,362
314,361,NaN,NaN
318,366,NaN,NaN
NaN,NaN,328,375
323,374,NaN,NaN
NaN,NaN,324,382
321,377,NaN,NaN
321,373,NaN,NaN
321,374,NaN,NaN
NaN,NaN,322,381
NaN,NaN,320,380
460,146,326,389
314,376,NaN,NaN
NaN,NaN,312,377
317,383,454,143
NaN,NaN,NaN,NaN
NaN,NaN,NaN,NaN
NaN,NaN,NaN,NaN
NaN,NaN,NaN,NaN
NaN,NaN,NaN,NaN
NaN,NaN,NaN,NaN
NaN,NaN,NaN,NaN
NaN,NaN,NaN,NaN
319,387,NaN,NaN
309,381,NaN,NaN
NaN,NaN,319,373
317,379,NaN,NaN
NaN,NaN,NaN,NaN
NaN,NaN,NaN,NaN
NaN,NaN,NaN,NaN
NaN,NaN,NaN,NaN
NaN,NaN,NaN,NaN
323,207,NaN,NaN
NaN,NaN,325,192
NaN,NaN,327,172
330,166,NaN,NaN
332,149,NaN,NaN
NaN,NaN,343,150
321,136,NaN,NaN
343,150,NaN,NaN
NaN,NaN,328,140
334,137,NaN,NaN
NaN,NaN,329,133
340,141,NaN,NaN
NaN,NaN,NaN,NaN
326,135,NaN,NaN
NaN,NaN,338,143
327,138,NaN,NaN
NaN,NaN,351,136
345,147,NaN,NaN
NaN,NaN,346,137
NaN,NaN,350,133
350,150,NaN,NaN
353,141,NaN,NaN
NaN,NaN,350,133
337,126,NaN,NaN
353,133,NaN,NaN
336,132,NaN,NaN
NaN,NaN,363,132
353,126,NaN,NaN
NaN,NaN,349,139
347,121,NaN,NaN
357,125,NaN,NaN
NaN,NaN,347,131
339,122,NaN,NaN
451,143,354,109
334,117,NaN,NaN
NaN,NaN,346,109
343,120,NaN,NaN
341,122,NaN,NaN
352,125,NaN,NaN
352,121,NaN,NaN
NaN,NaN,345,119
NaN,NaN,346,125
NaN,NaN,343,122
324,119,NaN,NaN
NaN,NaN,336,128
346,131,NaN,NaN
335,127,NaN,NaN
436,127,334,117
NaN,NaN,343,123
339,121,NaN,NaN
353,125,NaN,NaN
NaN,NaN,357,137
NaN,NaN,360,136
347,124,NaN,NaN
NaN,NaN,351,139
NaN,NaN,341,135
349,142,NaN,NaN
339,145,NaN,NaN
NaN,NaN,341,140
NaN,NaN,343,138
333,133,NaN,NaN
439,133,339,124
345,134,NaN,NaN
355,132,NaN,NaN
346,124,NaN,NaN
339,139,NaN,NaN
330,137,NaN,NaN
334,120,NaN,NaN
331,144,NaN,NaN
346,150,NaN,NaN
NaN,NaN,343,158
NaN,NaN,353,160
341,140,NaN,NaN
334,139,NaN,NaN
NaN,NaN,346,149
340,127,NaN,NaN
336,144,435,132
341,149,NaN,NaN
NaN,NaN,360,139
NaN,NaN,355,147
338,139,NaN,NaN
340,145,NaN,NaN
335,133,NaN,NaN
337,145,436,135
NaN,NaN,329,148
NaN,NaN,339,140
333,134,NaN,NaN
NaN,NaN,335,131
NaN,NaN,351,142
357,148,NaN,NaN
NaN,NaN,355,149
NaN,NaN,363,153
338,132,NaN,NaN
355,147,NaN,NaN
347,139,NaN,NaN
360,140,NaN,NaN
NaN,NaN,364,142
366,150,NaN,NaN
NaN,NaN,360,149
363,146,NaN,NaN
362,137,NaN,NaN
NaN,NaN,363,149
NaN,NaN,358,158
NaN,NaN,364,156
NaN,NaN,351,144
NaN,NaN,363,149
433,139,332,142
360,150,NaN,NaN
NaN,NaN,353,136
425,161,325,137
352,148,NaN,NaN
370,161,NaN,NaN
330,144,NaN,NaN
NaN,NaN,363,159
NaN,NaN,342,165
NaN,NaN,326,180
314,170,NaN,NaN
NaN,NaN,NaN,NaN
NaN,NaN,NaN,NaN
NaN,NaN,NaN,NaN
NaN,NaN,NaN,NaN
327,343,NaN,NaN
NaN,NaN,310,356
NaN,NaN,319,368
NaN,NaN,321,369
NaN,NaN,327,379
NaN,NaN,322,385
NaN,NaN,326,390
NaN,NaN,326,397
NaN,NaN,322,404
320,399,NaN,NaN
NaN,NaN,324,402
NaN,NaN,327,413
NaN,NaN,325,399
326,401,NaN,NaN
NaN,NaN,311,392
NaN,NaN,328,398
NaN,NaN,NaN,NaN
NaN,NaN,329,397
NaN,NaN,325,392
NaN,NaN,320,395
NaN,NaN,324,392
307,387,NaN,NaN
312,383,NaN,NaN
316,372,NaN,NaN
NaN,NaN,NaN,NaN
NaN,NaN,NaN,NaN
NaN,NaN,NaN,NaN
NaN,NaN,NaN,NaN
NaN,NaN,NaN,NaN
NaN,NaN,NaN,NaN
322,167,NaN,NaN
432,156,321,158
NaN,NaN,339,144
416,159,316,124
323,116,NaN,NaN
332,121,NaN,NaN
NaN,NaN,331,119
NaN,NaN,334,115
341,107,NaN,NaN
NaN,NaN,339,114
NaN,NaN,339,119
NaN,NaN,340,116
NaN,NaN,335,114
NaN,NaN,340,109
NaN,NaN,339,127
344,109,NaN,NaN
NaN,NaN,334,112
342,109,NaN,NaN
334,124,NaN,NaN
345,121,NaN,NaN
436,156,337,124
443,139,NaN,NaN
345,128,NaN,NaN
NaN,NaN,348,134
NaN,NaN,440,135
341,135,NaN,NaN
337,126,437,135
339,138,NaN,NaN
343,135,NaN,NaN
NaN,NaN,346,126
347,138,NaN,NaN
NaN,NaN,357,142
NaN,NaN,339,132
NaN,NaN,345,151
345,150,NaN,NaN
343,140,442,134
442,145,339,136
NaN,NaN,343,148
NaN,NaN,351,139
349,130,446,144
337,133,435,144
NaN,NaN,348,138
NaN,NaN,352,145
348,135,NaN,NaN
341,135,NaN,NaN
NaN,NaN,349,143
NaN,NaN,357,141
NaN,NaN,350,129
443,134,335,132
348,147,449,139
451,135,350,132
NaN,NaN,349,152
446,135,344,146
446,129,352,143
445,141,341,135
NaN,NaN,357,159
347,147,NaN,NaN
448,144,347,129
346,146,448,135
447,148,350,142
NaN,NaN,357,140
354,129,NaN,NaN
NaN,NaN,348,135
355,124,NaN,NaN
344,122,444,130
341,136,NaN,NaN
451,137,347,140
346,145,446,124
336,140,436,141
342,148,442,146
359,145,NaN,NaN
NaN,NaN,357,141
339,135,438,147
NaN,NaN,362,143
NaN,NaN,358,140
NaN,NaN,354,125
439,145,344,126
NaN,NaN,357,136
NaN,NaN,379,130
NaN,NaN,350,117
365,135,NaN,NaN
NaN,NaN,355,135
NaN,NaN,357,128
446,143,352,115
365,125,NaN,NaN
372,124,NaN,NaN
NaN,NaN,363,124
NaN,NaN,365,118
363,118,NaN,NaN
345,105,NaN,NaN
NaN,NaN,372,110
361,103,468,83
360,106,475,95
471,93,364,99
459,94,357,115
347,110,457,106
456,104,357,137
461,112,353,138
463,106,360,143
358,142,462,121
371,148,471,120
358,157,NaN,NaN
474,143,355,171
NaN,NaN,357,185
350,192,NaN,NaN
NaN,NaN,NaN,NaN
NaN,NaN,479,164
NaN,NaN,466,173
NaN,NaN,475,147
NaN,NaN,465,173
NaN,NaN,480,166
NaN,NaN,473,174
469,153,NaN,NaN
469,168,NaN,NaN
465,168,NaN,NaN
468,154,NaN,NaN
NaN,NaN,475,160
478,159,NaN,NaN
NaN,NaN,477,162
NaN,NaN,477,155
NaN,NaN,473,162
NaN,NaN,462,152
NaN,NaN,473,161
472,161,NaN,NaN
NaN,NaN,472,155
471,157,NaN,NaN
455,151,NaN,NaN
NaN,NaN,456,149
NaN,NaN,473,154
477,144,NaN,NaN
463,163,NaN,NaN
471,157,NaN,NaN
454,145,NaN,NaN
NaN,NaN,454,147
470,153,NaN,NaN
471,152,NaN,NaN
467,160,NaN,NaN
455,152,NaN,NaN
NaN,NaN,478,144
NaN,NaN,474,150
NaN,NaN,468,157
NaN,NaN,469,159
476,147,NaN,NaN
NaN,NaN,473,152
NaN,NaN,475,151
473,159,NaN,NaN
NaN,NaN,476,159
NaN,NaN,467,163
474,162,NaN,NaN
474,161,NaN,NaN
470,163,NaN,NaN
477,159,NaN,NaN
NaN,NaN,474,162
471,162,NaN,NaN
457,149,NaN,NaN
460,147,NaN,NaN
NaN,NaN,472,161
NaN,NaN,461,149
339,210,461,150
464,144,338,210
474,158,341,198
335,211,471,163
460,147,NaN,NaN
NaN,NaN,471,164
NaN,NaN,472,159
NaN,NaN,479,161
489,148,NaN,NaN
495,149,NaN,NaN
NaN,NaN,490,130
NaN,NaN,495,130
516,141,NaN,NaN
NaN,NaN,515,145
NaN,NaN,520,155
NaN,NaN,525,131
NaN,NaN,523,124
NaN,NaN,520,124
NaN,NaN,538,140
NaN,NaN,554,167
NaN,NaN,NaN,NaN
NaN,NaN,NaN,NaN
NaN,NaN,NaN,NaN
NaN,NaN,NaN,NaN
NaN,NaN,NaN,NaN
NaN,NaN,NaN,NaN
NaN,NaN,503,156
NaN,NaN,495,147
NaN,NaN,490,150
489,150,NaN,NaN
NaN,NaN,487,144
497,144,NaN,NaN
490,137,NaN,NaN
NaN,NaN,478,141
478,149,NaN,NaN
NaN,NaN,470,149
458,151,338,137
NaN,NaN,345,138
440,138,332,151
436,143,315,156
441,145,NaN,NaN
NaN,NaN,NaN,NaN
NaN,NaN,NaN,NaN
NaN,NaN,NaN,NaN
NaN,NaN,NaN,NaN
NaN,NaN,324,353
NaN,NaN,331,366
NaN,NaN,330,378
NaN,NaN,330,379
NaN,NaN,324,386
NaN,NaN,327,387
320,392,NaN,NaN
NaN,NaN,319,399
313,395,NaN,NaN
NaN,NaN,NaN,NaN
NaN,NaN,NaN,NaN
NaN,NaN,NaN,NaN
NaN,NaN,NaN,NaN
NaN,NaN,310,393
NaN,NaN,NaN,NaN
326,396,NaN,NaN
NaN,NaN,327,395
NaN,NaN,NaN,NaN
NaN,NaN,NaN,NaN
321,387,NaN,NaN
NaN,NaN,NaN,NaN
NaN,NaN,NaN,NaN
NaN,NaN,NaN,NaN
NaN,NaN,NaN,NaN
NaN,NaN,NaN,NaN
NaN,NaN,NaN,NaN
NaN,NaN,NaN,NaN
NaN,NaN,NaN,NaN
NaN,NaN,NaN,NaN
NaN,NaN,NaN,NaN
NaN,NaN,NaN,NaN
NaN,NaN,NaN,NaN
NaN,NaN,NaN,NaN
NaN,NaN,NaN,NaN
NaN,NaN,NaN,NaN
NaN,NaN,413,148
NaN,NaN,415,148
415,146,NaN,NaN
428,132,NaN,NaN
330,152,431,136
NaN,NaN,425,149
431,138,332,152
330,149,NaN,NaN
442,142,340,148
331,154,431,141
438,141,330,150
437,142,332,145
439,137,331,153
440,136,340,147
338,153,440,139
439,146,336,154
440,142,338,161
444,139,345,153
437,151,327,153
345,147,446,148
442,139,338,153
337,148,441,140
336,158,441,137
327,145,440,150
441,166,339,139
329,149,436,143
326,155,435,152
340,147,442,156
441,167,341,155
445,164,342,152
342,157,443,171
NaN,NaN,373,172
NaN,NaN,414,194
NaN,NaN,423,205
NaN,NaN,447,250
466,279,NaN,NaN
NaN,NaN,497,325
504,341,NaN,NaN
513,369,NaN,NaN
518,383,NaN,NaN
NaN,NaN,509,374
501,373,NaN,NaN
NaN,NaN,506,374
NaN,NaN,508,380
515,387,NaN,NaN
NaN,NaN,514,386
NaN,NaN,512,383
NaN,NaN,513,393
NaN,NaN,515,389
516,388,NaN,NaN
518,391,NaN,NaN
NaN,NaN,513,389
511,382,NaN,NaN
NaN,NaN,510,371
NaN,NaN,514,378
512,377,NaN,NaN
NaN,NaN,512,383
NaN,NaN,510,380
NaN,NaN,NaN,NaN
NaN,NaN,NaN,NaN
NaN,NaN,NaN,NaN
NaN,NaN,NaN,NaN
NaN,NaN,NaN,NaN
NaN,NaN,496,367
503,374,NaN,NaN
511,376,NaN,NaN
505,371,NaN,NaN
508,371,NaN,NaN
NaN,NaN,505,366
514,362,NaN,NaN
505,327,NaN,NaN
NaN,NaN,NaN,NaN
NaN,NaN,469,269
454,254,NaN,NaN
430,244,NaN,NaN
NaN,NaN,402,221
366,181,NaN,NaN
349,171,453,173
NaN,NaN,337,167
NaN,NaN,330,149
315,147,NaN,NaN
432,147,314,164
329,173,NaN,NaN
NaN,NaN,317,172
NaN,NaN,316,162
NaN,NaN,323,171
315,163,NaN,NaN
NaN,NaN,312,175
307,152,NaN,NaN
NaN,NaN,302,165
311,163,NaN,NaN
NaN,NaN,316,166
NaN,NaN,307,166
317,166,NaN,NaN
NaN,NaN,318,164
314,163,NaN,NaN
NaN,NaN,319,163
318,171,NaN,NaN
321,175,NaN,NaN
310,166,NaN,NaN
318,163,NaN,NaN
317,173,NaN,NaN
NaN,NaN,311,165
315,168,NaN,NaN
322,178,NaN,NaN
316,168,NaN,NaN
307,160,NaN,NaN
315,165,NaN,NaN
NaN,NaN,317,167
NaN,NaN,319,166
NaN,NaN,318,171
NaN,NaN,323,166
NaN,NaN,322,171
NaN,NaN,315,167
320,166,NaN,NaN
319,174,NaN,NaN
322,174,NaN,NaN
NaN,NaN,NaN,NaN
NaN,NaN,NaN,NaN
NaN,NaN,NaN,NaN
NaN,NaN,NaN,NaN
NaN,NaN,338,196
NaN,NaN,NaN,NaN
NaN,NaN,NaN,NaN
NaN,NaN,NaN,NaN
391,271,NaN,NaN
NaN,NaN,405,310
426,349,NaN,NaN
NaN,NaN,437,358
452,404,NaN,NaN
430,397,NaN,NaN
448,416,NaN,NaN
427,411,NaN,NaN
422,415,NaN,NaN
433,418,NaN,NaN
NaN,NaN,433,418
429,420,NaN,NaN
430,415,NaN,NaN
NaN,NaN,423,416
NaN,NaN,426,416
NaN,NaN,420,410
418,408,NaN,NaN
NaN,NaN,423,410
NaN,NaN,417,416
419,412,NaN,NaN
NaN,NaN,422,412
NaN,NaN,418,412
NaN,NaN,426,420
NaN,NaN,423,419
NaN,NaN,418,413
NaN,NaN,417,411
431,420,NaN,NaN
NaN,NaN,419,388
450,409,NaN,NaN
381,316,NaN,NaN
NaN,NaN,NaN,NaN
NaN,NaN,398,296
NaN,NaN,399,283
NaN,NaN,394,260
NaN,NaN,402,239
391,236,NaN,NaN
NaN,NaN,NaN,NaN
427,175,NaN,NaN
339,165,439,169
332,143,436,163
439,150,334,148
412,178,NaN,NaN
436,158,335,147
NaN,NaN,339,154
343,147,NaN,NaN
NaN,NaN,345,152
414,166,NaN,NaN
NaN,NaN,338,140
345,151,NaN,NaN
421,164,NaN,NaN
NaN,NaN,354,147
359,158,NaN,NaN
360,155,NaN,NaN
359,151,NaN,NaN
NaN,NaN,362,157
419,179,NaN,NaN
365,151,NaN,NaN
NaN,NaN,367,163
423,167,NaN,NaN
NaN,NaN,371,164
NaN,NaN,367,177
369,162,NaN,NaN
361,169,NaN,NaN
NaN,NaN,439,168
439,166,NaN,NaN
417,182,NaN,NaN
421,169,NaN,NaN
435,172,NaN,NaN
429,173,NaN,NaN
NaN,NaN,418,170
439,167,NaN,NaN
NaN,NaN,364,160
NaN,NaN,NaN,NaN
NaN,NaN,423,177
431,184,NaN,NaN
431,175,NaN,NaN
NaN,NaN,432,184
NaN,NaN,433,182
NaN,NaN,432,179
432,187,NaN,NaN
431,166,NaN,NaN
435,177,NaN,NaN
NaN,NaN,434,179
404,193,NaN,NaN
NaN,NaN,408,188
NaN,NaN,415,191
403,193,NaN,NaN
NaN,NaN,NaN,NaN
NaN,NaN,NaN,NaN
NaN,NaN,NaN,NaN
NaN,NaN,NaN,NaN
NaN,NaN,NaN,NaN
NaN,NaN,NaN,NaN
NaN,NaN,NaN,NaN
NaN,NaN,395,193
398,203,NaN,NaN
NaN,NaN,414,192
NaN,NaN,412,189
350,120,415,192
411,179,NaN,NaN
413,179,NaN,NaN
359,151,NaN,NaN
NaN,NaN,360,166
NaN,NaN,357,154
359,153,NaN,NaN
NaN,NaN,NaN,NaN
NaN,NaN,NaN,NaN
NaN,NaN,NaN,NaN
NaN,NaN,NaN,NaN
NaN,NaN,NaN,NaN
NaN,NaN,NaN,NaN
NaN,NaN,NaN,NaN
NaN,NaN,NaN,NaN
NaN,NaN,NaN,NaN
NaN,NaN,NaN,NaN
NaN,NaN,420,182
NaN,NaN,433,171
431,179,NaN,NaN
NaN,NaN,427,169
NaN,NaN,NaN,NaN
NaN,NaN,413,194
NaN,NaN,NaN,NaN
NaN,NaN,NaN,NaN
NaN,NaN,410,195
NaN,NaN,NaN,NaN
NaN,NaN,NaN,NaN
NaN,NaN,NaN,NaN
NaN,NaN,NaN,NaN
NaN,NaN,NaN,NaN
NaN,NaN,NaN,NaN
NaN,NaN,NaN,NaN
NaN,NaN,NaN,NaN
NaN,NaN,NaN,NaN
NaN,NaN,351,139
413,183,NaN,NaN
412,180,NaN,NaN
441,159,NaN,NaN
NaN,NaN,NaN,NaN
NaN,NaN,NaN,NaN
NaN,NaN,NaN,NaN
NaN,NaN,NaN,NaN
362,155,NaN,NaN
361,138,NaN,NaN
428,166,NaN,NaN
NaN,NaN,430,165
NaN,NaN,438,163
417,155,NaN,NaN
NaN,NaN,NaN,NaN
425,154,NaN,NaN
NaN,NaN,NaN,NaN
NaN,NaN,361,164
421,175,NaN,NaN
NaN,NaN,439,158
NaN,NaN,339,137
365,165,NaN,NaN
NaN,NaN,NaN,NaN
348,149,NaN,NaN
NaN,NaN,NaN,NaN
NaN,NaN,NaN,NaN
NaN,NaN,NaN,NaN
NaN,NaN,343,141
340,137,NaN,NaN
NaN,NaN,NaN,NaN
NaN,NaN,NaN,NaN
NaN,NaN,346,143
343,150,NaN,NaN
NaN,NaN,338,139
NaN,NaN,346,137
NaN,NaN,346,139
339,128,NaN,NaN
NaN,NaN,340,139
346,128,NaN,NaN
NaN,NaN,347,144
334,146,NaN,NaN
345,144,NaN,NaN
342,132,NaN,NaN
NaN,NaN,346,133
NaN,NaN,344,156
342,140,NaN,NaN
340,135,NaN,NaN
343,141,NaN,NaN
NaN,NaN,341,137
433,159,334,128
NaN,NaN,343,139
421,143,NaN,NaN
343,152,NaN,NaN
NaN,NaN,NaN,NaN
344,139,NaN,NaN
346,150,NaN,NaN
334,132,435,163
NaN,NaN,NaN,NaN
NaN,NaN,NaN,NaN
NaN,NaN,NaN,NaN
NaN,NaN,NaN,NaN
341,136,NaN,NaN
NaN,NaN,344,151
343,141,NaN,NaN
NaN,NaN,344,134
NaN,NaN,347,139
NaN,NaN,345,143
NaN,NaN,NaN,NaN
NaN,NaN,NaN,NaN
NaN,NaN,353,157
343,137,NaN,NaN
NaN,NaN,340,128
NaN,NaN,345,131
NaN,NaN,343,127
NaN,NaN,348,136
341,137,NaN,NaN
NaN,NaN,334,135
NaN,NaN,342,144
344,153,NaN,NaN
337,139,NaN,NaN
NaN,NaN,337,142
NaN,NaN,340,143
347,143,NaN,NaN
341,144,NaN,NaN
NaN,NaN,351,136
344,140,NaN,NaN
349,131,NaN,NaN
342,140,447,153
449,143,349,145
NaN,NaN,NaN,NaN
445,142,NaN,NaN
NaN,NaN,445,154
446,142,NaN,NaN
NaN,NaN,445,138
445,143,NaN,NaN
NaN,NaN,445,142
444,134,345,144
NaN,NaN,348,154
NaN,NaN,347,145
NaN,NaN,430,128
NaN,NaN,346,151
342,142,443,135
431,135,325,133
NaN,NaN,341,144
342,135,NaN,NaN
NaN,NaN,343,125
348,126,NaN,NaN
343,130,NaN,NaN
433,135,329,120
NaN,NaN,331,118
NaN,NaN,351,137
NaN,NaN,346,131
437,119,342,129
433,123,330,105
331,119,433,123
330,96,NaN,NaN
NaN,NaN,330,91
333,82,NaN,NaN
NaN,NaN,333,74
329,77,NaN,NaN
336,72,NaN,NaN
NaN,NaN,343,91
423,123,327,72
437,121,333,76
436,125,337,81
338,70,NaN,NaN
333,76,NaN,NaN
326,78,426,124
322,76,417,116
423,121,322,74
316,68,416,117
322,68,418,119
NaN,NaN,332,72
331,73,NaN,NaN
333,78,NaN,NaN
327,74,NaN,NaN
NaN,NaN,333,70
322,80,NaN,NaN
319,80,NaN,NaN
315,77,NaN,NaN
NaN,NaN,313,82
316,70,NaN,NaN
NaN,NaN,315,63
378,123,289,67
393,110,298,72
NaN,NaN,306,63
NaN,NaN,311,63
NaN,NaN,320,84
306,70,NaN,NaN
315,80,NaN,NaN
NaN,NaN,305,90
NaN,NaN,312,92
298,83,NaN,NaN
386,114,285,82
386,138,285,93
279,111,376,134
292,134,NaN,NaN
374,132,275,159
371,133,NaN,NaN
NaN,NaN,NaN,NaN
NaN,NaN,NaN,NaN
NaN,NaN,NaN,NaN
NaN,NaN,NaN,NaN
NaN,NaN,NaN,NaN
NaN,NaN,NaN,NaN
NaN,NaN,NaN,NaN
NaN,NaN,NaN,NaN
NaN,NaN,319,395
NaN,NaN,NaN,NaN
310,391,NaN,NaN
309,394,NaN,NaN
NaN,NaN,311,395
314,391,NaN,NaN
NaN,NaN,306,396
NaN,NaN,312,398
315,401,NaN,NaN
307,395,NaN,NaN
NaN,NaN,310,384
NaN,NaN,NaN,NaN
NaN,NaN,NaN,NaN
NaN,NaN,NaN,NaN
371,148,299,293
369,143,293,258
382,129,309,238
370,151,NaN,NaN
NaN,NaN,371,150
371,151,NaN,NaN
NaN,NaN,357,148
362,146,262,145
NaN,NaN,350,132
347,136,NaN,NaN
249,112,349,148
NaN,NaN,342,138
255,110,355,153
252,108,351,142
351,134,251,100
260,111,361,147
345,127,246,101
264,98,NaN,NaN
250,92,350,141
247,103,350,136
358,145,253,101
354,151,255,89
355,139,254,106
244,106,344,141
344,139,245,112
NaN,NaN,338,143
343,151,NaN,NaN
NaN,NaN,252,123
NaN,NaN,338,150
354,146,255,120
NaN,NaN,349,143
NaN,NaN,340,154
345,154,NaN,NaN
339,133,NaN,NaN
347,140,241,98
233,94,332,133
242,97,347,142
349,143,244,102
349,127,248,82
243,89,344,122
248,75,343,138
267,82,368,107
255,69,353,134
267,61,350,130
370,113,270,74
276,78,375,115
260,65,362,121
276,74,NaN,NaN
365,119,269,77
276,67,373,123
368,118,269,76
262,63,361,123
278,76,NaN,NaN
282,75,NaN,NaN
277,68,NaN,NaN
NaN,NaN,274,63
358,130,275,65
NaN,NaN,280,68
272,66,356,128
354,129,279,64
358,123,267,72
281,67,358,126
356,131,267,75
286,74,NaN,NaN
351,146,280,61
362,144,276,74
282,77,NaN,NaN
279,74,389,99
285,91,408,88
265,77,411,72
269,90,430,62
419,62,271,97
272,102,422,70
432,74,282,105
276,110,430,86
418,96,273,103
264,102,420,113
268,117,428,116
397,128,280,125
412,120,274,115
394,131,284,119
287,139,388,138
283,126,385,133
383,152,276,129
368,153,264,120
383,139,281,128
384,125,281,133
379,157,273,130
266,130,385,130
263,122,367,139
258,115,362,152
266,126,370,152
373,150,273,137
263,130,362,145
262,129,368,146
266,115,364,150
365,138,265,130
364,166,265,121
364,150,260,120
273,116,374,154
277,128,378,143
264,109,365,137
270,114,371,148
260,120,361,133
365,143,264,110
264,109,365,133
361,139,261,102
365,147,262,112
265,114,364,137
368,134,263,131
366,146,266,123
263,111,367,138
273,120,378,138
370,136,272,119
264,115,373,134
263,125,372,132
260,135,NaN,NaN
236,142,NaN,NaN
215,146,NaN,NaN
NaN,NaN,NaN,NaN
NaN,NaN,NaN,NaN
NaN,NaN,NaN,NaN
NaN,NaN,123,333
NaN,NaN,105,339
82,354,NaN,NaN
NaN,NaN,81,362
69,379,NaN,NaN
NaN,NaN,79,376
NaN,NaN,67,387
67,395,NaN,NaN
69,407,NaN,NaN
NaN,NaN,77,389
74,398,NaN,NaN
NaN,NaN,64,412
NaN,NaN,79,393
NaN,NaN,74,400
366,138,64,409
73,395,NaN,NaN
NaN,NaN,85,385
72,395,372,121
67,400,372,122
NaN,NaN,79,381
NaN,NaN,76,379
69,374,NaN,NaN
NaN,NaN,61,370
73,358,NaN,NaN
104,355,NaN,NaN
NaN,NaN,119,366
NaN,NaN,NaN,NaN
NaN,NaN,NaN,NaN
NaN,NaN,NaN,NaN
215,161,369,137
379,133,233,138
241,117,341,143
NaN,NaN,265,114
258,114,365,118
353,145,244,112
248,106,349,155
266,103,371,126
368,160,262,110
247,100,352,154
367,158,270,113
368,157,268,118
361,131,255,107
271,117,NaN,NaN
358,131,255,109
264,112,369,133
367,128,266,110
250,111,353,146
263,111,364,137
259,118,366,136
356,149,252,110
370,139,258,110
271,113,374,139
NaN,NaN,273,125
368,133,267,121
NaN,NaN,275,112
NaN,NaN,268,107
NaN,NaN,265,121
NaN,NaN,269,130
NaN,NaN,252,111
NaN,NaN,265,126
241,112,NaN,NaN
242,99,NaN,NaN
245,108,NaN,NaN
341,147,247,111
335,160,237,102
NaN,NaN,239,109
NaN,NaN,253,104
239,110,NaN,NaN
238,102,NaN,NaN
245,116,NaN,NaN
NaN,NaN,244,111
NaN,NaN,235,107
245,108,341,157
247,123,NaN,NaN
NaN,NaN,321,169
324,194,NaN,NaN
NaN,NaN,326,192
NaN,NaN,305,184
348,237,NaN,NaN
NaN,NaN,361,246
377,275,NaN,NaN
NaN,NaN,394,310
NaN,NaN,409,346
426,371,NaN,NaN
NaN,NaN,420,389
NaN,NaN,433,411
NaN,NaN,419,420
NaN,NaN,430,414
NaN,NaN,418,413
429,418,NaN,NaN
NaN,NaN,419,420
357,105,416,413
387,123,419,412
427,417,380,117
380,120,422,417
410,419,379,121
420,420,387,115
412,416,359,120
419,414,383,113
411,413,381,117
379,123,419,420
417,416,383,125
416,410,NaN,NaN
429,411,363,118
NaN,NaN,417,411
404,390,NaN,NaN
NaN,NaN,391,356
396,352,NaN,NaN
382,307,NaN,NaN
366,283,NaN,NaN
NaN,NaN,349,248
NaN,NaN,339,228
NaN,NaN,308,172
294,152,NaN,NaN
NaN,NaN,291,121
NaN,NaN,278,102
NaN,NaN,276,95
255,75,NaN,NaN
257,81,NaN,NaN
231,65,NaN,NaN
NaN,NaN,258,89
NaN,NaN,257,82
NaN,NaN,251,74
NaN,NaN,252,74
NaN,NaN,250,78
265,75,NaN,NaN
NaN,NaN,255,68
NaN,NaN,261,76
255,71,NaN,NaN
NaN,NaN,251,69
NaN,NaN,256,74
251,66,NaN,NaN
253,72,NaN,NaN
255,62,NaN,NaN
NaN,NaN,259,65
271,73,NaN,NaN
270,67,NaN,NaN
253,65,NaN,NaN
254,64,NaN,NaN
266,77,NaN,NaN
NaN,NaN,261,63
257,67,NaN,NaN
260,74,NaN,NaN
284,75,NaN,NaN
268,84,NaN,NaN
NaN,NaN,NaN,NaN
279,81,NaN,NaN
NaN,NaN,350,146
358,153,NaN,NaN
359,151,NaN,NaN
289,74,360,157
359,159,288,68
279,63,358,155
361,143,284,74
366,141,284,74
285,81,369,139
365,143,284,81
285,74,375,147
371,144,292,81
281,77,380,141
390,132,293,95
291,78,372,146
NaN,NaN,369,140
367,150,294,79
NaN,NaN,367,135
289,85,389,125
NaN,NaN,376,127
368,124,NaN,NaN
310,128,NaN,NaN
NaN,NaN,312,108
313,137,NaN,NaN
NaN,NaN,319,115
315,122,NaN,NaN
NaN,NaN,NaN,NaN
310,102,NaN,NaN
361,150,300,76
374,142,290,78
NaN,NaN,368,134
370,137,NaN,NaN
NaN,NaN,365,145
369,138,NaN,NaN
386,141,293,95
NaN,NaN,361,145
NaN,NaN,311,114
NaN,NaN,313,99
357,124,NaN,NaN
310,131,NaN,NaN
NaN,NaN,NaN,NaN
NaN,NaN,NaN,NaN
NaN,NaN,295,107
386,129,NaN,NaN
NaN,NaN,380,143
287,84,379,140
301,71,366,150
NaN,NaN,382,126
NaN,NaN,310,104
NaN,NaN,306,93
307,98,NaN,NaN
386,118,289,76
290,81,390,123
291,84,NaN,NaN
NaN,NaN,292,82
290,82,382,121
280,70,376,120
NaN,NaN,295,93
NaN,NaN,302,72
293,93,NaN,NaN
299,91,NaN,NaN
291,80,NaN,NaN
295,87,NaN,NaN
NaN,NaN,289,95
295,94,NaN,NaN
294,103,NaN,NaN
272,80,367,117
295,93,NaN,NaN
NaN,NaN,289,101
294,99,NaN,NaN
288,95,NaN,NaN
263,80,364,116
365,113,269,72
272,71,369,119
362,118,264,67
281,80,387,128
288,94,NaN,NaN
267,74,363,118
NaN,NaN,290,75
NaN,NaN,287,78
283,78,NaN,NaN
283,85,NaN,NaN
262,84,363,123
NaN,NaN,287,94
272,88,370,120
357,149,262,82
265,80,NaN,NaN
264,82,358,157
283,108,NaN,NaN
279,105,NaN,NaN
274,98,NaN,NaN
NaN,NaN,281,113
NaN,NaN,274,94
274,92,383,134
NaN,NaN,288,105
261,82,NaN,NaN
288,102,NaN,NaN
277,94,NaN,NaN
NaN,NaN,281,99
NaN,NaN,280,85
NaN,NaN,279,96
274,77,NaN,NaN
NaN,NaN,281,91
277,81,NaN,NaN
355,151,261,80
NaN,NaN,276,90
NaN,NaN,279,97
248,87,NaN,NaN
NaN,NaN,273,87
278,92,NaN,NaN
NaN,NaN,277,88
NaN,NaN,256,72
NaN,NaN,268,97
NaN,NaN,270,91
344,139,247,71
NaN,NaN,253,74
NaN,NaN,247,79
NaN,NaN,252,91
NaN,NaN,254,66
261,66,NaN,NaN
254,89,NaN,NaN
NaN,NaN,269,77
255,72,NaN,NaN
247,62,340,98
331,97,233,67
243,67,340,82
250,75,352,85
257,65,351,83
268,65,NaN,NaN
355,65,254,71
254,62,347,78
278,69,NaN,NaN
364,100,265,61
367,101,262,67
367,103,266,75
254,87,354,86
270,77,NaN,NaN
275,91,NaN,NaN
285,77,NaN,NaN
NaN,NaN,274,84
NaN,NaN,284,84
268,93,NaN,NaN
249,98,349,104
249,86,351,105
281,107,NaN,NaN
277,95,382,79
NaN,NaN,279,91
NaN,NaN,277,92
NaN,NaN,274,96
282,90,380,81
278,84,378,91
281,88,NaN,NaN
277,95,NaN,NaN
NaN,NaN,285,101
378,100,276,109
282,100,NaN,NaN
282,105,NaN,NaN
284,105,NaN,NaN
287,100,NaN,NaN
NaN,NaN,284,98
281,96,NaN,NaN
274,91,375,82
375,73,278,90
280,83,381,92
285,86,384,95
NaN,NaN,283,97
279,104,NaN,NaN
287,112,NaN,NaN
286,91,NaN,NaN
375,102,275,104
279,96,380,101
279,105,NaN,NaN
379,97,282,97
NaN,NaN,293,109
282,110,NaN,NaN
282,93,NaN,NaN
376,101,278,103
NaN,NaN,295,101
293,104,NaN,NaN
NaN,NaN,277,106
281,110,NaN,NaN
NaN,NaN,278,97
NaN,NaN,283,108
NaN,NaN,291,103
284,99,NaN,NaN
284,93,NaN,NaN
NaN,NaN,279,89
NaN,NaN,284,96
NaN,NaN,281,92
NaN,NaN,283,97
NaN,NaN,281,91
288,108,NaN,NaN
NaN,NaN,290,102
NaN,NaN,281,105
NaN,NaN,285,107
NaN,NaN,287,108
281,107,383,110
379,101,278,97
277,107,376,127
NaN,NaN,282,127
NaN,NaN,277,117
365,114,265,92
NaN,NaN,277,110
257,112,NaN,NaN
NaN,NaN,256,98
259,97,NaN,NaN
NaN,NaN,265,99
NaN,NaN,270,99
NaN,NaN,273,97
269,98,368,130
279,95,383,125
284,96,387,129
384,118,286,87
367,134,271,83
273,80,373,129
283,78,380,117
271,81,367,112
283,84,385,95
386,111,284,79
280,79,380,100
274,89,378,77
NaN,NaN,293,91
289,96,NaN,NaN
273,116,NaN,NaN
NaN,NaN,286,98
NaN,NaN,282,95
282,110,NaN,NaN
NaN,NaN,288,115
277,108,399,61
275,95,397,64
256,101,NaN,NaN
259,104,NaN,NaN
293,128,NaN,NaN
236,65,304,120
301,124,232,61
285,105,444,65
280,96,444,71
423,74,272,104
419,95,265,82
265,82,430,106
275,98,429,104
256,84,433,117
433,123,254,90
432,117,254,96
438,122,250,92
437,116,242,80
250,71,418,131
246,90,431,122
242,79,433,119
442,119,250,70
244,74,435,130
254,89,422,142
255,79,438,123
256,80,430,148
256,90,448,121
255,86,450,111
444,131,257,99
246,94,452,127
446,126,233,94
230,122,423,146
439,134,234,161
225,199,438,136
448,135,222,225
444,124,223,265
222,301,443,133
436,132,210,328
219,362,432,139
211,368,446,136
424,146,211,380
439,129,211,400
215,403,439,129
210,396,426,135
218,400,425,139
210,401,431,153
432,129,218,406
219,404,428,131
417,144,214,404
218,404,434,128
219,411,424,147
209,412,421,137
423,141,215,406
214,405,423,147
439,118,211,410
421,154,215,409
431,129,202,402
422,138,200,390
439,119,191,366
433,131,185,345
205,319,424,143
NaN,NaN,431,126
418,138,NaN,NaN
411,138,227,144
237,102,417,136
262,85,403,134
274,67,429,109
308,65,424,118
314,64,435,109
314,67,422,93
426,82,322,62
NaN,NaN,NaN,NaN
NaN,NaN,NaN,NaN
NaN,NaN,NaN,NaN
NaN,NaN,NaN,NaN
NaN,NaN,NaN,NaN
NaN,NaN,NaN,NaN
NaN,NaN,NaN,NaN
NaN,NaN,NaN,NaN
NaN,NaN,NaN,NaN
NaN,NaN,NaN,NaN
NaN,NaN,NaN,NaN
NaN,NaN,NaN,NaN
NaN,NaN,NaN,NaN
NaN,NaN,NaN,NaN
NaN,NaN,NaN,NaN
NaN,NaN,NaN,NaN
NaN,NaN,NaN,NaN
NaN,NaN,NaN,NaN
NaN,NaN,NaN,NaN
NaN,NaN,NaN,NaN
NaN,NaN,NaN,NaN
NaN,NaN,NaN,NaN
NaN,NaN,NaN,NaN
NaN,NaN,NaN,NaN
NaN,NaN,NaN,NaN
NaN,NaN,NaN,NaN
NaN,NaN,NaN,NaN
NaN,NaN,NaN,NaN
NaN,NaN,NaN,NaN
NaN,NaN,NaN,NaN
NaN,NaN,NaN,NaN
NaN,NaN,NaN,NaN
NaN,NaN,NaN,NaN
NaN,NaN,NaN,NaN
NaN,NaN,NaN,NaN
NaN,NaN,NaN,NaN
NaN,NaN,NaN,NaN
NaN,NaN,NaN,NaN
NaN,NaN,NaN,NaN
NaN,NaN,NaN,NaN
NaN,NaN,NaN,NaN
NaN,NaN,NaN,NaN
NaN,NaN,NaN,NaN
NaN,NaN,NaN,NaN
NaN,NaN,NaN,NaN
NaN,NaN,NaN,NaN
NaN,NaN,NaN,NaN
NaN,NaN,NaN,NaN
NaN,NaN,NaN,NaN
NaN,NaN,NaN,NaN
NaN,NaN,NaN,NaN
NaN,NaN,NaN,NaN
NaN,NaN,NaN,NaN
NaN,NaN,NaN,NaN
NaN,NaN,NaN,NaN
NaN,NaN,NaN,NaN
NaN,NaN,NaN,NaN
NaN,NaN,NaN,NaN
NaN,NaN,NaN,NaN
NaN,NaN,NaN,NaN
NaN,NaN,NaN,NaN
NaN,NaN,NaN,NaN
NaN,NaN,NaN,NaN
NaN,NaN,NaN,NaN
NaN,NaN,NaN,NaN
NaN,NaN,NaN,NaN
NaN,NaN,NaN,NaN
NaN,NaN,NaN,NaN
NaN,NaN,NaN,NaN
NaN,NaN,NaN,NaN
NaN,NaN,NaN,NaN
NaN,NaN,NaN,NaN
NaN,NaN,NaN,NaN
NaN,NaN,NaN,NaN
NaN,NaN,NaN,NaN
NaN,NaN,NaN,NaN
NaN,NaN,NaN,NaN
NaN,NaN,NaN,NaN
NaN,NaN,NaN,NaN
NaN,NaN,NaN,NaN
NaN,NaN,NaN,NaN
NaN,NaN,NaN,NaN
NaN,NaN,NaN,NaN
NaN,NaN,NaN,NaN
NaN,NaN,NaN,NaN
NaN,NaN,NaN,NaN
NaN,NaN,NaN,NaN
NaN,NaN,NaN,NaN
NaN,NaN,NaN,NaN
NaN,NaN,NaN,NaN
NaN,NaN,NaN,NaN
NaN,NaN,NaN,NaN
NaN,NaN,NaN,NaN
NaN,NaN,NaN,NaN
NaN,NaN,NaN,NaN
NaN,NaN,NaN,NaN
NaN,NaN,NaN,NaN
NaN,NaN,NaN,NaN
NaN,NaN,NaN,NaN
NaN,NaN,NaN,NaN
NaN,NaN,NaN,NaN
NaN,NaN,NaN,NaN
NaN,NaN,NaN,NaN
NaN,NaN,NaN,NaN
NaN,NaN,NaN,NaN
NaN,NaN,NaN,NaN
NaN,NaN,NaN,NaN
NaN,NaN,NaN,NaN
NaN,NaN,NaN,NaN
NaN,NaN,NaN,NaN
NaN,NaN,NaN,NaN
NaN,NaN,NaN,NaN
NaN,NaN,NaN,NaN
NaN,NaN,NaN,NaN
NaN,NaN,NaN,NaN
NaN,NaN,NaN,NaN
NaN,NaN,NaN,NaN
506,71,NaN,NaN
503,76,NaN,NaN
496,75,273,61
521,73,273,61
499,68,267,61
505,70,271,62
501,70,NaN,NaN
279,68,497,68
499,63,NaN,NaN
505,66,268,63
258,71,512,71
516,79,271,68
508,63,275,66
277,65,NaN,NaN
282,64,NaN,NaN
279,72,NaN,NaN
447,64,285,68
NaN,NaN,287,68
410,87,295,74
294,72,411,86
402,110,300,75
299,76,392,106
395,106,295,73
407,91,305,80
302,89,402,97
387,117,285,73
287,73,391,106
389,111,299,79
288,94,389,119
393,112,300,80
388,106,287,80
292,86,396,105
289,89,394,118
296,81,397,101
298,91,396,110
398,107,299,95
294,83,395,103
284,71,386,106
296,83,398,100
401,102,299,93
389,120,291,95
388,118,289,93
385,123,288,83
302,86,404,102
294,78,390,117
394,118,296,89
291,93,385,111
286,84,386,110
389,119,289,83
403,108,302,101
294,91,393,120
387,120,289,102
393,110,295,117
288,110,388,123
387,120,289,105
399,112,299,106
291,116,391,126
293,129,396,107
389,124,289,119
387,113,282,120
292,120,396,113
389,108,289,117
396,109,296,117
399,111,301,124
298,121,400,106
290,126,390,115
392,113,290,124
290,126,397,107
289,122,395,119
394,106,294,129
392,107,288,118
395,113,288,120
388,118,286,128
388,114,288,126
394,114,291,134
382,117,279,123
384,120,280,121
379,122,278,122
292,124,394,112
291,129,391,123
380,113,280,126
389,115,289,111
391,119,289,130
287,107,388,117
284,115,390,107
390,120,287,126
284,118,389,97
385,110,276,110
386,110,282,120
277,119,386,109
389,119,282,109
390,114,274,99
397,105,272,111
273,109,390,119
262,91,402,107
243,87,393,106
392,109,240,85
246,78,403,110
405,118,234,82
236,82,423,99
230,80,428,102
233,77,445,110
228,71,NaN,NaN
NaN,NaN,229,63
457,137,219,73
228,77,448,138
244,62,NaN,NaN
463,140,237,68
463,138,233,77
238,72,464,128
245,69,462,132
463,140,239,89
236,72,460,132
469,126,236,73
467,137,242,91
462,138,236,75
237,75,488,111
241,69,489,110
501,104,244,70
241,62,508,98
240,86,511,97
240,83,516,83
519,86,242,70
515,83,239,76
508,75,244,95
514,79,239,71
517,75,242,82
244,69,512,78
238,76,519,74
244,63,513,77
507,79,241,68
240,74,504,76
238,78,501,82
505,78,244,65
504,72,239,70
518,75,232,75
512,74,237,61
243,67,504,91
241,65,502,77
233,74,515,76
235,69,511,81
227,69,511,80
495,80,243,68
514,84,237,62
234,69,505,78
241,91,496,80
236,65,512,82
508,84,240,61
504,81,240,88
236,74,508,81
232,67,494,85
506,80,236,75
503,79,234,69
501,88,243,65
504,94,238,80
242,65,509,78
233,76,496,83
247,64,504,87
236,75,508,83
240,92,498,78
238,85,499,85
234,86,510,80
503,77,229,75
237,87,504,81
496,90,238,78
509,79,237,67
236,67,495,93
491,85,236,74
507,81,238,82
249,66,499,74
496,71,238,66
230,73,498,72
495,73,236,92
236,85,490,86
238,68,508,79
487,82,235,72
236,79,495,76
503,78,236,80
236,64,493,74
504,78,232,68
506,80,239,72
500,79,244,61
508,77,238,76
238,69,506,78
238,71,494,94
238,72,512,82
507,86,234,70
233,75,502,85
238,94,507,79
238,76,500,77
242,70,499,74
244,63,503,84
230,64,503,82
506,86,240,68
506,94,237,74
232,67,506,91
242,67,512,76
511,91,236,90
238,77,516,88
233,85,516,91
239,69,504,86
510,87,232,76
518,94,238,76
511,84,242,69
235,84,505,85
517,81,243,68
232,81,515,95
515,92,237,75
237,69,509,87
237,76,517,85
503,88,236,76
238,69,501,90
238,71,513,91
514,93,234,77
235,83,515,94
NaN,NaN,234,82
NaN,NaN,240,73
NaN,NaN,236,78
NaN,NaN,234,70
NaN,NaN,244,67
NaN,NaN,241,73
NaN,NaN,237,85
238,93,NaN,NaN
NaN,NaN,241,70
241,66,NaN,NaN
NaN,NaN,235,84
NaN,NaN,235,78
238,87,NaN,NaN
244,71,NaN,NaN
NaN,NaN,238,82
234,71,NaN,NaN
NaN,NaN,237,67
239,90,506,89
519,94,243,72
509,90,237,75
235,71,517,86
238,81,525,98
235,72,523,96
238,90,NaN,NaN
240,68,NaN,NaN
NaN,NaN,237,84
NaN,NaN,239,77
236,74,NaN,NaN
NaN,NaN,243,70
240,69,NaN,NaN
NaN,NaN,239,72
NaN,NaN,239,68
NaN,NaN,240,75
NaN,NaN,243,70
237,81,NaN,NaN
245,72,NaN,NaN
NaN,NaN,243,71
NaN,NaN,240,73
239,76,531,96
539,111,238,83
551,92,236,83
572,94,245,71
242,72,580,95
585,97,233,76
238,71,589,100
NaN,NaN,229,71
236,64,NaN,NaN
NaN,NaN,246,67
NaN,NaN,236,77
NaN,NaN,238,98
240,69,NaN,NaN
233,76,NaN,NaN
236,88,NaN,NaN
NaN,NaN,237,64
NaN,NaN,235,65
239,66,NaN,NaN
NaN,NaN,235,89
239,92,NaN,NaN
230,61,NaN,NaN
246,65,NaN,NaN
234,73,NaN,NaN
NaN,NaN,243,70
239,73,NaN,NaN
NaN,NaN,238,68
NaN,NaN,238,67
NaN,NaN,239,82
NaN,NaN,231,81
242,73,NaN,NaN
NaN,NaN,238,82
NaN,NaN,249,70
NaN,NaN,228,65
231,72,NaN,NaN
237,90,NaN,NaN
NaN,NaN,240,89
590,91,235,89
234,65,590,97
588,114,249,68
572,112,243,69
240,66,567,101
550,102,243,67
240,90,542,103
538,97,238,79
237,69,520,106
239,71,522,96
239,72,505,114
506,89,236,88
508,76,238,71
487,80,234,68
235,75,482,92
476,95,234,92
464,85,227,88
446,76,227,75
223,83,437,99
432,83,222,84
218,64,413,81
220,84,408,75
392,64,213,63
389,76,226,73
241,64,396,70
371,73,249,61
264,66,386,68
381,78,271,66
259,75,358,78
265,79,383,71
372,66,257,76
385,67,250,69
364,61,256,69
278,73,392,65
393,64,280,70
365,64,257,67
389,69,266,70
268,78,376,64
379,62,258,75
254,61,387,67
378,63,271,68
257,71,389,72
411,84,254,75
229,61,403,91
222,76,426,88
226,64,432,108
441,117,217,71
211,79,435,136
NaN,NaN,212,78
433,137,206,80
206,87,441,132
204,79,438,136
205,89,452,108
441,106,205,84
439,110,198,88
199,91,440,110
446,117,195,89
438,108,195,96
442,110,193,79
452,115,195,90
195,94,447,121
444,135,196,95
453,126,194,97
460,113,194,95
NaN,NaN,192,95
NaN,NaN,194,97
194,89,NaN,NaN
NaN,NaN,199,93
498,104,193,99
513,74,196,99
500,72,193,96
498,68,200,103
498,77,199,97
205,96,485,69
485,71,193,99
478,69,193,91
193,92,481,72
481,74,195,97
479,68,200,105
482,77,195,97
192,100,470,73
480,75,203,90
476,74,193,83
197,104,475,75
477,67,203,102
483,77,196,102
472,75,196,95
192,89,468,75
480,69,194,95
198,100,465,66
478,70,197,96
479,70,193,101
198,96,484,61
491,65,198,88
492,65,195,95
505,63,197,89
499,68,192,84
192,76,508,64
188,69,504,62
496,64,201,61
NaN,NaN,NaN,NaN
NaN,NaN,NaN,NaN
NaN,NaN,NaN,NaN
NaN,NaN,NaN,NaN
NaN,NaN,NaN,NaN
NaN,NaN,NaN,NaN
NaN,NaN,NaN,NaN
NaN,NaN,NaN,NaN
NaN,NaN,NaN,NaN
NaN,NaN,NaN,NaN
NaN,NaN,NaN,NaN
NaN,NaN,NaN,NaN
NaN,NaN,NaN,NaN
NaN,NaN,NaN,NaN
NaN,NaN,NaN,NaN
NaN,NaN,NaN,NaN
NaN,NaN,NaN,NaN
NaN,NaN,NaN,NaN
NaN,NaN,NaN,NaN
NaN,NaN,NaN,NaN
NaN,NaN,NaN,NaN
NaN,NaN,NaN,NaN
NaN,NaN,NaN,NaN
NaN,NaN,NaN,NaN
NaN,NaN,NaN,NaN
NaN,NaN,NaN,NaN
NaN,NaN,NaN,NaN
NaN,NaN,NaN,NaN
NaN,NaN,NaN,NaN
NaN,NaN,NaN,NaN
NaN,NaN,NaN,NaN
NaN,NaN,NaN,NaN
NaN,NaN,NaN,NaN
NaN,NaN,NaN,NaN
NaN,NaN,NaN,NaN
NaN,NaN,NaN,NaN
NaN,NaN,NaN,NaN
NaN,NaN,NaN,NaN
NaN,NaN,NaN,NaN
NaN,NaN,NaN,NaN
NaN,NaN,NaN,NaN
NaN,NaN,NaN,NaN
NaN,NaN,NaN,NaN
NaN,NaN,NaN,NaN
NaN,NaN,NaN,NaN
NaN,NaN,NaN,NaN
NaN,NaN,NaN,NaN
NaN,NaN,NaN,NaN
NaN,NaN,NaN,NaN
NaN,NaN,NaN,NaN
NaN,NaN,NaN,NaN
NaN,NaN,NaN,NaN
NaN,NaN,NaN,NaN
NaN,NaN,NaN,NaN
NaN,NaN,NaN,NaN
NaN,NaN,NaN,NaN
NaN,NaN,NaN,NaN
NaN,NaN,NaN,NaN
NaN,NaN,NaN,NaN
NaN,NaN,NaN,NaN
NaN,NaN,NaN,NaN
NaN,NaN,NaN,NaN
NaN,NaN,NaN,NaN
NaN,NaN,NaN,NaN
NaN,NaN,NaN,NaN
NaN,NaN,NaN,NaN
NaN,NaN,NaN,NaN
NaN,NaN,NaN,NaN
NaN,NaN,NaN,NaN
NaN,NaN,NaN,NaN
NaN,NaN,NaN,NaN
NaN,NaN,NaN,NaN
NaN,NaN,NaN,NaN
NaN,NaN,NaN,NaN
NaN,NaN,NaN,NaN
NaN,NaN,NaN,NaN
NaN,NaN,NaN,NaN
NaN,NaN,NaN,NaN
NaN,NaN,NaN,NaN
NaN,NaN,NaN,NaN
NaN,NaN,NaN,NaN
NaN,NaN,NaN,NaN
NaN,NaN,NaN,NaN
NaN,NaN,NaN,NaN
NaN,NaN,NaN,NaN
NaN,NaN,NaN,NaN
NaN,NaN,NaN,NaN
NaN,NaN,NaN,NaN
NaN,NaN,NaN,NaN
NaN,NaN,NaN,NaN
NaN,NaN,NaN,NaN
NaN,NaN,NaN,NaN
NaN,NaN,NaN,NaN
NaN,NaN,NaN,NaN
NaN,NaN,NaN,NaN
NaN,NaN,NaN,NaN
NaN,NaN,NaN,NaN
NaN,NaN,NaN,NaN
NaN,NaN,NaN,NaN
NaN,NaN,NaN,NaN
NaN,NaN,NaN,NaN
NaN,NaN,NaN,NaN
NaN,NaN,NaN,NaN
NaN,NaN,NaN,NaN
NaN,NaN,NaN,NaN
NaN,NaN,NaN,NaN
NaN,NaN,NaN,NaN
NaN,NaN,NaN,NaN
NaN,NaN,NaN,NaN
NaN,NaN,NaN,NaN
NaN,NaN,NaN,NaN
NaN,NaN,NaN,NaN
NaN,NaN,NaN,NaN
NaN,NaN,NaN,NaN
NaN,NaN,NaN,NaN
NaN,NaN,NaN,NaN
NaN,NaN,NaN,NaN
NaN,NaN,NaN,NaN
NaN,NaN,NaN,NaN
NaN,NaN,NaN,NaN
NaN,NaN,NaN,NaN
NaN,NaN,NaN,NaN
NaN,NaN,NaN,NaN
203,62,155,91
NaN,NaN,189,73
164,67,NaN,NaN
166,118,199,61
NaN,NaN,202,67
NaN,NaN,204,63
208,61,146,79
209,61,NaN,NaN
198,68,156,96
218,62,150,76
237,62,167,72
171,78,269,64
267,65,187,63
278,61,195,64
288,62,194,69
186,70,286,61
297,64,204,63
278,66,183,70
277,62,178,77
275,68,174,63
271,63,166,79
280,66,183,82
286,64,189,64
278,64,179,84
188,61,275,65
275,61,182,84
186,61,277,63
302,61,201,72
284,64,184,61
292,62,200,71
277,61,187,80
165,76,260,69
220,63,172,78
165,100,229,62
207,62,NaN,NaN
NaN,NaN,217,61
NaN,NaN,222,65
229,62,186,101
NaN,NaN,208,76
220,77,NaN,NaN
226,70,430,85
NaN,NaN,239,74
253,75,NaN,NaN
NaN,NaN,256,76
251,80,432,138
253,68,NaN,NaN
253,73,NaN,NaN
NaN,NaN,250,77
NaN,NaN,256,63
250,72,NaN,NaN
248,67,NaN,NaN
NaN,NaN,246,80
247,88,NaN,NaN
245,76,434,135
NaN,NaN,254,63
NaN,NaN,254,62
NaN,NaN,246,64
249,72,NaN,NaN
