297,232,424,239
433,233,285,224
299,225,424,236
427,238,289,219
292,224,429,240
300,225,431,241
428,232,290,221
428,232,300,227
294,227,424,237
425,235,298,222
434,231,297,232
298,233,420,230
293,228,429,228
312,214,432,239
300,197,424,223
309,203,420,214
305,199,417,215
414,196,309,177
305,157,407,180
294,136,391,159
353,127,NaN,NaN
NaN,NaN,357,122
350,112,NaN,NaN
NaN,NaN,356,112
356,101,NaN,NaN
348,106,NaN,NaN
344,98,NaN,NaN
342,107,NaN,NaN
NaN,NaN,348,99
348,94,NaN,NaN
341,105,NaN,NaN
341,101,NaN,NaN
NaN,NaN,NaN,NaN
NaN,NaN,343,117
NaN,NaN,304,102
NaN,NaN,311,95
NaN,NaN,348,123
NaN,NaN,344,119
340,125,NaN,NaN
NaN,NaN,342,125
339,118,NaN,NaN
351,113,NaN,NaN
NaN,NaN,301,122
376,136,285,124
373,157,275,134
280,132,383,144
397,163,270,145
394,166,267,164
419,182,263,185
260,181,413,178
261,185,420,161
414,185,256,181
255,178,411,183
416,185,269,182
416,179,258,173
257,172,414,179
424,182,259,172
407,183,267,178
416,174,265,175
270,184,420,177
411,176,271,181
410,178,264,183
256,172,412,178
269,178,414,175
410,177,265,178
271,183,411,173
415,172,271,179
262,173,410,192
265,179,429,195
NaN,NaN,266,180
262,178,NaN,NaN
NaN,NaN,266,181
NaN,NaN,266,177
444,207,263,152
261,179,452,228
263,154,455,237
262,176,460,262
470,269,259,161
470,269,260,153
264,180,484,289
260,158,476,294
485,301,259,154
271,179,477,306
258,157,483,322
261,163,480,321
474,310,272,182
263,160,479,312
258,160,480,320
494,328,261,153
481,327,261,165
260,165,492,327
260,162,470,324
478,329,260,173
259,165,471,329
475,331,267,183
486,333,269,184
479,315,260,169
473,328,258,158
494,333,263,165
265,158,490,334
262,160,472,314
266,155,471,330
266,179,473,323
480,331,264,161
267,178,468,336
477,323,257,158
473,327,258,184
479,317,261,161
476,332,259,156
481,317,266,153
459,299,273,181
271,180,458,287
259,166,450,271
434,278,258,169
421,280,263,175
424,333,270,183
265,155,406,296
403,297,260,184
413,328,278,154
280,154,411,304
268,177,416,322
410,338,281,157
264,158,417,324
404,306,261,177
261,172,425,319
431,328,260,152
270,180,431,325
430,356,270,183
273,179,430,333
433,356,262,177
433,356,273,183
423,366,261,153
260,165,424,364
425,364,260,167
421,353,263,155
259,175,416,363
416,352,272,178
408,339,258,156
423,352,260,159
263,161,424,340
259,156,411,334
260,151,412,333
270,182,409,342
414,334,264,179
266,153,415,340
260,155,413,358
262,154,411,328
265,151,417,327
413,327,268,161
262,163,420,344
262,162,415,348
409,330,270,177
270,158,419,326
409,327,265,162
413,325,271,179
433,341,258,165
422,354,275,160
264,155,441,333
441,354,269,153
273,183,427,334
432,339,262,174
261,157,429,304
263,149,403,288
NaN,NaN,254,167
NaN,NaN,264,160
NaN,NaN,259,160
255,157,354,216
250,149,358,213
244,170,345,198
238,165,354,206
252,157,NaN,NaN
246,160,343,212
242,169,NaN,NaN
NaN,NaN,241,163
NaN,NaN,244,161
241,151,NaN,NaN
241,169,NaN,NaN
241,163,338,216
NaN,NaN,245,156
247,157,NaN,NaN
NaN,NaN,251,155
NaN,NaN,244,160
241,163,NaN,NaN
246,154,NaN,NaN
242,158,NaN,NaN
343,216,240,167
239,165,341,214
341,211,244,160
243,154,341,220
245,165,NaN,NaN
249,156,NaN,NaN
245,157,339,208
243,161,337,214
239,151,346,213
341,204,241,167
238,161,346,216
341,212,238,163
NaN,NaN,255,179
251,148,348,208
256,179,NaN,NaN
248,154,348,217
NaN,NaN,247,150
NaN,NaN,260,164
241,169,351,212
259,164,NaN,NaN
363,218,257,184
NaN,NaN,260,163
251,157,NaN,NaN
257,171,NaN,NaN
410,262,254,180
423,282,254,179
419,273,260,168
441,339,258,170
257,157,431,333
247,160,421,335
260,176,424,331
257,160,417,337
416,336,260,172
417,331,258,172
427,352,254,158
250,157,427,322
425,333,262,161
423,334,255,160
256,159,418,323
253,151,425,320
429,324,257,160
426,315,258,159
418,321,242,157
259,177,427,325
248,150,426,319
244,153,416,315
253,153,422,325
259,171,421,313
425,335,261,167
437,327,258,162
428,323,250,156
423,326,244,151
244,151,422,330
434,324,256,181
254,156,430,324
246,153,427,319
420,322,259,156
247,162,418,323
257,160,420,321
426,327,238,163
250,158,413,335
261,163,432,322
430,322,255,153
428,322,248,153
426,349,262,159
415,326,245,154
258,172,412,324
249,162,417,329
420,317,261,155
254,153,418,335
262,169,419,329
258,175,413,338
243,158,416,322
418,324,242,163
418,310,258,155
250,161,432,330
244,168,414,289
242,166,386,255
238,178,384,243
258,188,372,207
254,191,356,197
242,182,345,168
238,197,341,147
349,133,229,240
230,231,351,126
361,129,218,274
349,130,213,293
223,276,344,131
356,148,227,302
350,129,223,305
227,308,339,139
220,315,349,141
353,126,228,307
214,300,340,135
217,304,355,138
220,299,344,141
227,295,351,133
221,319,342,137
223,313,345,133
228,314,346,136
344,130,230,301
342,130,229,305
346,135,238,278
342,129,235,278
249,245,358,129
257,233,362,144
260,224,360,148
265,172,368,143
384,135,284,154
388,130,303,155
347,150,NaN,NaN
348,142,NaN,NaN
NaN,NaN,348,134
351,123,NaN,NaN
344,136,NaN,NaN
350,137,NaN,NaN
NaN,NaN,353,134
354,120,NaN,NaN
NaN,NaN,351,116
NaN,NaN,346,114
NaN,NaN,351,103
353,110,NaN,NaN
NaN,NaN,347,113
NaN,NaN,334,110
NaN,NaN,337,113
341,110,NaN,NaN
NaN,NaN,341,113
335,115,NaN,NaN
NaN,NaN,340,116
NaN,NaN,336,121
335,125,NaN,NaN
NaN,NaN,339,120
341,134,NaN,NaN
NaN,NaN,340,121
337,118,NaN,NaN
340,119,NaN,NaN
NaN,NaN,338,118
339,115,NaN,NaN
NaN,NaN,336,118
NaN,NaN,334,126
339,132,NaN,NaN
336,122,NaN,NaN
NaN,NaN,338,120
339,133,NaN,NaN
333,131,NaN,NaN
NaN,NaN,338,129
NaN,NaN,337,126
344,132,NaN,NaN
NaN,NaN,336,133
348,134,NaN,NaN
NaN,NaN,337,142
299,137,NaN,NaN
299,129,401,136
310,129,409,127
313,136,424,130
312,151,431,140
425,132,310,141
317,132,430,130
316,139,439,136
442,136,309,131
447,141,313,138
451,141,314,134
443,137,321,140
434,146,326,141
NaN,NaN,413,140
NaN,NaN,434,142
393,164,NaN,NaN
396,173,NaN,NaN
411,183,NaN,NaN
440,216,NaN,NaN
454,242,NaN,NaN
474,270,NaN,NaN
489,293,NaN,NaN
NaN,NaN,514,331
477,299,533,371
533,387,490,318
523,357,NaN,NaN
528,381,NaN,NaN
NaN,NaN,529,380
534,389,NaN,NaN
NaN,NaN,528,390
528,386,NaN,NaN
532,393,NaN,NaN
531,390,NaN,NaN
526,386,NaN,NaN
NaN,NaN,525,391
NaN,NaN,523,386
521,391,NaN,NaN
521,392,NaN,NaN
522,391,NaN,NaN
520,390,NaN,NaN
NaN,NaN,515,386
516,382,NaN,NaN
514,393,NaN,NaN
513,379,NaN,NaN
515,374,NaN,NaN
NaN,NaN,514,386
NaN,NaN,517,376
521,383,NaN,NaN
526,371,NaN,NaN
NaN,NaN,522,349
NaN,NaN,527,331
NaN,NaN,521,295
NaN,NaN,505,264
NaN,NaN,495,261
NaN,NaN,471,224
NaN,NaN,447,205
NaN,NaN,421,183
390,175,NaN,NaN
374,151,NaN,NaN
404,130,NaN,NaN
NaN,NaN,409,130
397,122,294,114
401,113,302,110
286,108,392,127
288,105,390,128
293,104,389,127
281,100,384,133
388,115,289,96
292,106,399,123
292,99,396,113
390,123,288,90
292,103,412,117
404,115,287,109
410,116,276,104
281,104,396,128
388,124,272,103
411,139,277,100
399,116,280,97
401,110,282,102
287,100,410,114
399,123,294,95
286,95,383,114
394,118,295,82
405,125,302,97
391,115,288,93
300,88,404,106
289,101,390,117
298,83,398,129
412,106,310,84
NaN,NaN,378,137
NaN,NaN,390,138
NaN,NaN,366,137
436,179,NaN,NaN
468,217,NaN,NaN
473,238,NaN,NaN
494,271,NaN,NaN
509,303,NaN,NaN
NaN,NaN,521,331
527,354,NaN,NaN
529,359,NaN,NaN
NaN,NaN,535,370
511,375,NaN,NaN
523,384,NaN,NaN
520,388,NaN,NaN
NaN,NaN,518,383
NaN,NaN,516,386
NaN,NaN,517,391
521,397,NaN,NaN
503,386,NaN,NaN
505,376,NaN,NaN
507,393,NaN,NaN
504,386,NaN,NaN
NaN,NaN,501,387
NaN,NaN,504,385
505,382,NaN,NaN
507,392,NaN,NaN
505,389,NaN,NaN
NaN,NaN,505,383
NaN,NaN,502,379
NaN,NaN,506,380
506,389,NaN,NaN
503,383,NaN,NaN
NaN,NaN,500,378
NaN,NaN,501,380
476,378,NaN,NaN
474,376,NaN,NaN
494,378,422,114
485,369,417,109
490,367,407,115
406,106,469,357
462,342,395,116
404,117,454,327
428,265,403,119
407,116,395,247
408,124,386,246
365,234,420,110
418,124,329,192
323,174,424,134
423,125,322,196
314,174,424,128
291,161,421,124
283,156,428,134
281,151,427,141
410,132,288,162
404,140,280,150
413,139,269,152
268,150,408,150
401,157,271,149
401,151,280,151
276,143,403,150
272,141,399,146
280,137,395,150
280,137,384,150
288,146,399,146
396,124,286,137
387,149,275,137
291,140,398,148
286,134,388,144
390,144,277,127
383,145,276,137
390,151,290,129
281,126,381,145
391,133,286,118
406,136,284,126
299,125,405,141
289,124,392,142
406,138,302,130
288,130,398,130
399,149,289,129
304,133,404,125
389,142,288,118
289,122,410,137
292,118,395,143
405,147,300,131
398,142,294,119
302,128,406,144
403,126,302,131
399,134,286,129
301,123,406,122
294,117,395,148
404,134,305,128
391,146,289,127
288,118,401,144
395,133,292,130
298,117,400,136
296,123,397,150
299,126,406,131
292,118,394,142
400,147,297,128
407,142,307,129
409,145,309,129
398,143,290,127
404,145,295,126
409,147,304,132
396,140,290,119
400,144,292,119
395,137,296,122
303,122,407,138
414,139,303,122
290,128,397,142
396,138,293,128
401,132,301,129
295,115,394,141
402,139,298,117
401,131,296,127
406,149,306,130
292,123,397,148
290,110,398,143
293,120,405,145
295,126,396,138
291,126,392,133
292,126,398,128
300,127,411,144
406,137,297,125
288,122,402,139
289,123,396,146
393,139,286,127
394,141,291,120
388,138,288,123
397,132,287,112
407,125,305,129
397,138,289,129
402,127,298,115
289,121,403,144
400,140,295,123
300,124,404,137
293,117,393,143
403,129,293,124
407,127,307,136
397,138,296,122
408,128,302,129
306,124,409,132
303,116,404,143
417,141,290,103
409,130,284,106
413,154,288,97
289,89,402,156
286,89,401,155
303,120,407,152
295,138,398,147
412,138,314,171
409,135,309,200
331,253,403,133
396,141,330,289
331,328,402,157
406,149,326,357
318,380,409,137
396,147,318,386
410,139,314,397
407,150,306,395
315,398,409,137
314,400,404,137
309,402,405,136
394,149,319,401
318,408,400,145
407,146,327,407
322,409,404,145
327,399,398,142
402,143,318,407
398,140,322,393
400,137,322,390
323,396,402,142
314,406,398,142
404,142,320,405
319,394,398,140
399,144,320,392
398,144,315,392
305,399,398,145
408,133,314,392
399,139,314,386
304,390,402,146
308,362,406,148
300,345,403,130
300,320,407,148
301,297,404,138
293,259,405,149
397,150,290,219
405,142,289,203
403,152,300,184
299,154,401,134
396,145,294,155
401,154,293,122
407,145,305,130
291,113,390,134
302,116,402,148
313,117,411,148
405,143,307,133
317,134,419,149
308,125,411,137
408,157,305,134
311,119,413,144
307,126,411,133
408,146,310,128
310,128,405,146
411,133,312,137
401,154,308,119
394,153,294,128
402,146,301,123
303,124,398,144
305,134,406,143
299,131,404,160
405,151,311,124
291,123,392,149
311,120,415,146
408,148,311,114
415,149,313,85
306,93,406,139
312,94,410,149
314,81,427,123
412,137,312,92
417,140,306,98
421,128,306,82
298,89,398,137
396,128,295,89
394,133,292,81
399,122,299,81
NaN,NaN,384,118
398,137,297,90
NaN,NaN,379,120
392,119,NaN,NaN
NaN,NaN,377,119
381,117,NaN,NaN
NaN,NaN,384,137
NaN,NaN,379,125
378,127,NaN,NaN
NaN,NaN,388,130
NaN,NaN,384,128
NaN,NaN,381,127
NaN,NaN,380,126
389,118,NaN,NaN
385,126,NaN,NaN
NaN,NaN,389,115
377,124,NaN,NaN
385,125,NaN,NaN
NaN,NaN,388,131
NaN,NaN,385,125
389,129,NaN,NaN
403,121,NaN,NaN
389,116,NaN,NaN
NaN,NaN,394,124
396,126,NaN,NaN
394,107,NaN,NaN
412,109,310,89
NaN,NaN,401,108
396,116,NaN,NaN
407,104,NaN,NaN
404,107,NaN,NaN
395,110,NaN,NaN
NaN,NaN,396,101
NaN,NaN,399,108
NaN,NaN,397,109
NaN,NaN,403,102
398,99,NaN,NaN
406,106,NaN,NaN
398,108,NaN,NaN
407,109,NaN,NaN
405,117,NaN,NaN
408,126,307,101
320,97,418,136
318,85,417,130
434,147,319,79
425,141,323,83
325,88,421,153
324,83,433,149
321,97,417,154
420,143,319,125
441,156,338,176
424,119,378,239
425,140,395,263
391,283,432,143
427,141,419,340
431,146,411,331
419,368,419,152
421,149,425,360
424,145,415,366
424,149,419,398
412,392,426,152
417,395,427,140
425,146,420,402
419,139,417,408
415,154,421,399
418,397,422,147
424,396,425,142
418,392,423,144
425,157,414,393
418,376,426,153
431,151,415,365
431,146,419,359
415,342,433,153
396,275,435,139
385,249,429,128
329,191,432,149
433,156,326,171
431,146,NaN,NaN
415,154,294,142
415,148,285,121
293,116,432,161
442,154,289,106
308,125,449,144
301,112,449,132
295,114,441,147
442,129,300,119
450,131,302,122
315,129,444,127
442,129,323,126
438,133,326,133
327,130,425,125
325,113,430,129
306,113,429,132
328,130,426,132
333,122,NaN,NaN
428,132,307,120
333,115,NaN,NaN
442,123,333,110
336,130,439,133
336,129,438,128
336,115,NaN,NaN
NaN,NaN,335,133
414,120,313,98
312,114,410,130
NaN,NaN,340,125
339,105,NaN,NaN
314,114,414,115
NaN,NaN,336,112
432,116,315,110
336,119,NaN,NaN
319,108,428,122
317,116,426,127
321,100,422,110
306,108,427,112
326,104,431,110
426,123,322,105
429,124,322,106
407,124,310,104
302,92,407,116
410,116,301,109
307,100,409,120
320,111,421,143
405,118,309,110
318,111,425,124
319,119,426,111
408,130,304,96
405,137,304,99
306,108,406,145
408,142,311,90
407,144,305,94
325,110,428,119
311,114,411,144
432,123,315,112
305,96,413,146
305,107,408,133
418,139,316,116
313,124,425,112
317,117,431,124
422,153,321,117
309,96,412,146
413,139,314,104
310,107,409,115
414,141,316,117
318,121,418,144
410,131,304,105
411,132,302,97
300,108,405,138
328,122,430,119
408,139,309,118
300,95,405,131
322,106,421,143
303,103,405,114
324,101,426,117
307,101,406,113
405,114,305,96
315,110,416,139
408,134,310,101
409,138,306,103
318,106,417,144
317,101,426,111
317,109,427,127
299,109,401,131
422,113,320,114
404,128,298,106
399,140,298,102
311,108,423,119
318,108,419,133
309,95,414,139
422,111,321,115
400,128,301,98
410,111,301,95
312,108,416,124
406,114,301,108
399,129,298,106
294,110,400,138
306,109,421,117
324,111,424,130
324,107,424,122
313,91,414,123
326,102,424,120
331,108,NaN,NaN
326,106,430,125
326,91,428,121
419,120,316,112
316,100,416,115
416,113,313,101
423,127,325,101
418,114,317,108
423,116,319,107
325,93,427,118
319,102,419,114
314,96,413,116
420,123,320,92
426,115,323,99
424,117,319,104
425,107,322,96
315,100,422,110
416,138,312,97
423,133,312,111
419,116,314,106
315,108,424,138
408,138,304,90
316,114,424,128
413,141,316,111
413,141,308,94
316,116,418,133
420,139,314,121
421,137,321,121
314,128,427,146
419,140,316,134
312,131,416,140
315,126,418,144
420,139,316,120
305,115,409,134
413,134,313,116
408,136,312,121
418,136,308,115
409,129,308,123
408,143,310,123
401,131,300,113
308,115,410,144
313,125,421,138
409,136,309,121
415,131,307,114
409,132,308,119
309,117,408,126
311,110,415,134
413,133,310,119
310,125,415,132
307,111,406,135
415,128,308,120
419,124,307,120
401,134,297,112
309,117,409,139
409,125,307,118
316,115,416,134
414,140,312,113
313,109,416,127
320,112,430,135
298,121,419,132
420,131,296,113
420,132,294,109
410,127,297,105
300,112,427,120
300,102,423,127
420,124,302,103
304,106,421,118
425,124,298,104
422,126,305,112
430,119,300,95
427,121,303,96
425,116,307,106
309,106,430,122
409,113,308,98
306,105,422,125
421,124,308,94
423,120,309,115
430,118,304,104
301,115,416,127
414,128,303,112
426,134,309,109
309,105,422,128
307,101,415,132
308,112,423,129
303,96,418,126
306,98,412,132
299,99,414,126
416,122,309,104
295,102,404,131
415,121,305,116
301,104,420,125
418,131,310,93
307,94,419,123
416,120,314,97
309,94,421,124
304,97,413,121
419,122,312,99
427,120,309,97
417,117,310,87
305,89,413,114
310,101,413,120
419,123,299,98
307,100,407,127
300,109,422,117
418,116,312,125
413,120,293,98
417,121,315,95
313,90,419,110
412,110,291,96
294,99,419,112
302,102,412,114
421,116,304,102
304,103,410,115
304,106,423,111
424,108,322,95
302,97,422,105
422,107,306,109
418,116,299,96
422,110,303,93
305,102,425,101
301,97,418,97
304,101,419,103
429,111,318,96
300,104,428,97
302,94,420,109
302,107,426,110
416,120,296,98
427,131,288,114
300,112,440,128
432,138,288,112
286,119,444,131
428,134,289,115
294,126,426,144
297,116,433,129
287,118,420,126
303,114,414,138
305,122,421,125
420,138,307,115
416,141,293,107
425,134,304,113
418,141,299,111
312,135,414,152
303,111,407,139
423,131,296,121
314,134,422,143
299,120,414,155
294,127,421,142
299,117,402,150
312,125,414,150
304,114,405,145
404,141,298,120
412,144,298,113
294,137,417,140
299,121,411,147
406,151,303,118
302,123,416,126
411,151,304,141
420,147,301,134
302,139,414,149
301,139,421,152
282,157,421,129
420,147,281,158
294,193,421,143
414,151,301,222
417,137,303,254
420,152,303,270
414,150,310,293
426,152,327,320
426,136,311,321
422,145,313,341
429,143,318,350
324,341,420,137
324,340,420,148
424,149,328,352
326,338,410,141
314,356,420,149
326,356,425,131
314,345,421,126
421,146,318,349
323,353,427,148
318,344,422,154
423,135,321,353
428,151,314,357
421,147,309,346
314,349,422,150
425,142,315,350
418,153,308,348
309,350,415,141
425,138,308,340
424,142,318,349
306,341,429,146
307,353,422,150
421,151,315,350
298,291,417,150
295,265,415,149
305,249,426,145
420,151,308,223
315,200,414,151
310,181,415,148
433,132,311,160
315,147,415,145
296,144,419,155
302,139,434,149
424,124,300,140
412,133,303,143
307,139,417,150
420,142,297,136
304,139,418,140
303,136,418,148
424,123,302,144
304,135,406,140
425,126,302,136
294,133,419,143
301,122,425,141
298,139,428,144
425,138,298,126
304,136,427,154
309,148,426,146
428,150,297,142
426,141,295,142
288,146,424,152
280,137,436,144
285,139,430,138
298,148,437,145
430,147,275,129
297,148,433,133
294,144,427,132
301,136,434,133
293,136,428,144
431,137,296,132
423,131,298,130
299,138,433,147
298,126,432,148
306,137,437,142
311,118,430,136
306,137,434,131
430,139,308,136
435,141,331,125
434,139,316,134
315,126,417,127
316,118,431,139
434,144,315,125
425,140,305,122
432,127,314,137
426,135,314,143
331,126,439,124
315,121,426,139
313,138,422,141
315,130,431,135
420,141,313,137
308,133,428,128
316,120,435,142
443,133,312,138
435,138,305,141
311,122,437,141
432,121,309,138
315,136,421,137
427,130,310,140
425,137,314,118
422,139,315,137
313,125,438,129
309,144,429,134
436,142,314,132
433,134,319,139
319,130,441,127
434,139,319,142
424,143,318,143
441,137,314,139
310,146,452,147
314,155,448,152
318,164,447,141
447,140,335,177
337,200,451,149
446,141,343,217
443,144,370,256
443,152,381,288
404,317,447,144
415,337,451,146
427,364,451,134
425,381,441,153
447,141,425,397
428,395,442,152
428,401,431,144
423,409,442,158
421,411,440,146
420,406,426,146
424,413,439,141
426,411,435,130
421,410,427,133
416,408,437,139
425,409,448,143
431,141,419,418
416,408,442,143
431,146,419,400
433,130,418,398
419,406,433,149
423,419,430,142
421,411,433,139
419,405,432,144
421,409,440,138
426,406,445,138
438,141,421,419
435,140,420,405
442,148,416,411
417,401,431,131
440,146,426,416
427,148,418,407
420,402,426,131
438,130,419,409
432,127,418,403
429,128,414,398
435,133,412,399
421,405,432,146
375,345,435,143
346,287,434,143
337,291,441,142
440,139,NaN,NaN
NaN,NaN,440,142
447,136,NaN,NaN
NaN,NaN,453,144
NaN,NaN,453,140
458,143,280,174
274,156,450,136
432,119,292,169
417,133,288,166
412,133,287,169
281,155,407,120
389,132,283,149
382,133,277,142
372,133,272,139
378,122,278,152
276,135,380,135
271,143,379,117
375,136,264,131
377,137,264,134
259,140,371,136
267,158,371,132
260,133,365,134
365,147,258,126
369,132,262,149
373,125,258,135
364,119,254,134
371,123,262,131
382,127,262,129
264,125,375,124
261,134,367,123
260,131,371,132
374,125,264,134
267,134,369,141
274,142,381,131
278,138,375,149
280,126,384,141
394,129,290,131
392,139,294,145
299,129,399,119
297,128,400,136
311,136,410,138
413,130,311,110
414,124,288,105
289,114,417,117
425,107,313,109
294,101,430,97
317,113,422,109
427,99,314,110
324,97,432,109
414,105,310,93
319,99,425,93
318,89,430,93
434,100,323,84
421,99,321,83
321,85,421,93
421,97,319,93
423,102,312,99
318,95,425,93
312,90,419,105
426,97,309,98
305,96,429,96
425,100,314,103
420,103,316,100
314,93,424,105
317,97,422,108
415,102,314,98
428,100,318,96
418,108,316,86
418,103,318,91
322,94,426,97
433,96,320,107
420,99,317,84
320,100,420,97
427,92,315,100
321,107,423,106
417,107,315,105
320,101,428,111
422,118,316,101
316,103,417,121
429,118,318,88
412,127,310,107
320,102,431,106
413,120,312,98
424,110,322,110
428,116,324,119
425,108,322,121
429,118,329,136
311,110,420,113
419,122,324,115
426,107,311,107
311,102,429,111
425,100,321,91
421,116,319,90
325,102,425,114
322,101,426,128
434,119,326,111
431,118,322,110
426,115,326,109
422,117,320,100
434,126,331,110
318,110,420,125
320,110,423,128
438,126,336,96
336,113,434,129
429,135,329,110
429,127,326,113
428,126,327,101
326,103,434,121
432,120,330,109
442,115,330,112
428,128,327,111
444,124,340,97
435,129,322,97
431,126,316,97
432,125,327,108
316,94,423,125
NaN,NaN,428,123
336,117,436,113
324,114,429,128
438,98,335,114
319,94,419,111
425,118,327,98
425,125,321,99
312,94,428,125
430,121,330,94
327,102,432,119
423,121,323,97
428,127,327,101
418,126,319,88
416,121,317,107
430,127,331,98
435,120,328,102
317,99,436,110
318,99,429,121
423,123,318,113
326,121,427,115
329,115,427,129
328,86,427,117
335,105,436,120
333,115,433,124
424,123,323,105
330,104,430,110
423,119,324,108
430,120,312,95
325,110,430,121
433,127,316,109
338,104,444,118
434,120,328,93
439,124,331,114
326,102,427,120
434,114,331,112
324,96,429,128
427,116,323,117
429,119,325,111
318,91,426,117
328,95,431,130
332,120,432,109
426,124,326,120
323,113,427,112
312,94,427,122
326,103,437,113
440,112,328,113
430,117,313,94
333,117,432,119
323,97,431,116
430,110,321,107
431,125,328,107
325,106,425,122
446,114,336,109
316,100,430,116
336,107,437,117
313,103,421,113
336,109,436,116
323,95,423,126
424,120,320,89
417,120,309,86
426,120,326,104
321,111,423,128
437,113,332,101
321,87,426,114
430,107,328,98
419,117,315,93
424,114,317,107
330,107,431,109
429,118,325,107
316,98,424,114
314,99,425,110
315,93,419,124
329,101,430,111
322,99,436,113
421,112,308,91
319,101,420,116
430,118,323,97
420,111,320,109
317,97,417,115
329,85,432,123
435,112,329,86
434,115,334,84
329,94,433,113
327,101,437,110
424,115,317,100
424,116,311,91
322,108,430,113
418,118,316,101
416,120,315,108
323,104,423,115
421,118,305,96
319,94,425,112
432,119,329,104
325,95,426,107
428,115,316,95
423,111,312,78
325,87,426,116
435,117,335,98
314,91,428,114
432,111,328,85
331,90,439,116
321,74,423,114
335,92,439,102
321,81,444,97
426,102,322,73
341,95,443,92
335,89,434,88
341,101,441,83
321,73,431,86
338,91,437,89
337,91,452,96
339,79,449,98
445,105,338,75
336,87,437,112
339,93,437,102
423,106,321,94
430,80,322,79
444,81,340,84
342,72,442,87
426,101,321,92
442,98,342,79
337,76,443,82
440,107,339,76
340,82,442,78
316,73,434,99
435,101,336,86
440,106,333,76
436,87,335,87
339,88,441,103
322,74,429,99
438,83,340,77
430,100,315,78
322,72,422,97
339,79,444,79
442,90,342,70
325,73,438,100
323,92,426,96
337,66,437,79
321,84,425,103
318,75,430,100
439,92,339,64
349,73,446,76
445,90,342,67
441,80,325,66
340,85,443,86
436,97,341,78
336,80,443,84
337,65,438,85
441,90,342,75
341,68,446,92
437,65,335,67
431,84,321,70
435,90,338,66
323,73,431,101
332,67,440,94
445,91,339,71
437,93,320,80
322,65,437,79
430,101,315,71
319,77,427,89
438,87,333,75
333,91,438,91
332,90,440,97
325,88,428,101
327,97,437,85
323,84,433,101
426,98,320,93
322,89,427,107
320,99,434,96
325,99,434,108
431,98,311,85
434,94,326,104
430,103,322,90
430,96,319,86
427,111,322,93
329,96,436,107
327,96,434,103
427,105,324,90
309,85,435,95
435,99,324,97
437,105,323,110
323,93,426,112
331,107,436,100
432,100,326,96
326,98,432,102
433,116,331,105
424,118,324,94
418,109,313,100
313,94,415,120
314,92,437,102
421,105,315,112
308,106,419,127
287,120,436,127
307,144,439,122
309,171,424,128
440,132,308,206
429,124,297,245
307,283,438,133
429,138,316,337
308,348,434,137
323,364,434,137
307,370,425,132
435,126,320,386
437,132,306,381
432,133,300,386
307,384,444,112
444,134,307,384
309,401,436,130
311,392,433,130
310,389,438,116
305,395,443,126
446,140,306,392
443,128,306,401
441,132,309,380
446,133,315,394
446,133,316,389
443,123,311,400
441,127,309,401
308,401,442,127
314,384,444,140
441,139,319,396
326,382,443,136
311,406,439,134
315,382,439,135
440,139,301,382
308,389,450,137
315,383,454,136
448,143,310,368
459,132,307,352
467,141,305,315
469,131,305,256
475,133,311,231
481,130,329,217
475,136,335,188
330,157,496,132
325,120,496,129
496,135,334,137
335,116,491,139
337,116,493,125
491,124,334,111
466,127,358,120
474,138,344,107
345,104,472,138
364,115,469,139
362,116,465,139
354,109,476,132
477,137,365,108
472,149,349,109
354,101,476,139
366,105,472,134
357,110,468,142
451,132,348,113
361,130,473,131
357,122,457,133
451,129,347,110
458,134,356,117
470,129,365,120
465,123,357,123
455,131,345,107
346,100,447,126
456,130,344,112
452,129,351,119
461,128,348,111
352,133,457,129
468,123,342,115
450,141,339,118
340,127,452,131
461,129,354,118
356,118,455,120
460,118,358,117
456,125,355,104
463,111,357,118
351,123,458,114
459,127,354,116
351,127,NaN,NaN
335,105,434,121
450,118,334,111
331,113,430,119
439,123,333,111
439,87,332,132
434,89,334,94
440,85,338,123
434,86,330,101
435,84,336,101
438,112,335,105
334,103,433,84
440,85,335,104
334,92,434,109
341,105,446,114
348,123,449,115
333,100,437,111
451,115,346,110
445,89,331,97
345,113,456,117
441,90,339,98
447,119,338,103
353,104,458,108
348,96,455,109
440,126,340,103
447,121,347,95
450,112,345,104
344,100,448,119
449,115,348,118
347,105,450,119
454,106,346,117
337,99,440,91
443,124,344,105
447,113,341,105
341,100,444,91
352,102,451,109
343,110,449,120
341,113,453,114
435,109,330,112
447,87,344,108
327,102,432,111
434,111,331,90
332,109,433,115
329,111,431,118
448,106,346,119
449,98,341,116
345,125,448,103
429,114,330,118
443,113,331,117
340,126,437,95
325,108,427,112
329,97,429,117
441,113,331,118
343,102,443,114
445,118,343,106
446,122,340,101
449,109,342,103
435,116,334,105
331,103,433,119
326,110,430,119
327,108,429,123
430,124,324,106
433,123,327,93
334,104,432,123
439,97,333,105
327,107,429,100
334,114,435,124
339,113,444,128
434,114,333,100
339,112,443,94
336,110,435,122
335,97,448,114
340,105,451,113
447,96,335,107
336,108,449,115
451,118,336,114
435,121,337,102
345,102,445,125
333,105,436,122
341,103,446,96
336,110,438,119
345,103,447,124
445,125,344,109
344,108,444,126
435,125,334,107
334,97,434,125
338,107,439,118
341,108,441,121
440,120,337,104
339,102,441,97
347,121,449,105
347,110,447,100
338,101,443,121
348,109,451,128
341,111,459,116
454,132,342,117
331,131,455,136
459,130,338,154
453,132,333,169
459,136,321,207
448,140,331,255
328,280,443,135
441,135,321,306
318,344,447,131
314,359,445,138
304,343,446,139
301,368,446,136
306,360,443,129
452,135,298,361
305,377,448,140
307,368,444,136
445,127,310,371
316,367,448,141
443,136,317,376
443,141,306,375
442,137,317,365
447,128,322,364
310,377,444,135
443,136,315,373
311,381,443,146
455,130,310,370
305,377,446,126
451,124,306,371
301,375,452,130
308,376,440,127
308,370,445,126
313,386,446,132
308,377,444,135
458,141,314,372
456,134,311,360
305,348,459,126
313,339,444,135
305,318,447,135
306,305,457,126
295,268,456,130
461,122,309,244
294,213,462,122
467,116,310,205
304,195,464,128
465,107,300,161
459,110,301,151
300,141,468,111
NaN,NaN,294,145
312,164,NaN,NaN
314,163,NaN,NaN
311,166,NaN,NaN
440,137,316,162
312,163,439,153
312,158,432,143
309,162,438,150
314,164,437,142
309,154,440,143
425,143,299,145
298,145,423,157
429,150,NaN,NaN
433,141,294,131
291,140,428,148
426,154,288,137
NaN,NaN,287,130
298,130,NaN,NaN
NaN,NaN,295,130
286,131,NaN,NaN
285,130,NaN,NaN
NaN,NaN,285,132
NaN,NaN,292,130
286,141,NaN,NaN
302,152,424,152
434,154,293,126
279,135,435,166
289,134,443,155
429,157,301,140
429,150,297,140
429,158,290,132
294,131,435,155
292,132,438,151
291,130,421,158
430,161,293,129
427,157,292,130
296,135,432,158
286,131,427,155
295,138,430,161
294,132,427,141
293,121,428,163
420,167,292,137
420,146,295,132
297,143,423,156
426,154,321,133
420,155,299,133
421,146,302,137
429,135,324,145
323,130,426,149
427,151,303,140
321,140,422,134
NaN,NaN,417,156
NaN,NaN,424,150
421,154,NaN,NaN
418,153,NaN,NaN
NaN,NaN,425,165
425,148,NaN,NaN
423,155,NaN,NaN
309,157,421,151
324,139,428,156
412,169,301,137
429,156,322,129
427,139,325,128
327,150,434,144
300,127,423,154
326,143,428,144
307,132,405,162
309,120,420,160
420,162,306,125
422,146,311,136
414,156,310,130
318,144,419,151
423,153,320,134
323,129,423,152
323,127,427,145
429,159,327,116
424,151,324,130
318,124,423,152
324,130,420,150
319,109,419,137
318,134,421,141
321,134,425,149
416,140,315,138
312,140,414,137
416,139,312,123
319,124,422,139
322,122,424,151
417,155,315,127
422,139,322,125
322,123,420,141
320,117,417,145
326,118,428,150
419,140,321,123
328,129,428,154
312,135,412,131
315,116,416,156
318,137,418,147
427,130,318,119
317,140,418,153
309,125,417,132
309,119,414,135
422,142,305,133
419,151,310,130
420,151,318,128
313,138,422,132
421,152,317,136
317,127,423,140
307,131,408,151
428,129,321,136
317,142,421,141
420,134,319,136
417,149,320,131
312,126,415,151
425,151,324,135
420,149,318,138
319,118,419,158
419,139,319,137
418,141,319,127
322,137,428,146
426,137,320,131
319,138,421,146
320,135,423,150
427,144,324,123
417,157,317,130
427,143,324,127
318,135,419,147
423,141,319,130
320,124,420,121
420,135,316,109
416,121,317,125
424,132,315,126
425,127,325,126
424,141,313,122
420,142,320,114
314,123,423,143
317,117,422,140
317,125,419,147
322,123,433,149
310,123,454,136
460,146,309,125
460,127,315,125
307,114,482,137
474,127,305,107
319,110,478,129
484,154,309,106
306,104,476,132
301,101,479,135
305,108,474,139
300,122,481,139
316,127,482,141
317,123,480,142
502,159,307,122
NaN,NaN,318,127
300,115,NaN,NaN
NaN,NaN,308,114
NaN,NaN,304,116
NaN,NaN,304,109
301,115,NaN,NaN
306,109,NaN,NaN
NaN,NaN,312,110
NaN,NaN,307,112
NaN,NaN,311,110
NaN,NaN,308,100
310,106,418,142
312,95,417,137
406,136,305,102
312,92,NaN,NaN
413,156,314,112
NaN,NaN,323,99
NaN,NaN,317,122
NaN,NaN,319,109
319,109,NaN,NaN
NaN,NaN,314,122
428,141,315,120
314,119,NaN,NaN
NaN,NaN,323,126
316,112,NaN,NaN
NaN,NaN,316,116
NaN,NaN,327,130
417,123,316,114
425,141,313,109
316,113,420,125
420,138,319,115
NaN,NaN,325,118
323,117,NaN,NaN
423,140,322,123
324,124,424,138
335,129,NaN,NaN
333,122,NaN,NaN
429,128,326,124
320,121,419,133
326,128,428,132
315,111,419,119
334,130,NaN,NaN
419,139,318,122
NaN,NaN,332,128
433,119,333,130
428,131,316,111
326,124,427,116
326,134,431,134
324,125,424,117
435,121,335,137
322,118,431,122
425,124,324,106
334,131,NaN,NaN
438,130,331,118
328,117,431,122
424,125,323,130
428,132,321,116
NaN,NaN,321,115
326,114,NaN,NaN
322,118,424,138
408,154,308,116
NaN,NaN,323,133
321,131,NaN,NaN
NaN,NaN,318,123
313,126,NaN,NaN
315,125,446,131
442,119,312,124
318,125,432,124
446,102,317,121
454,86,316,132
314,132,444,85
311,128,438,78
434,83,313,125
430,132,326,127
332,124,431,127
429,129,332,131
341,142,443,134
327,133,438,140
446,139,329,129
330,138,443,151
325,134,441,136
440,153,321,147
437,156,324,147
439,152,315,178
306,196,449,144
312,226,447,156
444,156,295,244
447,159,315,263
302,296,454,150
315,319,446,161
304,335,451,148
451,163,303,333
304,337,446,158
309,344,447,138
444,161,303,347
450,153,305,350
451,154,308,353
447,151,318,360
447,148,311,355
306,354,450,157
314,364,448,158
448,133,315,364
306,360,450,140
308,377,449,161
319,366,449,156
311,364,447,161
302,377,449,154
445,159,309,364
326,374,449,154
448,157,328,371
315,343,446,160
326,343,446,151
323,313,449,157
447,145,330,277
450,143,321,250
448,163,305,228
442,162,301,197
442,163,NaN,NaN
451,160,NaN,NaN
285,178,452,147
303,174,457,154
454,150,296,167
292,151,457,145
296,152,460,149
295,151,460,137
443,156,299,146
460,148,300,144
449,154,298,145
454,153,300,138
453,154,308,161
445,153,304,133
302,136,452,144
440,158,310,146
450,153,311,150
442,152,308,152
444,151,294,146
309,138,440,158
306,146,452,134
442,161,308,145
304,143,447,143
293,129,448,151
300,142,445,158
448,150,301,134
294,134,446,157
303,137,448,156
452,148,316,147
313,141,450,152
447,142,301,136
307,141,449,152
441,146,304,138
447,153,307,129
444,152,313,148
441,144,305,135
429,151,312,133
313,138,424,144
318,142,428,136
313,136,430,118
421,87,304,125
310,129,411,84
411,87,310,136
395,109,298,141
403,113,304,121
300,126,401,123
310,119,406,120
NaN,NaN,318,119
NaN,NaN,300,114
NaN,NaN,313,115
309,120,NaN,NaN
308,118,NaN,NaN
NaN,NaN,308,113
NaN,NaN,323,116
321,114,NaN,NaN
322,117,NaN,NaN
NaN,NaN,314,115
304,116,405,134
NaN,NaN,314,120
NaN,NaN,312,125
311,120,NaN,NaN
300,117,NaN,NaN
311,108,NaN,NaN
NaN,NaN,306,116
NaN,NaN,301,117
NaN,NaN,306,120
310,119,NaN,NaN
NaN,NaN,304,123
397,129,299,113
302,117,NaN,NaN
NaN,NaN,310,112
400,136,300,117
NaN,NaN,306,115
306,126,NaN,NaN
NaN,NaN,311,133
NaN,NaN,312,129
409,132,313,146
313,148,413,118
412,137,315,138
NaN,NaN,337,145
397,106,409,222
NaN,NaN,430,219
438,214,NaN,NaN
468,241,NaN,NaN
489,265,NaN,NaN
502,286,NaN,NaN
509,285,NaN,NaN
506,287,NaN,NaN
NaN,NaN,511,304
539,398,NaN,NaN
NaN,NaN,508,319
NaN,NaN,514,357
520,360,NaN,NaN
NaN,NaN,513,361
517,364,NaN,NaN
506,358,NaN,NaN
504,361,NaN,NaN
511,368,NaN,NaN
NaN,NaN,505,365
NaN,NaN,501,361
NaN,NaN,511,366
NaN,NaN,509,363
508,369,NaN,NaN
511,390,NaN,NaN
NaN,NaN,507,366
NaN,NaN,509,374
486,336,526,416
NaN,NaN,483,345
491,339,539,417
507,366,NaN,NaN
506,369,NaN,NaN
507,371,NaN,NaN
513,376,NaN,NaN
NaN,NaN,519,395
NaN,NaN,516,381
NaN,NaN,518,373
520,379,NaN,NaN
NaN,NaN,524,383
NaN,NaN,523,379
527,380,NaN,NaN
518,380,NaN,NaN
NaN,NaN,529,386
526,393,NaN,NaN
NaN,NaN,526,386
NaN,NaN,526,386
NaN,NaN,527,384
523,391,NaN,NaN
522,385,NaN,NaN
NaN,NaN,521,389
NaN,NaN,523,381
522,384,NaN,NaN
525,388,NaN,NaN
523,388,NaN,NaN
530,381,NaN,NaN
528,383,NaN,NaN
523,381,NaN,NaN
521,369,NaN,NaN
525,361,NaN,NaN
526,361,NaN,NaN
NaN,NaN,503,298
NaN,NaN,522,320
508,287,NaN,NaN
NaN,NaN,492,252
NaN,NaN,480,226
455,199,NaN,NaN
393,152,NaN,NaN
377,136,455,197
355,123,434,182
432,143,330,115
410,139,312,99
301,95,401,132
398,111,294,99
292,104,396,119
NaN,NaN,293,111
292,98,392,117
NaN,NaN,291,109
292,115,NaN,NaN
NaN,NaN,288,113
282,96,NaN,NaN
279,99,NaN,NaN
277,108,NaN,NaN
280,107,NaN,NaN
278,107,NaN,NaN
NaN,NaN,283,105
284,115,NaN,NaN
278,109,NaN,NaN
402,131,282,110
390,135,284,114
279,117,NaN,NaN
375,138,269,108
273,111,376,134
289,106,NaN,NaN
399,117,289,115
292,108,NaN,NaN
NaN,NaN,291,114
NaN,NaN,296,115
NaN,NaN,291,113
285,114,NaN,NaN
291,120,NaN,NaN
295,113,NaN,NaN
NaN,NaN,286,119
283,112,NaN,NaN
NaN,NaN,300,119
NaN,NaN,299,111
NaN,NaN,291,115
NaN,NaN,302,115
NaN,NaN,302,123
NaN,NaN,297,124
302,122,NaN,NaN
NaN,NaN,303,129
299,122,NaN,NaN
NaN,NaN,296,122
NaN,NaN,301,121
296,128,NaN,NaN
NaN,NaN,301,130
299,128,NaN,NaN
295,127,NaN,NaN
NaN,NaN,295,130
299,121,NaN,NaN
295,121,NaN,NaN
NaN,NaN,296,130
NaN,NaN,295,124
NaN,NaN,302,125
298,128,NaN,NaN
NaN,NaN,296,128
NaN,NaN,295,129
297,122,NaN,NaN
297,133,NaN,NaN
NaN,NaN,297,131
NaN,NaN,301,131
NaN,NaN,300,123
NaN,NaN,296,127
NaN,NaN,299,127
292,124,NaN,NaN
NaN,NaN,298,130
NaN,NaN,299,125
NaN,NaN,298,132
296,119,401,133
303,129,NaN,NaN
NaN,NaN,302,134
296,121,NaN,NaN
299,131,NaN,NaN
296,126,NaN,NaN
299,122,NaN,NaN
401,109,299,125
301,133,402,117
403,106,303,122
303,127,402,111
399,122,299,121
299,130,398,123
403,116,300,133
300,126,NaN,NaN
403,115,299,130
399,118,298,116
NaN,NaN,302,129
NaN,NaN,299,130
300,124,NaN,NaN
301,127,NaN,NaN
298,122,NaN,NaN
NaN,NaN,293,128
NaN,NaN,300,133
NaN,NaN,299,133
303,121,NaN,NaN
301,122,NaN,NaN
305,124,NaN,NaN
299,118,NaN,NaN
306,122,NaN,NaN
NaN,NaN,302,131
298,117,NaN,NaN
299,127,NaN,NaN
392,130,290,125
NaN,NaN,297,113
303,118,NaN,NaN
NaN,NaN,300,131
NaN,NaN,295,124
296,123,NaN,NaN
NaN,NaN,299,117
300,128,NaN,NaN
NaN,NaN,300,121
NaN,NaN,305,116
NaN,NaN,298,116
301,113,NaN,NaN
NaN,NaN,297,118
NaN,NaN,298,115
NaN,NaN,297,116
298,119,NaN,NaN
302,125,NaN,NaN
NaN,NaN,300,127
302,118,NaN,NaN
NaN,NaN,298,124
301,111,NaN,NaN
301,127,NaN,NaN
302,123,NaN,NaN
NaN,NaN,302,120
NaN,NaN,306,121
302,128,403,102
309,149,408,111
409,119,310,156
320,169,NaN,NaN
NaN,NaN,348,217
NaN,NaN,361,229
NaN,NaN,378,262
397,294,NaN,NaN
411,349,NaN,NaN
423,372,NaN,NaN
421,368,NaN,NaN
431,405,NaN,NaN
422,402,NaN,NaN
NaN,NaN,433,411
NaN,NaN,427,410
420,406,NaN,NaN
419,414,NaN,NaN
NaN,NaN,418,408
NaN,NaN,418,409
422,411,NaN,NaN
423,414,NaN,NaN
418,409,NaN,NaN
421,413,NaN,NaN
414,411,NaN,NaN
419,413,NaN,NaN
415,411,409,111
414,415,405,111
NaN,NaN,413,412
415,407,385,107
415,406,398,115
409,412,386,122
392,104,379,382
NaN,NaN,363,366
342,363,NaN,NaN
324,363,NaN,NaN
304,333,NaN,NaN
NaN,NaN,291,303
NaN,NaN,268,270
NaN,NaN,240,216
238,196,NaN,NaN
NaN,NaN,240,164
NaN,NaN,261,152
257,127,NaN,NaN
NaN,NaN,251,99
257,92,NaN,NaN
255,84,NaN,NaN
259,75,NaN,NaN
NaN,NaN,255,77
263,77,NaN,NaN
NaN,NaN,259,73
NaN,NaN,260,75
NaN,NaN,261,77
NaN,NaN,262,72
262,77,NaN,NaN
259,69,NaN,NaN
NaN,NaN,260,73
271,82,NaN,NaN
NaN,NaN,266,77
NaN,NaN,276,78
NaN,NaN,281,82
382,119,277,61
380,124,279,63
NaN,NaN,279,69
277,76,378,110
280,67,382,108
379,114,280,75
275,69,380,126
285,70,373,114
392,103,294,64
389,122,301,68
293,63,389,110
393,103,291,61
402,111,306,61
394,123,310,65
390,104,307,69
397,110,309,69
401,114,316,65
396,122,316,63
389,116,322,67
316,68,393,115
315,64,390,107
400,108,319,67
325,65,402,107
393,111,330,62
394,106,316,62
393,118,330,67
395,118,323,62
403,108,322,70
389,105,310,65
398,112,317,70
396,115,313,66
312,67,406,113
325,87,NaN,NaN
NaN,NaN,400,121
394,119,NaN,NaN
NaN,NaN,408,108
394,123,NaN,NaN
413,118,NaN,NaN
410,117,317,80
NaN,NaN,395,117
NaN,NaN,392,122
410,127,316,90
NaN,NaN,398,114
316,93,410,122
387,136,315,71
405,114,307,87
315,75,379,134
317,69,381,135
383,122,305,72
380,128,298,74
288,75,378,127
372,135,299,77
NaN,NaN,370,118
372,121,277,76
366,123,NaN,NaN
370,107,271,82
345,146,278,64
269,63,345,141
343,144,278,75
275,65,337,133
276,74,349,135
347,135,273,74
277,83,342,136
284,93,375,140
275,105,375,144
276,102,370,134
274,113,373,135
286,105,387,116
376,137,276,100
391,128,292,116
294,103,395,117
394,141,296,99
278,108,376,135
271,120,371,132
280,113,378,146
392,132,288,112
379,152,279,105
272,119,373,125
377,145,278,114
369,151,271,111
377,145,272,98
371,146,271,123
371,142,262,108
263,101,369,142
259,105,359,127
380,133,283,107
263,94,363,142
378,121,275,116
285,120,386,127
268,124,371,132
371,119,275,107
379,128,274,111
268,109,368,129
366,130,269,113
373,134,272,120
375,131,272,110
369,119,270,109
371,123,267,101
363,134,264,98
360,134,264,98
369,127,263,104
265,101,365,136
259,102,361,135
372,124,266,104
267,115,368,119
359,123,261,114
262,117,368,126
365,121,261,104
264,119,363,127
363,114,260,127
367,118,264,111
363,119,264,115
257,105,364,119
255,98,356,134
263,89,365,127
352,134,254,87
264,96,360,132
361,136,264,106
257,118,357,130
366,122,266,125
358,122,259,113
366,131,265,115
264,120,362,131
362,121,261,112
358,125,259,127
266,123,364,137
361,123,263,106
262,103,360,131
352,140,252,88
365,123,265,94
365,135,264,98
261,101,358,134
269,115,374,126
269,123,368,137
255,121,356,126
354,136,254,114
254,108,356,131
358,122,256,108
260,107,360,125
363,138,259,96
361,136,261,117
272,99,370,122
358,137,259,87
266,118,368,122
270,90,369,129
263,114,362,134
364,133,265,109
271,111,369,138
370,126,272,111
268,102,369,118
368,130,264,102
362,139,268,95
366,136,262,107
355,138,253,109
260,107,361,139
360,142,256,104
252,115,366,137
364,136,258,113
252,108,360,149
374,138,272,122
264,123,375,147
368,131,262,110
264,107,365,132
372,146,265,107
269,112,373,149
361,137,265,114
267,120,367,129
266,94,373,142
373,143,262,109
372,143,269,103
267,109,381,135
374,146,269,103
264,106,368,155
367,135,268,108
362,134,263,105
268,103,378,146
269,112,367,130
270,108,377,130
269,113,372,149
263,108,376,145
273,101,382,155
374,153,276,96
267,125,369,134
277,120,383,142
376,147,271,114
377,149,269,112
265,117,382,135
372,155,269,111
383,140,270,114
268,106,366,156
273,98,374,150
274,105,382,142
367,154,262,109
379,141,274,104
267,113,379,142
369,134,265,127
372,151,271,107
387,140,278,107
266,99,373,127
370,128,268,104
377,122,272,108
265,120,369,132
276,102,375,148
374,153,275,101
264,106,370,156
380,140,262,99
381,144,262,103
267,107,381,155
264,114,381,138
380,143,273,117
377,139,270,119
273,125,373,144
375,142,273,104
378,143,273,110
380,136,274,113
374,140,276,117
279,123,380,141
377,134,279,104
373,136,275,109
384,134,273,111
272,128,378,133
372,149,266,124
381,140,274,118
276,110,373,145
379,133,276,116
384,148,284,119
380,149,283,111
372,154,274,108
378,135,274,129
282,121,381,135
267,103,373,131
371,144,270,115
378,133,273,123
269,108,365,139
260,108,366,136
370,128,262,108
267,119,366,145
356,133,255,111
268,123,371,139
375,149,275,115
273,99,373,128
280,125,378,125
377,128,277,116
367,138,262,113
281,111,380,130
272,113,373,147
370,138,267,117
371,153,269,116
369,139,267,124
267,101,370,124
257,122,358,144
368,139,264,117
266,100,364,139
261,110,364,135
365,127,265,114
269,117,368,132
365,142,267,125
260,124,356,146
361,139,259,125
360,146,259,122
358,133,255,121
381,120,277,124
373,130,262,106
277,103,377,129
386,131,268,105
384,131,280,106
278,101,381,140
273,103,NaN,NaN
NaN,NaN,271,102
NaN,NaN,281,95
NaN,NaN,278,113
NaN,NaN,285,103
278,94,NaN,NaN
NaN,NaN,279,101
NaN,NaN,281,118
NaN,NaN,278,108
NaN,NaN,279,116
279,111,NaN,NaN
277,97,NaN,NaN
NaN,NaN,278,110
NaN,NaN,285,121
280,115,NaN,NaN
NaN,NaN,278,127
281,124,NaN,NaN
NaN,NaN,270,122
284,121,NaN,NaN
NaN,NaN,282,120
277,125,NaN,NaN
NaN,NaN,285,121
NaN,NaN,276,126
281,129,NaN,NaN
276,125,NaN,NaN
281,123,NaN,NaN
NaN,NaN,276,118
NaN,NaN,274,122
283,134,NaN,NaN
275,112,NaN,NaN
NaN,NaN,278,126
274,115,NaN,NaN
NaN,NaN,278,117
278,129,NaN,NaN
NaN,NaN,275,111
NaN,NaN,279,117
NaN,NaN,276,111
292,121,NaN,NaN
296,123,NaN,NaN
NaN,NaN,284,119
NaN,NaN,276,109
NaN,NaN,292,125
NaN,NaN,286,109
NaN,NaN,293,127
291,126,NaN,NaN
NaN,NaN,285,122
NaN,NaN,287,109
NaN,NaN,285,117
383,137,282,115
389,138,289,126
277,119,384,133
275,120,382,147
283,120,386,148
394,149,269,112
395,149,272,111
289,109,406,145
292,111,407,153
410,140,290,108
NaN,NaN,273,108
415,146,270,103
414,146,275,110
428,138,271,94
283,128,427,139
407,142,281,99
281,98,430,128
NaN,NaN,278,98
278,115,430,141
429,140,280,103
277,120,433,138
291,129,428,140
432,140,277,118
428,131,278,121
278,112,411,132
429,128,283,120
426,158,283,108
413,134,283,124
288,104,436,141
287,102,421,125
422,141,295,119
422,155,288,110
423,155,304,110
441,140,308,107
302,100,NaN,NaN
299,103,NaN,NaN
297,105,NaN,NaN
NaN,NaN,305,117
310,141,NaN,NaN
312,153,NaN,NaN
301,192,NaN,NaN
NaN,NaN,300,209
305,248,NaN,NaN
NaN,NaN,319,293
NaN,NaN,324,326
320,350,NaN,NaN
NaN,NaN,316,363
314,373,NaN,NaN
314,388,NaN,NaN
422,112,307,392
303,383,421,113
301,386,426,108
433,108,295,384
417,112,299,394
313,395,421,109
420,114,316,398
298,395,428,114
305,393,419,109
427,105,310,399
432,112,305,399
310,400,430,115
312,406,422,109
418,110,306,392
426,106,317,396
420,126,317,392
313,400,424,108
314,395,434,105
422,125,309,398
313,395,425,121
428,112,307,396
309,394,419,105
306,386,419,108
304,398,420,118
418,110,313,397
430,107,305,380
428,113,307,391
424,104,313,388
298,379,425,109
422,122,313,375
312,365,429,108
426,118,308,351
422,109,308,325
296,265,422,114
291,249,432,111
421,133,284,201
431,131,277,186
424,124,284,176
308,185,419,126
428,124,309,187
432,127,311,165
428,125,310,159
429,132,296,151
433,113,315,155
322,171,428,137
419,137,313,150
325,156,NaN,NaN
419,140,313,146
430,153,330,155
429,135,329,144
NaN,NaN,327,145
336,150,NaN,NaN
318,139,419,139
332,145,NaN,NaN
425,130,323,140
330,146,431,131
418,145,318,143
332,147,NaN,NaN
323,138,423,139
429,143,329,148
421,143,321,143
331,147,431,135
423,142,323,151
320,145,422,140
432,135,334,146
327,141,433,145
432,145,337,143
336,142,NaN,NaN
343,147,NaN,NaN
328,141,428,144
330,130,432,142
330,142,429,138
423,141,321,141
320,129,423,141
432,146,334,133
434,147,331,125
433,147,332,140
428,139,325,140
329,127,429,132
328,130,434,144
436,137,334,133
430,148,329,133
327,129,427,137
333,135,436,125
334,126,439,131
333,130,433,131
337,129,438,140
338,137,437,143
427,117,328,118
335,129,438,122
325,123,427,133
438,130,332,122
436,126,336,113
440,128,339,118
427,129,326,125
332,111,432,134
432,122,334,115
339,116,439,131
442,142,342,128
343,127,443,138
343,123,445,134
438,129,334,118
428,137,327,112
339,106,437,131
340,118,440,142
435,137,334,112
421,128,323,116
425,129,325,104
437,119,337,123
329,118,429,128
338,129,441,128
327,147,427,138
420,131,316,145
420,139,305,132
289,151,423,131
429,135,273,169
416,132,249,191
230,219,437,136
428,137,201,268
170,306,427,148
153,324,419,146
421,155,122,341
439,145,104,371
98,384,412,131
424,145,94,375
90,385,416,147
420,154,89,395
427,150,95,385
422,137,84,390
88,399,415,136
85,392,414,141
422,150,94,397
427,146,92,389
433,148,93,392
426,135,86,381
424,141,98,383
93,382,416,135
426,130,94,385
414,134,89,398
422,144,82,395
95,375,410,133
77,386,424,138
421,134,100,367
430,141,89,364
99,353,423,126
428,139,114,340
124,319,417,152
153,259,122,385
439,150,162,253
415,142,188,235
428,147,209,169
422,133,221,153
432,145,232,149
418,135,246,136
411,141,267,124
420,134,275,121
286,121,415,145
414,141,297,113
291,109,425,135
418,146,296,110
414,136,296,106
421,129,294,105
293,98,NaN,NaN
NaN,NaN,288,100
301,102,414,134
315,113,417,139
308,114,418,136
305,112,422,137
412,156,294,112
306,110,413,151
308,116,412,157
318,134,417,159
320,115,420,155
422,159,314,125
416,157,309,121
315,136,415,164
318,127,421,164
317,134,416,156
430,155,316,138
410,153,304,137
415,156,312,140
296,124,415,154
413,155,296,131
408,132,305,137
423,134,311,148
310,142,413,167
419,135,309,141
NaN,NaN,308,143
415,136,304,133
NaN,NaN,316,148
NaN,NaN,307,145
NaN,NaN,317,154
NaN,NaN,305,157
NaN,NaN,308,151
NaN,NaN,310,157
311,152,NaN,NaN
314,148,NaN,NaN
411,145,306,157
NaN,NaN,314,155
316,153,NaN,NaN
NaN,NaN,325,157
312,155,NaN,NaN
NaN,NaN,314,148
NaN,NaN,315,157
NaN,NaN,316,159
NaN,NaN,316,157
314,157,NaN,NaN
NaN,NaN,325,162
NaN,NaN,308,157
NaN,NaN,314,156
NaN,NaN,308,163
NaN,NaN,315,155
NaN,NaN,311,156
NaN,NaN,304,153
NaN,NaN,309,158
NaN,NaN,313,158
319,159,NaN,NaN
310,159,NaN,NaN
312,154,NaN,NaN
NaN,NaN,309,157
NaN,NaN,308,157
308,158,NaN,NaN
305,158,NaN,NaN
311,162,NaN,NaN
NaN,NaN,309,162
317,154,NaN,NaN
313,157,NaN,NaN
NaN,NaN,325,162
NaN,NaN,314,160
NaN,NaN,310,162
312,160,NaN,NaN
NaN,NaN,313,157
311,155,NaN,NaN
312,158,NaN,NaN
310,161,NaN,NaN
316,158,NaN,NaN
NaN,NaN,310,164
NaN,NaN,308,158
NaN,NaN,318,158
NaN,NaN,315,160
NaN,NaN,317,159
314,153,NaN,NaN
NaN,NaN,316,154
NaN,NaN,312,153
NaN,NaN,321,150
NaN,NaN,332,152
333,167,NaN,NaN
NaN,NaN,340,164
342,178,NaN,NaN
363,195,NaN,NaN
NaN,NaN,387,233
NaN,NaN,395,252
403,281,NaN,NaN
413,322,NaN,NaN
421,358,NaN,NaN
NaN,NaN,413,352
NaN,NaN,423,390
413,395,429,131
419,124,425,398
418,121,413,406
414,409,428,125
412,405,426,133
NaN,NaN,413,403
NaN,NaN,428,401
419,130,419,408
416,123,408,407
410,121,416,404
432,134,420,407
428,129,427,419
426,406,416,125
414,121,431,411
419,126,433,408
433,128,427,415
415,129,423,418
435,124,417,418
426,408,406,125
416,120,423,410
426,403,427,133
427,408,434,135
412,407,420,124
423,402,421,130
NaN,NaN,413,405
NaN,NaN,416,406
NaN,NaN,407,403
415,406,NaN,NaN
NaN,NaN,390,366
NaN,NaN,378,357
376,363,NaN,NaN
364,335,NaN,NaN
341,293,NaN,NaN
342,294,NaN,NaN
NaN,NaN,332,275
NaN,NaN,NaN,NaN
NaN,NaN,NaN,NaN
NaN,NaN,NaN,NaN
313,195,NaN,NaN
NaN,NaN,293,163
284,154,NaN,NaN
NaN,NaN,273,148
NaN,NaN,289,146
291,149,NaN,NaN
293,154,NaN,NaN
319,159,NaN,NaN
295,165,NaN,NaN
NaN,NaN,285,146
315,159,NaN,NaN
NaN,NaN,284,154
NaN,NaN,NaN,NaN
247,130,NaN,NaN
309,163,NaN,NaN
NaN,NaN,309,162
284,163,NaN,NaN
278,160,NaN,NaN
279,160,NaN,NaN
308,168,NaN,NaN
313,174,NaN,NaN
NaN,NaN,309,172
NaN,NaN,276,154
NaN,NaN,NaN,NaN
NaN,NaN,NaN,NaN
NaN,NaN,297,185
NaN,NaN,291,174
NaN,NaN,NaN,NaN
301,179,NaN,NaN
291,167,NaN,NaN
NaN,NaN,NaN,NaN
NaN,NaN,291,156
292,159,NaN,NaN
NaN,NaN,301,165
NaN,NaN,288,142
NaN,NaN,297,144
296,140,NaN,NaN
NaN,NaN,302,141
310,148,NaN,NaN
308,161,NaN,NaN
298,143,NaN,NaN
NaN,NaN,303,147
NaN,NaN,300,139
302,144,NaN,NaN
NaN,NaN,309,142
314,153,NaN,NaN
302,137,NaN,NaN
NaN,NaN,302,128
308,130,NaN,NaN
NaN,NaN,316,131
312,123,NaN,NaN
424,133,321,120
427,149,324,112
331,118,433,145
436,148,335,117
341,119,434,146
413,140,322,105
336,122,434,141
439,151,338,121
339,118,440,140
419,148,317,102
426,134,326,100
420,149,320,108
422,145,327,111
323,102,413,146
414,136,322,99
323,95,416,154
338,101,413,150
346,106,429,147
348,103,433,139
354,102,421,150
437,136,339,99
339,101,430,128
427,149,340,101
430,132,336,102
337,107,437,144
343,113,430,146
337,110,429,143
436,142,343,116
353,118,439,143
438,141,351,121
439,139,345,126
340,121,439,141
345,98,415,169
332,89,408,158
408,161,348,93
408,153,339,88
415,159,344,92
437,125,336,113
342,113,436,149
438,120,338,103
NaN,NaN,360,119
NaN,NaN,434,126
NaN,NaN,353,119
354,119,NaN,NaN
433,137,NaN,NaN
436,120,NaN,NaN
NaN,NaN,441,136
440,137,NaN,NaN
NaN,NaN,435,124
437,135,NaN,NaN
360,141,NaN,NaN
NaN,NaN,438,138
NaN,NaN,354,133
338,110,438,125
NaN,NaN,358,129
436,138,339,120
417,158,336,70
408,159,340,76
332,72,411,158
NaN,NaN,413,142
NaN,NaN,411,141
414,140,NaN,NaN
435,137,336,108
339,112,438,121
436,128,335,105
329,89,428,133
423,130,NaN,NaN
414,137,NaN,NaN
423,141,340,79
330,78,427,130
331,75,422,143
428,130,328,83
428,125,327,81
423,122,321,82
426,125,326,90
333,78,422,123
421,136,323,77
427,135,326,85
432,127,331,95
NaN,NaN,349,113
334,96,434,127
425,123,328,88
436,123,339,91
321,84,421,146
325,80,421,136
422,132,327,84
316,70,408,145
416,127,316,76
315,76,411,123
338,84,428,126
423,125,335,68
414,114,313,79
336,84,424,145
330,83,409,147
420,124,319,90
332,93,432,130
341,98,439,120
341,89,434,131
434,127,333,77
418,147,325,90
423,125,330,81
411,151,324,76
338,97,NaN,NaN
342,92,NaN,NaN
432,128,335,88
322,80,416,123
336,86,439,131
331,100,432,142
419,125,324,87
412,114,314,62
416,108,312,80
413,103,314,70
408,105,306,62
316,71,407,121
435,119,337,84
330,81,437,103
420,134,323,82
424,128,326,88
316,84,416,113
324,72,410,128
413,98,311,69
312,64,408,99
329,76,418,123
425,96,319,75
416,90,324,64
333,70,438,101
329,69,427,104
322,73,422,97
318,68,420,100
328,64,422,109
323,67,415,112
432,122,343,67
344,83,NaN,NaN
NaN,NaN,336,67
315,79,413,110
416,107,317,69
334,73,434,93
432,103,333,79
418,99,321,77
413,107,315,62
318,69,410,97
417,117,319,73
340,81,NaN,NaN
308,70,404,106
315,62,395,106
330,73,427,101
418,114,324,73
321,76,428,103
310,72,409,119
312,70,414,116
406,121,307,74
327,87,NaN,NaN
407,115,309,74
409,120,311,70
331,87,429,100
421,97,318,75
425,118,325,78
421,123,321,82
414,117,312,76
329,77,432,110
314,69,413,97
409,108,310,72
416,113,321,74
436,105,333,88
323,79,421,81
308,69,408,117
438,101,334,84
335,79,433,111
436,106,335,73
334,92,434,108
411,131,320,81
312,73,411,122
412,130,323,73
NaN,NaN,339,83
336,70,NaN,NaN
NaN,NaN,338,84
404,114,310,83
402,107,304,73
394,114,306,77
NaN,NaN,324,87
433,111,326,93
425,89,325,100
390,115,291,84
394,110,301,84
389,104,290,81
416,85,310,92
NaN,NaN,318,89
307,103,409,88
319,94,415,86
411,90,310,102
414,82,315,99
324,101,NaN,NaN
314,92,411,88
312,107,416,85
413,84,310,101
309,96,413,85
416,86,311,87
432,94,331,96
428,92,322,97
416,86,322,90
428,88,321,90
308,90,409,83
311,83,411,84
326,90,423,86
NaN,NaN,326,87
419,80,319,79
314,93,411,83
328,81,NaN,NaN
316,75,411,98
414,112,320,86
427,83,324,89
317,79,416,102
416,102,321,92
425,84,324,87
415,108,325,85
414,106,322,90
430,84,330,85
324,88,424,111
326,82,425,83
346,95,437,89
NaN,NaN,344,93
432,84,331,89
NaN,NaN,346,97
NaN,NaN,347,86
338,94,436,84
342,105,437,86
347,113,441,117
422,93,323,97
431,89,330,99
NaN,NaN,348,97
438,92,340,75
327,73,429,97
338,74,440,105
430,107,330,76
336,72,427,110
423,108,336,61
330,75,427,98
331,73,426,97
431,105,335,71
334,67,434,91
346,64,442,113
352,74,448,111
341,66,452,110
450,104,348,70
354,72,458,118
351,61,456,107
348,69,459,103
460,106,336,68
348,61,464,101
462,108,NaN,NaN
454,109,NaN,NaN
468,113,NaN,NaN
461,94,NaN,NaN
451,90,NaN,NaN
463,92,NaN,NaN
456,90,354,73
NaN,NaN,449,84
NaN,NaN,444,90
NaN,NaN,451,99
NaN,NaN,453,96
NaN,NaN,448,89
NaN,NaN,451,91
443,103,NaN,NaN
444,85,NaN,NaN
NaN,NaN,443,102
NaN,NaN,445,88
425,101,NaN,NaN
440,106,NaN,NaN
426,112,310,61
427,101,303,62
301,62,426,111
311,62,409,93
303,72,421,89
405,93,301,76
420,71,299,72
409,62,283,67
283,62,432,61
NaN,NaN,286,71
265,64,NaN,NaN
NaN,NaN,266,63
261,63,NaN,NaN
262,66,NaN,NaN
283,72,406,61
287,70,412,64
424,81,282,80
400,88,277,65
270,76,410,84
411,106,278,74
281,81,402,115
412,107,282,85
262,76,410,116
409,112,265,83
272,61,413,113
277,77,411,118
281,67,413,122
405,127,309,83
303,95,406,114
418,120,305,86
419,120,320,96
335,100,436,118
326,101,425,127
414,120,314,94
321,88,418,122
331,110,431,119
417,106,317,93
421,117,323,107
428,110,314,109
419,133,320,114
443,112,283,90
289,99,439,117
263,108,NaN,NaN
NaN,NaN,261,93
257,91,NaN,NaN
257,114,476,136
478,140,257,85
260,87,480,135
262,90,481,127
469,121,259,95
267,80,466,112
265,82,461,112
468,119,266,88
469,118,281,85
262,92,466,113
265,78,474,115
265,96,481,110
467,112,270,71
463,131,267,103
470,110,269,79
268,86,478,128
265,95,473,109
471,117,266,70
266,90,474,119
471,119,269,93
469,117,272,67
469,138,261,99
270,73,473,120
466,113,250,84
471,113,245,81
244,112,483,115
471,137,235,118
225,147,480,119
478,125,232,215
222,209,471,123
222,275,477,120
475,119,216,307
210,323,473,120
462,140,215,338
212,340,469,118
212,361,463,146
213,368,472,120
210,374,472,121
476,125,218,360
476,125,217,374
473,122,224,360
477,120,219,375
225,371,476,121
478,123,223,379
475,126,224,368
477,117,222,387
220,378,484,112
472,137,219,374
220,374,472,137
215,379,481,116
474,123,222,369
222,393,471,132
221,374,482,120
219,382,476,126
221,381,483,124
223,383,474,128
474,115,219,387
221,405,469,134
222,393,480,128
476,118,218,382
473,135,224,386
477,114,223,399
479,121,220,403
224,378,476,125
218,397,475,123
477,127,217,385
475,120,214,382
474,118,218,386
215,405,474,127
478,128,214,378
208,379,467,138
204,371,466,147
475,122,196,359
190,356,484,119
469,132,189,331
464,115,183,303
179,303,468,120
187,292,470,120
477,119,193,272
477,123,200,260
475,132,207,238
212,194,476,129
214,188,470,132
472,123,196,143
210,139,482,116
463,137,214,126
230,106,481,122
234,106,479,115
480,116,242,93
249,86,481,119
479,121,255,84
456,142,257,90
253,90,473,118
481,122,240,83
466,135,263,85
478,125,265,92
471,120,267,85
479,127,257,85
264,85,471,131
268,80,475,122
485,133,267,86
263,83,472,132
476,148,254,77
NaN,NaN,265,80
NaN,NaN,273,81
258,70,NaN,NaN
505,88,269,73
275,69,492,99
481,101,274,74
282,74,480,74
282,70,452,97
453,95,281,75
277,75,460,86
451,94,273,62
446,101,275,73
290,67,441,108
432,109,286,67
298,80,419,111
302,86,451,87
441,108,294,80
296,72,425,112
430,111,302,80
451,74,308,82
292,69,458,90
299,83,457,77
294,80,456,94
305,72,454,71
418,107,306,71
431,107,306,72
422,113,314,68
311,85,414,107
313,76,414,97
315,71,416,103
309,64,409,86
442,88,318,68
324,75,441,88
455,83,317,61
426,84,323,62
324,69,454,80
332,73,452,83
322,70,433,82
439,83,317,68
446,78,328,69
323,65,456,84
314,67,440,81
328,71,449,78
437,82,330,77
315,62,426,84
326,61,456,78
340,67,454,80
466,65,321,66
450,88,330,65
331,70,474,73
322,63,472,64
473,66,341,68
344,66,472,63
464,76,347,66
337,61,479,62
349,68,477,65
350,64,479,77
327,63,495,65
327,70,487,61
468,75,318,62
471,71,332,70
313,64,460,73
290,72,458,64
294,73,440,65
296,77,441,73
288,81,394,84
396,69,294,81
385,69,285,76
278,62,410,69
408,68,286,76
385,77,274,68
383,73,284,83
386,79,286,61
387,67,287,71
287,81,395,72
381,81,279,70
403,75,298,81
388,87,286,84
379,74,279,73
422,79,306,96
318,113,442,77
428,91,304,104
436,85,292,102
308,101,441,100
435,91,314,111
438,106,319,107
313,117,432,106
430,112,325,106
328,117,436,118
437,100,326,110
430,109,330,119
423,123,323,107
322,109,431,111
332,109,437,127
431,132,331,123
426,110,326,121
327,124,437,121
327,112,434,115
431,117,330,123
424,131,320,98
421,114,315,112
431,110,326,120
433,114,327,104
325,109,423,120
430,133,328,115
328,105,443,123
329,103,441,122
432,124,328,111
428,120,325,113
435,124,333,105
429,125,328,120
435,125,336,109
437,121,332,114
324,105,432,122
324,107,429,111
429,116,326,102
325,106,422,122
422,133,321,121
335,117,436,127
322,105,422,111
326,111,427,112
327,120,438,117
323,117,429,126
330,105,435,111
327,112,430,127
317,95,417,120
436,126,333,121
441,125,338,109
341,114,440,122
429,126,332,111
332,122,434,124
330,109,432,113
336,122,435,127
437,126,326,107
334,113,434,128
340,120,440,123
326,110,437,124
337,111,437,120
325,114,427,120
332,115,440,120
438,125,338,115
324,134,427,122
318,119,423,128
424,117,325,123
431,110,322,112
321,130,423,133
323,126,428,124
318,120,428,121
327,135,429,119
424,121,320,128
326,139,429,113
319,126,427,127
427,130,322,139
426,127,320,135
435,123,317,132
322,132,426,125
423,133,320,137
435,126,313,131
319,126,421,112
316,130,426,121
315,134,419,121
325,132,427,125
319,123,431,124
320,124,427,125
308,122,417,123
424,123,312,119
320,135,428,123
425,118,325,126
422,122,320,134
426,128,321,119
422,120,321,138
317,128,428,124
427,119,321,129
313,130,415,118
419,132,317,132
323,132,424,131
421,130,321,131
314,128,429,127
431,128,317,127
315,119,428,126
423,125,310,132
312,128,427,130
421,122,309,129
432,128,329,136
419,130,315,138
318,128,418,124
425,117,312,129
315,122,425,129
419,132,319,129
423,128,324,130
316,130,423,133
430,108,321,136
422,133,318,115
320,128,422,118
422,120,319,131
320,125,418,130
419,134,317,123
314,126,419,123
421,120,320,139
429,126,318,123
323,139,428,119
319,113,429,118
312,129,413,130
326,129,426,131
423,128,321,135
417,118,319,128
430,117,317,130
328,139,427,129
431,124,318,135
316,143,418,133
319,124,417,132
421,119,317,139
419,122,318,118
319,130,431,124
420,125,313,115
415,128,315,138
426,121,317,137
322,130,422,128
419,128,315,137
436,122,319,135
430,128,313,145
432,128,317,133
308,130,412,123
319,133,431,128
428,124,316,128
322,126,431,129
338,146,442,131
458,125,331,132
459,149,322,139
313,120,472,147
307,126,NaN,NaN
310,132,NaN,NaN
NaN,NaN,304,129
NaN,NaN,278,132
278,142,NaN,NaN
NaN,NaN,263,116
267,125,NaN,NaN
251,100,NaN,NaN
500,113,244,104
240,94,502,119
237,94,492,124
250,105,491,124
484,123,257,98
486,119,253,96
490,120,261,91
484,119,267,93
268,94,487,116
267,85,488,124
490,124,269,91
480,124,265,86
269,91,484,117
259,85,487,130
250,81,483,126
486,123,269,95
265,88,476,126
264,88,484,125
260,80,488,113
251,83,486,123
258,94,483,125
488,114,264,97
476,121,268,96
269,92,489,126
490,120,266,102
487,116,269,90
487,125,270,88
482,113,268,97
483,122,257,89
488,130,269,97
253,84,483,126
482,117,263,86
482,119,253,87
255,86,485,128
487,126,258,85
267,100,475,125
482,121,260,100
485,113,261,89
265,92,488,124
483,128,270,95
266,90,484,116
272,98,479,128
487,117,263,94
256,99,484,122
479,120,254,97
256,93,484,116
265,97,482,125
478,129,260,101
484,126,245,92
258,106,492,122
245,83,481,122
248,63,481,120
481,123,230,70
243,67,486,119
277,67,489,115
483,125,287,61
488,114,295,70
491,120,303,64
471,130,312,61
481,123,316,71
323,75,487,121
320,66,483,126
317,73,483,125
315,62,478,126
318,68,480,129
477,125,320,75
487,119,316,61
321,68,492,119
309,66,481,129
315,62,475,122
317,70,479,109
481,127,323,62
314,62,484,113
482,118,320,65
317,68,492,112
490,126,316,63
483,113,306,63
481,118,313,64
318,62,479,121
477,122,313,62
313,64,478,124
484,127,317,61
317,61,482,132
480,127,298,62
491,127,290,61
476,130,289,67
484,115,298,69
482,115,291,67
279,61,488,125
276,64,482,133
494,117,263,67
480,116,256,71
241,72,481,121
488,123,241,67
228,65,484,114
484,111,217,72
208,97,486,132
492,123,198,84
483,112,208,108
476,126,199,118
489,120,204,124
198,127,476,121
204,134,480,121
213,135,490,123
491,111,206,125
481,113,203,125
475,126,205,131
488,121,198,125
488,119,202,128
205,130,489,122
478,115,194,126
206,130,486,124
203,132,489,133
203,138,489,130
482,125,204,128
489,110,205,130
486,112,204,133
475,127,205,134
482,120,201,135
205,141,492,121
206,135,483,123
491,118,203,137
487,119,211,132
214,132,480,121
481,119,204,128
211,133,480,132
211,132,482,118
208,138,484,125
484,126,204,128
487,118,210,130
203,121,485,124
484,124,212,136
210,134,476,129
489,126,214,133
199,133,482,126
210,134,487,124
476,121,204,133
482,131,204,138
491,125,203,138
208,136,484,126
202,135,488,112
480,119,220,136
204,126,487,126
205,131,494,123
485,129,208,126
481,121,200,137
203,134,490,127
489,125,199,126
203,132,486,121
486,122,205,129
490,112,206,135
202,133,482,122
201,129,483,111
491,129,204,136
199,139,483,113
200,136,471,124
479,122,204,133
198,124,478,124
197,134,479,118
195,124,489,115
203,132,478,120
484,129,202,136
198,129,479,126
198,132,488,129
490,110,194,125
486,117,200,130
194,135,481,127
192,124,484,124
198,135,482,126
480,115,197,132
489,111,207,140
485,118,203,132
208,135,485,125
209,136,488,110
207,124,484,129
204,125,490,121
482,116,209,129
209,122,479,131
471,123,207,113
203,112,488,120
210,115,476,127
482,120,214,121
210,120,486,116
200,111,493,118
206,123,490,134
481,128,205,113
484,130,211,116
207,124,477,113
212,120,490,112
201,125,477,131
202,119,494,111
481,119,207,124
208,121,485,135
483,132,202,129
493,116,207,123
200,115,486,134
478,128,198,112
476,118,208,122
482,122,203,115
489,121,208,130
203,116,489,131
207,127,496,118
481,125,204,115
202,117,491,130
480,132,207,130
486,125,203,132
485,122,209,121
479,132,205,124
483,119,206,130
476,128,211,130
205,130,476,129
490,119,208,116
489,121,208,122
206,122,489,134
490,115,201,113
198,116,486,114
495,128,202,116
213,130,484,129
489,114,212,124
207,131,488,112
482,116,212,131
207,134,489,118
213,137,480,121
483,118,211,136
217,137,491,119
214,139,481,121
492,106,212,149
209,161,491,118
207,160,495,118
479,123,213,163
207,182,478,132
206,221,488,125
205,225,480,122
474,116,209,238
478,108,205,264
489,133,196,316
191,338,479,123
480,134,190,338
487,128,194,342
192,331,485,110
487,117,200,346
194,348,489,119
201,352,482,125
490,129,199,342
197,338,481,135
203,319,489,116
484,120,210,303
224,235,486,120
490,120,216,210
209,219,485,119
222,191,474,129
242,186,480,117
491,109,231,154
486,124,244,165
491,122,245,166
489,116,229,137
479,124,244,160
486,110,228,147
486,132,231,149
239,160,488,120
234,149,476,129
227,152,480,122
483,128,225,154
238,150,483,119
230,145,488,112
486,119,235,144
234,153,492,110
489,130,236,142
241,145,489,111
229,144,486,118
492,118,233,139
240,147,482,129
484,123,231,141
228,143,488,115
483,113,234,149
489,125,232,140
484,121,231,149
230,150,488,128
494,113,235,141
231,136,488,125
235,145,493,121
230,148,489,131
491,121,235,143
232,152,495,112
491,117,227,150
490,126,232,151
486,125,232,148
483,131,238,142
483,123,228,148
236,141,490,116
232,150,490,127
229,154,491,121
235,149,483,121
490,119,238,154
489,129,236,153
485,114,235,152
239,141,487,120
235,146,487,125
237,148,492,122
240,150,492,115
485,131,231,155
490,112,232,148
491,120,226,145
231,150,487,114
489,126,236,145
231,147,491,113
484,115,232,153
230,150,480,119
239,152,481,131
492,116,234,158
225,147,488,117
485,120,235,141
233,144,484,129
233,149,491,115
231,149,484,122
242,157,481,119
486,127,240,152
232,150,481,119
491,118,236,156
490,119,240,162
483,120,238,155
487,121,229,153
492,117,228,144
489,121,238,154
486,114,239,150
240,163,488,114
490,116,243,158
488,127,236,144
235,152,481,126
226,155,487,130
235,152,492,113
493,117,238,154
492,117,227,150
484,122,228,158
233,154,492,126
490,131,235,142
489,122,240,146
479,120,232,144
234,149,492,115
489,109,236,145
491,115,240,151
490,125,238,144
482,127,241,145
232,157,493,118
485,122,231,154
480,131,232,148
491,118,232,154
236,144,486,115
490,126,242,152
244,159,487,116
230,157,486,122
232,151,490,124
234,149,490,115
235,149,484,128
488,112,239,157
483,133,238,153
485,125,228,149
228,146,488,116
485,124,238,155
492,120,238,153
491,120,227,151
229,149,493,129
485,125,235,148
231,147,491,125
492,124,236,154
229,141,489,123
236,147,481,122
480,122,226,154
240,150,491,115
239,148,479,127
495,121,233,150
236,143,487,121
486,127,231,140
232,152,478,128
476,128,238,154
237,155,471,116
478,113,228,148
231,143,479,127
476,114,226,150
235,154,471,126
479,123,229,143
484,123,239,150
480,124,238,141
477,119,236,140
237,141,477,124
476,122,232,140
474,126,236,150
235,146,474,128
473,130,239,154
227,147,476,127
238,152,470,122
231,147,484,110
481,117,232,151
236,145,475,124
237,152,471,127
230,145,480,120
237,146,483,110
476,114,234,149
480,120,238,149
473,119,241,157
476,133,235,146
475,127,237,153
237,146,466,131
236,148,479,113
230,148,481,122
234,144,469,124
225,143,481,123
474,128,235,149
473,131,234,147
237,152,483,119
233,135,506,124
234,154,504,108
511,121,238,143
526,122,230,147
537,125,230,143
225,143,538,134
542,131,234,146
529,157,228,162
520,171,227,145
232,157,502,192
488,209,228,158
471,231,240,164
474,268,230,155
461,289,241,154
450,305,236,142
239,168,463,315
235,140,461,345
222,145,451,349
245,156,451,355
453,353,239,148
447,359,232,143
230,152,444,363
226,160,446,351
228,152,447,357
222,143,453,342
448,343,225,149
239,158,450,342
233,155,454,348
231,143,460,339
239,143,455,340
454,344,233,143
240,167,451,337
234,152,455,336
241,157,451,343
237,148,450,335
440,346,228,148
234,141,453,345
230,160,443,339
222,145,437,348
442,363,234,157
456,352,235,143
238,166,446,343
436,351,231,145
239,157,441,345
442,341,233,155
439,332,233,148
228,148,425,344
240,149,449,311
239,160,457,303
470,286,233,145
234,150,479,271
221,152,477,245
228,153,488,234
233,150,501,218
506,209,230,150
237,148,516,207
507,197,240,160
238,153,505,188
509,181,234,155
226,143,504,181
226,153,495,184
222,150,499,180
495,190,233,154
237,142,491,195
487,190,227,143
224,160,487,189
494,191,237,165
228,157,498,198
492,194,234,159
229,157,498,194
487,185,241,164
490,194,227,152
493,184,227,150
489,190,227,158
236,156,491,197
492,193,235,153
499,190,236,155
484,197,228,150
491,192,241,167
225,148,492,193
496,192,241,152
236,152,495,186
492,189,225,156
502,195,236,157
228,148,505,182
237,159,495,183
500,182,238,156
237,155,504,178
233,144,494,172
226,147,496,179
492,176,226,161
485,173,228,146
238,159,486,179
236,149,493,170
496,179,237,149
493,170,236,147
237,154,493,173
492,176,229,147
231,146,494,186
494,174,240,156
237,145,494,179
233,147,496,177
491,173,239,153
232,156,493,179
488,173,228,143
240,153,492,174
493,173,231,143
495,165,230,143
234,141,485,175
236,146,494,182
492,182,233,146
491,180,241,146
238,144,487,185
232,152,492,168
488,170,239,152
237,152,494,174
229,147,488,185
492,179,239,145
494,180,235,147
490,174,232,153
235,151,491,177
242,155,492,183
492,178,236,138
237,144,490,173
242,156,491,177
240,141,493,180
240,142,492,174
233,144,492,176
231,144,496,172
496,176,237,155
228,147,499,181
493,169,236,149
232,140,497,185
234,140,492,185
496,167,225,134
224,129,482,182
490,179,222,129
225,124,480,183
477,180,230,109
241,101,481,179
246,95,481,177
479,171,253,93
492,174,245,86
257,89,478,172
488,185,253,83
493,177,259,78
266,79,471,171
258,78,473,180
263,80,470,164
263,77,475,168
473,160,263,77
470,162,255,78
476,149,254,78
476,142,264,85
255,76,466,156
468,147,266,73
NaN,NaN,258,67
NaN,NaN,260,83
260,79,NaN,NaN
247,83,NaN,NaN
256,88,NaN,NaN
253,82,NaN,NaN
247,72,NaN,NaN
244,77,NaN,NaN
NaN,NaN,250,101
NaN,NaN,NaN,NaN
NaN,NaN,NaN,NaN
NaN,NaN,NaN,NaN
NaN,NaN,NaN,NaN
474,144,NaN,NaN
NaN,NaN,471,152
NaN,NaN,469,144
NaN,NaN,470,154
NaN,NaN,477,145
NaN,NaN,466,144
NaN,NaN,469,142
NaN,NaN,471,152
464,145,NaN,NaN
463,148,NaN,NaN
247,122,466,150
255,122,NaN,NaN
246,118,NaN,NaN
254,123,NaN,NaN
NaN,NaN,253,113
NaN,NaN,254,116
237,96,472,132
250,102,489,115
247,89,485,110
480,113,242,96
475,104,248,86
466,134,246,92
239,102,488,132
241,98,471,113
241,92,466,118
228,90,467,129
229,89,465,142
228,96,461,130
235,95,470,124
231,96,456,137
251,96,460,139
245,112,469,131
459,138,237,91
242,111,461,132
463,132,241,99
233,101,468,132
464,132,236,98
452,140,244,115
457,140,241,113
453,149,239,100
239,97,464,147
451,155,235,99
468,147,235,107
469,151,251,118
245,118,470,157
244,113,476,153
465,145,250,116
241,95,469,150
464,137,247,120
471,136,240,98
244,89,466,139
245,94,468,139
475,147,237,98
458,150,237,107
237,104,456,154
236,107,471,149
238,95,470,151
236,99,467,143
240,102,467,133
239,117,460,150
467,137,232,90
239,112,463,136
457,155,238,108
227,93,459,156
480,143,235,108
228,89,472,148
231,106,471,155
475,156,235,112
241,94,467,169
470,157,232,112
231,111,466,145
467,146,252,112
451,157,232,104
463,154,235,112
234,112,463,149
238,125,467,141
466,153,236,107
457,147,237,110
466,136,237,104
234,114,471,139
