305,134,428,147
431,160,307,129
432,152,305,125
427,153,305,139
305,125,433,163
305,133,434,164
433,154,307,121
428,139,308,131
432,155,303,130
308,132,432,147
431,144,313,128
435,156,307,123
430,150,305,130
308,138,432,147
309,136,438,140
308,129,431,152
424,161,303,135
423,152,312,131
424,165,311,146
428,164,307,129
307,118,428,160
427,150,328,127
430,150,325,106
424,147,324,79
343,65,415,162
411,149,358,61
385,62,415,165
380,61,426,154
NaN,NaN,419,133
NaN,NaN,421,158
433,172,NaN,NaN
NaN,NaN,451,193
NaN,NaN,465,220
NaN,NaN,483,264
481,265,NaN,NaN
483,278,NaN,NaN
NaN,NaN,483,281
NaN,NaN,494,266
491,273,NaN,NaN
NaN,NaN,498,264
NaN,NaN,480,237
NaN,NaN,475,233
455,203,NaN,NaN
NaN,NaN,462,190
NaN,NaN,440,185
434,175,NaN,NaN
NaN,NaN,441,170
NaN,NaN,431,163
NaN,NaN,433,177
423,184,NaN,NaN
431,181,NaN,NaN
425,166,NaN,NaN
434,186,NaN,NaN
NaN,NaN,436,180
428,177,NaN,NaN
429,184,NaN,NaN
433,183,NaN,NaN
420,167,NaN,NaN
429,172,NaN,NaN
425,178,NaN,NaN
429,176,NaN,NaN
NaN,NaN,432,185
431,182,NaN,NaN
NaN,NaN,422,179
NaN,NaN,430,172
426,168,NaN,NaN
423,170,NaN,NaN
421,178,NaN,NaN
429,168,NaN,NaN
NaN,NaN,426,176
NaN,NaN,424,182
423,171,NaN,NaN
NaN,NaN,430,186
NaN,NaN,429,178
413,162,NaN,NaN
404,152,NaN,NaN
NaN,NaN,402,140
324,115,423,158
305,90,421,159
418,152,258,82
408,160,211,74
143,74,419,151
415,156,90,75
413,150,51,66
60,74,411,149
414,157,52,71
53,62,419,169
411,164,NaN,NaN
418,156,NaN,NaN
414,163,NaN,NaN
415,162,NaN,NaN
423,164,NaN,NaN
NaN,NaN,415,161
NaN,NaN,414,162
413,148,NaN,NaN
NaN,NaN,419,159
53,113,419,152
424,162,NaN,NaN
414,162,NaN,NaN
418,155,NaN,NaN
420,147,NaN,NaN
419,164,NaN,NaN
NaN,NaN,418,160
NaN,NaN,419,150
NaN,NaN,413,157
NaN,NaN,420,159
NaN,NaN,424,156
NaN,NaN,420,162
414,157,NaN,NaN
NaN,NaN,424,156
417,148,NaN,NaN
420,162,NaN,NaN
NaN,NaN,419,165
NaN,NaN,411,160
NaN,NaN,418,159
NaN,NaN,420,153
NaN,NaN,412,151
412,164,NaN,NaN
416,149,NaN,NaN
NaN,NaN,415,157
NaN,NaN,422,161
NaN,NaN,423,160
422,164,NaN,NaN
NaN,NaN,419,162
NaN,NaN,414,152
NaN,NaN,414,159
NaN,NaN,412,157
NaN,NaN,422,162
NaN,NaN,423,153
NaN,NaN,419,163
NaN,NaN,424,162
415,167,NaN,NaN
NaN,NaN,421,159
NaN,NaN,417,153
415,159,52,166
75,152,420,156
414,156,122,127
425,163,164,112
195,115,424,158
225,91,418,157
413,156,242,98
269,89,429,159
281,95,420,155
419,155,289,76
420,140,312,92
304,96,412,152
323,92,422,150
314,89,407,157
403,149,314,85
301,87,396,144
323,83,409,144
316,72,405,146
329,76,405,157
409,158,339,82
NaN,NaN,383,122
NaN,NaN,398,140
NaN,NaN,418,161
438,206,NaN,NaN
NaN,NaN,456,236
477,260,NaN,NaN
NaN,NaN,489,278
NaN,NaN,496,282
545,401,NaN,NaN
NaN,NaN,548,402
549,412,NaN,NaN
524,368,NaN,NaN
NaN,NaN,521,373
521,371,NaN,NaN
517,375,NaN,NaN
520,374,NaN,NaN
NaN,NaN,514,374
513,376,NaN,NaN
NaN,NaN,518,375
513,374,NaN,NaN
NaN,NaN,516,375
NaN,NaN,521,380
520,382,NaN,NaN
NaN,NaN,546,415
516,372,NaN,NaN
524,373,NaN,NaN
NaN,NaN,548,414
NaN,NaN,502,296
NaN,NaN,494,284
488,266,NaN,NaN
NaN,NaN,468,239
NaN,NaN,451,197
427,180,NaN,NaN
419,164,NaN,NaN
368,122,NaN,NaN
348,109,454,149
349,114,451,144
NaN,NaN,340,86
430,150,331,100
322,91,422,150
431,143,324,92
330,85,425,140
435,138,338,97
316,81,418,128
319,93,419,141
413,127,315,95
308,100,435,125
427,119,302,105
423,134,296,99
301,100,407,129
427,134,306,97
400,140,300,94
306,104,409,135
308,105,419,122
398,125,296,90
414,123,304,92
410,128,308,95
406,133,308,111
408,130,303,106
305,106,413,124
310,113,415,126
298,107,399,138
415,130,311,111
302,107,409,132
303,102,404,142
428,138,328,115
314,119,414,121
NaN,NaN,379,152
NaN,NaN,385,162
407,180,NaN,NaN
NaN,NaN,434,213
NaN,NaN,446,226
472,266,NaN,NaN
NaN,NaN,478,283
NaN,NaN,480,290
NaN,NaN,517,354
NaN,NaN,518,356
NaN,NaN,526,383
517,379,NaN,NaN
520,373,NaN,NaN
NaN,NaN,520,372
519,375,NaN,NaN
NaN,NaN,524,381
522,382,NaN,NaN
524,383,NaN,NaN
521,384,NaN,NaN
519,374,NaN,NaN
519,374,NaN,NaN
NaN,NaN,516,377
515,376,NaN,NaN
520,376,NaN,NaN
512,363,NaN,NaN
NaN,NaN,519,378
518,350,NaN,NaN
NaN,NaN,486,282
NaN,NaN,474,277
464,246,NaN,NaN
447,217,NaN,NaN
429,192,NaN,NaN
405,155,NaN,NaN
388,154,NaN,NaN
NaN,NaN,375,156
419,132,NaN,NaN
406,138,NaN,NaN
399,154,NaN,NaN
397,136,NaN,NaN
293,109,393,144
296,105,409,144
285,108,407,150
399,145,284,108
401,142,293,103
406,145,290,109
290,104,406,138
407,130,291,106
405,144,283,117
298,108,413,137
290,109,411,146
296,110,415,138
406,143,294,112
288,111,405,137
410,141,284,120
293,114,406,141
408,146,290,112
404,142,286,118
288,111,412,145
404,138,298,117
291,118,408,147
397,142,295,111
409,130,299,118
297,108,402,141
295,115,404,135
297,118,410,135
304,117,406,134
397,141,298,117
400,136,300,117
413,132,295,113
407,136,298,109
293,108,392,138
404,128,292,114
296,111,405,144
291,108,392,140
293,109,404,141
306,112,407,134
NaN,NaN,410,133
392,142,NaN,NaN
402,122,300,115
394,132,292,118
291,113,395,135
403,136,303,126
406,132,300,116
401,140,293,112
407,141,307,117
402,138,296,117
300,118,401,149
395,132,293,110
400,130,299,118
408,142,302,120
292,119,400,134
399,143,294,114
289,111,397,138
292,109,393,140
406,138,304,115
404,135,299,108
300,114,403,134
406,137,299,119
302,128,408,133
300,117,406,139
303,128,405,141
295,111,408,130
409,139,294,113
301,112,402,143
294,116,402,130
404,140,302,124
300,118,408,137
292,123,396,135
405,131,291,118
289,118,393,144
408,139,293,110
410,137,304,116
401,130,294,111
403,138,295,112
293,120,406,140
398,143,290,122
295,115,397,138
299,123,398,147
405,143,305,127
299,110,399,142
296,117,396,136
405,140,305,118
298,119,398,143
297,121,398,140
290,116,399,143
408,138,306,115
295,115,403,147
402,134,300,119
399,146,297,116
400,140,299,115
401,140,293,113
403,144,299,116
403,141,295,114
404,139,295,110
299,109,402,143
409,137,302,111
397,135,296,113
403,130,298,117
292,112,392,137
405,134,296,112
409,134,302,113
401,137,295,113
407,139,289,119
301,116,411,141
396,150,295,121
299,118,411,139
295,120,401,152
295,111,411,149
398,138,293,107
414,147,289,90
291,98,399,145
406,135,297,104
402,144,302,114
293,129,403,135
296,172,404,147
293,186,401,148
283,218,403,145
415,146,NaN,NaN
402,144,316,315
315,345,405,139
409,144,310,363
301,358,401,149
397,147,310,394
306,391,412,137
303,393,411,154
314,403,412,146
396,142,303,401
307,407,407,152
402,152,309,406
402,144,310,396
408,141,310,394
411,140,314,396
407,148,317,395
413,149,312,404
317,406,408,152
400,144,313,399
405,145,309,393
314,395,408,143
404,151,315,383
407,150,319,374
405,155,319,350
404,147,322,303
412,148,321,265
301,214,410,153
397,159,296,182
289,147,391,162
410,152,305,141
314,129,414,154
298,122,401,148
298,116,406,151
410,145,305,109
419,137,309,113
418,147,313,121
303,105,406,142
307,101,406,144
304,114,409,147
309,112,409,149
405,143,309,117
412,147,313,119
302,107,400,148
312,113,417,128
413,139,309,120
308,103,404,151
414,148,311,100
321,94,421,125
420,137,300,89
420,145,320,85
315,78,429,142
311,78,424,125
317,92,426,136
420,127,315,93
315,97,423,129
396,125,NaN,NaN
NaN,NaN,400,127
NaN,NaN,407,123
NaN,NaN,408,121
409,123,NaN,NaN
403,127,NaN,NaN
NaN,NaN,404,125
NaN,NaN,400,122
405,124,NaN,NaN
NaN,NaN,406,123
NaN,NaN,406,128
404,126,NaN,NaN
NaN,NaN,405,126
389,121,NaN,NaN
407,123,NaN,NaN
397,111,NaN,NaN
NaN,NaN,401,102
419,94,314,101
313,81,417,111
310,96,413,114
406,115,306,95
424,108,324,84
406,112,306,92
416,87,316,91
420,90,320,83
418,93,317,81
417,86,312,84
314,76,NaN,NaN
NaN,NaN,320,80
315,78,NaN,NaN
320,75,NaN,NaN
315,80,NaN,NaN
NaN,NaN,307,92
313,84,NaN,NaN
NaN,NaN,305,88
NaN,NaN,305,73
303,82,NaN,NaN
NaN,NaN,299,75
314,82,NaN,NaN
NaN,NaN,305,71
NaN,NaN,301,80
NaN,NaN,301,83
NaN,NaN,302,88
305,75,NaN,NaN
NaN,NaN,314,83
311,88,NaN,NaN
NaN,NaN,311,85
299,79,NaN,NaN
325,92,NaN,NaN
NaN,NaN,315,87
NaN,NaN,304,74
321,95,NaN,NaN
317,87,NaN,NaN
309,75,NaN,NaN
306,73,NaN,NaN
309,94,NaN,NaN
308,101,407,129
300,102,397,123
406,141,311,122
314,139,NaN,NaN
NaN,NaN,334,182
NaN,NaN,366,249
NaN,NaN,373,273
400,340,NaN,NaN
404,358,NaN,NaN
NaN,NaN,422,410
NaN,NaN,416,403
408,404,NaN,NaN
417,416,401,131
412,412,407,125
420,420,401,132
396,140,418,415
416,405,407,131
419,416,400,118
407,409,NaN,NaN
413,407,401,118
NaN,NaN,407,411
417,403,NaN,NaN
424,411,356,339
419,414,365,307
369,303,421,418
363,270,NaN,NaN
NaN,NaN,355,246
NaN,NaN,320,193
307,177,NaN,NaN
298,134,416,137
412,128,298,112
411,124,291,106
297,105,399,121
412,124,288,85
293,87,415,127
302,99,412,123
408,121,304,99
304,87,405,123
408,131,306,77
308,88,410,128
429,128,326,92
405,120,306,89
429,116,328,111
323,104,424,102
426,124,330,94
314,85,417,127
325,85,423,112
419,111,312,103
417,111,318,102
310,101,411,124
306,79,415,129
313,84,NaN,NaN
417,138,317,80
313,82,417,115
304,97,404,128
303,88,403,132
NaN,NaN,317,88
NaN,NaN,313,91
313,88,415,125
NaN,NaN,328,94
NaN,NaN,330,93
NaN,NaN,319,92
322,86,427,118
418,105,313,85
310,73,414,120
317,74,415,104
307,87,407,118
322,90,NaN,NaN
327,99,NaN,NaN
325,84,NaN,NaN
329,96,NaN,NaN
324,92,NaN,NaN
318,94,NaN,NaN
NaN,NaN,320,87
NaN,NaN,316,72
316,76,NaN,NaN
305,86,411,121
322,75,NaN,NaN
NaN,NaN,316,82
302,77,NaN,NaN
NaN,NaN,316,92
312,87,NaN,NaN
NaN,NaN,316,95
312,97,NaN,NaN
300,76,398,116
302,74,403,124
407,120,310,70
399,118,306,69
315,91,NaN,NaN
NaN,NaN,306,88
308,84,NaN,NaN
NaN,NaN,313,100
318,82,NaN,NaN
411,114,309,78
409,96,309,74
410,115,311,84
310,85,409,93
NaN,NaN,321,98
406,117,306,75
320,83,NaN,NaN
NaN,NaN,327,92
NaN,NaN,323,77
307,68,410,112
316,73,415,111
317,82,420,87
412,100,313,86
305,91,403,103
312,103,411,99
420,80,319,95
412,83,311,91
304,83,422,98
423,95,316,87
415,103,310,82
315,75,427,98
316,76,419,87
427,92,322,85
420,90,317,78
323,71,424,84
426,94,326,87
310,88,NaN,NaN
312,87,412,101
NaN,NaN,317,90
NaN,NaN,320,94
323,92,428,95
319,89,NaN,NaN
324,75,425,90
412,114,312,73
312,75,NaN,NaN
311,88,411,116
434,99,330,87
425,111,321,92
NaN,NaN,331,83
431,95,330,89
324,96,425,95
325,83,428,101
326,77,428,97
331,74,432,94
336,75,NaN,NaN
324,90,428,99
NaN,NaN,328,77
NaN,NaN,332,79
327,85,NaN,NaN
NaN,NaN,329,80
322,75,423,103
327,89,426,95
320,92,423,82
315,90,421,80
314,101,429,88
318,81,427,88
413,113,311,76
410,110,308,94
307,75,420,110
307,92,408,118
306,72,408,111
410,118,309,78
305,87,421,108
418,102,304,74
414,104,306,79
406,88,296,84
304,81,421,98
298,77,413,98
304,78,407,92
304,70,418,92
314,97,418,92
409,96,307,71
416,86,312,97
314,93,414,82
409,75,299,69
299,71,411,88
412,73,305,69
305,69,411,92
304,72,412,81
306,98,406,89
423,97,314,104
410,98,306,63
417,97,304,66
406,94,302,63
418,78,306,69
308,71,409,105
320,92,422,100
423,103,305,70
298,71,406,100
309,71,410,106
316,73,418,100
422,96,303,73
425,93,299,77
303,66,421,101
302,72,412,90
330,98,433,75
301,85,408,92
304,73,406,91
413,103,311,99
405,99,307,80
413,87,308,85
308,71,416,99
423,99,323,102
314,106,425,102
300,71,424,101
302,79,411,103
303,76,425,75
405,106,302,79
300,78,428,101
297,85,424,102
406,90,300,88
431,84,300,90
408,91,300,89
298,84,425,101
422,97,315,91
419,97,299,89
294,89,420,85
300,94,413,93
294,94,419,100
298,81,423,105
430,96,299,89
302,95,414,109
422,105,301,89
428,111,301,88
299,95,417,111
425,106,301,93
412,111,291,95
297,95,411,113
419,107,301,91
294,91,411,112
411,115,307,79
302,86,415,93
415,113,298,95
404,105,301,89
411,99,309,91
314,101,413,92
419,108,311,86
308,89,415,114
425,90,315,82
310,88,411,100
419,114,315,91
312,93,421,111
312,93,415,116
420,113,311,76
308,87,411,93
309,96,417,113
414,96,302,84
310,88,414,118
421,113,305,99
408,108,305,90
408,110,300,91
307,100,408,123
307,106,408,118
313,87,411,121
312,91,411,123
420,121,311,92
315,88,413,120
417,112,305,87
322,93,432,97
416,119,317,74
311,83,411,110
311,82,417,120
410,113,313,82
418,117,307,81
418,119,316,80
309,79,415,122
301,85,405,122
312,82,415,122
318,83,NaN,NaN
305,97,409,117
415,126,311,94
312,88,412,117
309,104,413,137
317,90,418,131
315,95,424,125
408,120,308,97
415,134,314,93
417,127,316,110
416,124,308,91
413,130,307,99
323,105,423,129
318,105,419,123
407,127,308,91
317,92,430,125
413,115,312,83
417,126,314,100
321,104,433,137
330,97,436,111
326,101,434,134
317,96,441,135
442,128,320,108
313,101,451,144
435,137,315,107
427,138,305,100
312,109,437,142
313,104,444,135
305,107,437,142
306,117,440,128
309,132,435,136
307,147,445,128
440,140,292,163
289,187,437,130
289,214,435,147
438,135,291,246
439,140,304,296
316,333,435,126
433,142,310,364
310,364,438,141
300,360,445,140
432,146,308,377
438,133,309,379
436,137,312,393
305,391,435,142
308,397,436,147
434,144,316,390
315,393,433,144
317,384,432,146
428,145,317,387
444,124,317,378
442,141,309,377
442,145,311,364
445,144,305,337
448,147,313,313
313,262,456,144
311,231,441,126
296,207,456,144
280,155,450,146
449,146,284,152
281,143,434,139
265,129,441,138
452,125,271,128
281,128,445,149
452,139,278,129
267,128,439,137
443,140,268,134
279,124,439,137
251,116,444,138
445,137,281,126
443,139,264,114
271,128,442,141
289,127,441,144
438,138,283,124
444,136,294,133
442,144,286,123
289,120,437,137
288,137,438,137
293,130,437,137
294,133,443,137
292,116,448,136
276,115,433,137
439,138,300,139
444,143,277,118
280,120,448,119
272,124,435,133
428,130,290,137
275,118,431,134
282,137,432,132
427,130,280,125
281,135,446,144
276,116,433,134
430,142,291,133
283,127,449,143
261,130,433,137
278,127,442,139
260,111,436,143
448,137,266,108
275,134,431,136
441,132,272,120
425,125,292,132
438,124,280,107
287,122,NaN,NaN
297,123,414,112
287,117,396,121
282,117,394,120
407,99,299,124
296,132,397,117
275,132,407,110
406,120,294,137
411,105,294,138
394,119,281,138
412,122,293,152
308,155,419,114
316,160,NaN,NaN
422,120,313,160
NaN,NaN,316,166
NaN,NaN,319,173
333,196,NaN,NaN
351,220,NaN,NaN
360,242,NaN,NaN
NaN,NaN,368,253
NaN,NaN,377,285
NaN,NaN,383,295
NaN,NaN,406,330
419,351,NaN,NaN
NaN,NaN,416,376
421,365,438,129
413,361,NaN,NaN
NaN,NaN,416,371
NaN,NaN,418,396
418,388,NaN,NaN
420,385,NaN,NaN
418,375,NaN,NaN
420,398,427,129
NaN,NaN,415,409
NaN,NaN,415,393
417,393,NaN,NaN
NaN,NaN,417,408
NaN,NaN,416,405
412,401,NaN,NaN
416,402,NaN,NaN
NaN,NaN,416,382
NaN,NaN,413,370
NaN,NaN,414,384
406,343,NaN,NaN
442,140,391,304
368,269,447,139
440,122,NaN,NaN
338,220,438,127
312,190,452,121
297,163,457,106
458,107,284,152
455,104,293,151
294,136,NaN,NaN
293,129,NaN,NaN
294,130,NaN,NaN
289,104,448,91
435,100,297,120
284,113,NaN,NaN
296,112,NaN,NaN
NaN,NaN,298,112
NaN,NaN,293,114
NaN,NaN,299,113
NaN,NaN,313,139
302,114,NaN,NaN
302,117,NaN,NaN
316,129,NaN,NaN
319,131,NaN,NaN
NaN,NaN,301,101
299,100,NaN,NaN
305,99,NaN,NaN
NaN,NaN,300,97
NaN,NaN,300,101
309,100,NaN,NaN
NaN,NaN,311,92
306,95,NaN,NaN
NaN,NaN,305,102
NaN,NaN,302,89
300,110,NaN,NaN
NaN,NaN,309,110
326,116,NaN,NaN
315,107,NaN,NaN
NaN,NaN,327,110
324,105,NaN,NaN
NaN,NaN,328,105
NaN,NaN,322,108
327,108,NaN,NaN
315,102,NaN,NaN
NaN,NaN,324,103
NaN,NaN,327,106
NaN,NaN,328,114
333,113,NaN,NaN
319,107,NaN,NaN
NaN,NaN,327,104
NaN,NaN,323,102
NaN,NaN,316,105
332,114,NaN,NaN
NaN,NaN,322,107
322,97,NaN,NaN
318,101,NaN,NaN
327,95,NaN,NaN
NaN,NaN,326,103
328,101,NaN,NaN
313,96,NaN,NaN
NaN,NaN,321,86
319,83,NaN,NaN
NaN,NaN,320,104
330,100,NaN,NaN
NaN,NaN,320,103
NaN,NaN,323,104
NaN,NaN,325,104
NaN,NaN,317,95
NaN,NaN,321,107
NaN,NaN,319,106
322,111,NaN,NaN
308,93,NaN,NaN
299,94,NaN,NaN
NaN,NaN,304,93
NaN,NaN,310,90
NaN,NaN,316,82
320,95,NaN,NaN
NaN,NaN,329,92
310,93,NaN,NaN
NaN,NaN,305,101
319,101,NaN,NaN
310,95,NaN,NaN
311,101,NaN,NaN
NaN,NaN,324,98
311,91,406,131
327,114,NaN,NaN
316,99,NaN,NaN
313,107,NaN,NaN
NaN,NaN,304,104
326,114,NaN,NaN
NaN,NaN,318,112
NaN,NaN,325,98
NaN,NaN,324,105
NaN,NaN,328,110
NaN,NaN,331,97
NaN,NaN,317,105
316,102,NaN,NaN
309,100,NaN,NaN
NaN,NaN,322,105
NaN,NaN,323,94
NaN,NaN,319,85
NaN,NaN,314,89
NaN,NaN,322,101
313,98,NaN,NaN
NaN,NaN,315,93
NaN,NaN,327,96
322,86,NaN,NaN
NaN,NaN,318,99
NaN,NaN,319,104
NaN,NaN,321,97
NaN,NaN,322,99
NaN,NaN,320,96
NaN,NaN,317,98
NaN,NaN,322,97
NaN,NaN,321,89
NaN,NaN,316,96
NaN,NaN,318,93
NaN,NaN,313,92
NaN,NaN,320,90
326,82,NaN,NaN
NaN,NaN,318,86
323,95,NaN,NaN
326,101,NaN,NaN
311,93,NaN,NaN
326,87,NaN,NaN
NaN,NaN,325,86
324,89,NaN,NaN
NaN,NaN,324,107
330,96,NaN,NaN
NaN,NaN,334,101
331,90,NaN,NaN
452,90,327,86
436,101,330,99
436,84,336,82
442,77,331,72
436,83,337,87
436,71,337,86
331,74,433,80
345,94,444,66
344,81,470,75
367,81,NaN,NaN
NaN,NaN,352,61
339,68,NaN,NaN
342,69,NaN,NaN
327,62,440,77
341,69,448,83
347,77,451,72
439,76,331,70
431,76,332,63
467,69,343,65
324,63,439,70
346,62,455,80
454,64,342,70
344,66,457,63
454,65,340,71
457,68,341,64
332,64,450,79
464,82,349,67
355,80,470,81
443,74,344,71
354,76,NaN,NaN
454,79,349,72
453,80,351,63
459,75,334,66
455,75,346,61
351,62,457,74
332,62,437,82
339,62,456,79
348,61,477,67
449,74,338,69
337,64,443,72
342,61,454,73
454,71,352,65
352,66,460,69
461,79,337,64
362,62,465,68
463,70,347,62
343,68,450,70
467,73,350,61
456,62,341,63
359,65,458,66
329,63,446,79
332,64,458,70
442,80,342,71
452,73,338,62
441,87,335,62
NaN,NaN,327,64
NaN,NaN,318,62
334,77,NaN,NaN
323,81,NaN,NaN
NaN,NaN,307,67
437,94,320,93
NaN,NaN,297,92
292,122,NaN,NaN
294,156,450,112
451,125,298,186
293,240,NaN,NaN
NaN,NaN,305,289
448,127,298,304
302,345,NaN,NaN
301,350,NaN,NaN
NaN,NaN,301,380
NaN,NaN,304,387
NaN,NaN,296,371
300,392,NaN,NaN
NaN,NaN,300,397
306,398,NaN,NaN
299,398,455,124
303,405,454,125
304,391,453,111
315,404,452,132
300,384,456,130
305,366,461,132
451,128,313,334
451,132,311,297
NaN,NaN,454,133
312,217,455,129
330,171,446,125
450,129,331,144
439,127,328,118
328,122,438,125
446,121,342,114
334,111,439,122
334,104,439,124
438,122,334,108
444,122,321,89
335,109,440,118
439,119,336,105
439,122,333,89
432,116,327,92
447,113,333,102
340,120,445,115
446,117,344,119
329,96,431,103
343,92,450,104
336,102,437,109
350,104,452,108
433,102,334,107
429,100,329,98
439,106,331,108
333,90,440,98
436,102,338,89
438,96,336,111
336,111,435,94
333,109,433,98
339,114,435,98
341,98,448,108
355,102,457,90
353,82,NaN,NaN
429,96,330,84
352,78,454,104
350,79,456,113
329,82,430,97
333,84,435,79
433,88,333,98
333,86,433,82
453,112,347,96
434,85,333,97
430,100,330,94
450,111,341,110
434,91,330,96
433,89,333,107
331,92,431,97
329,85,431,100
337,97,441,97
440,101,334,96
341,108,446,102
444,106,330,82
338,95,447,98
444,101,343,91
449,98,343,89
445,98,343,96
343,104,440,96
436,102,339,93
444,95,344,95
347,109,448,96
445,95,340,93
342,94,446,92
447,96,344,73
344,97,445,100
348,97,449,96
451,99,337,90
454,96,345,88
436,105,336,81
446,87,343,104
342,86,448,92
341,86,441,93
337,80,444,96
333,82,446,86
441,100,330,93
443,97,340,104
447,91,337,88
440,101,338,89
345,93,449,88
449,95,346,92
443,99,338,92
463,108,360,93
338,108,438,98
440,105,338,93
438,99,338,86
333,92,434,106
444,81,342,117
437,93,339,107
338,92,439,97
443,92,344,91
438,96,338,120
443,87,339,109
438,103,336,99
439,95,339,89
342,87,443,96
432,88,329,100
429,100,337,105
434,92,337,110
352,104,452,110
432,97,339,96
436,85,337,109
437,90,340,88
435,96,334,113
435,93,339,109
449,85,348,94
NaN,NaN,344,94
NaN,NaN,350,108
344,93,448,83
328,103,429,103
333,115,436,100
346,138,454,99
345,150,441,114
342,182,463,110
443,126,NaN,NaN
440,127,NaN,NaN
330,314,446,110
321,328,440,125
320,363,449,136
315,388,462,120
304,393,446,135
445,128,311,406
447,130,314,400
307,400,447,134
447,122,303,400
320,415,447,118
447,124,312,418
323,414,443,130
308,402,447,126
308,402,448,121
309,407,445,124
450,130,315,419
444,133,304,411
307,397,464,128
456,133,305,401
461,140,306,403
457,134,306,406
443,126,317,410
451,135,308,413
454,134,303,396
460,129,305,393
308,400,455,128
305,396,460,134
311,388,457,136
307,392,452,130
449,125,305,404
303,398,452,132
452,127,312,386
461,137,309,386
301,401,450,125
456,133,309,401
310,406,456,124
307,393,NaN,NaN
306,394,454,133
315,393,458,125
308,375,445,127
316,355,446,126
457,133,329,311
NaN,NaN,464,132
NaN,NaN,464,137
NaN,NaN,455,129
NaN,NaN,313,177
NaN,NaN,NaN,NaN
NaN,NaN,NaN,NaN
NaN,NaN,NaN,NaN
NaN,NaN,305,126
NaN,NaN,302,106
317,116,NaN,NaN
315,102,NaN,NaN
324,119,NaN,NaN
NaN,NaN,307,100
NaN,NaN,330,110
433,133,329,119
438,122,334,120
438,128,336,116
441,126,337,102
440,132,339,111
437,125,338,108
336,92,441,131
440,129,336,112
338,105,443,126
335,118,439,123
338,99,439,114
336,116,436,118
441,117,340,118
332,106,443,125
342,91,442,125
341,100,442,120
429,118,329,97
439,117,335,100
444,124,342,117
337,125,439,132
429,116,329,106
338,100,439,121
335,105,436,122
431,117,325,112
426,116,323,104
430,118,330,121
333,100,433,112
NaN,NaN,342,110
337,113,NaN,NaN
NaN,NaN,347,114
NaN,NaN,353,101
NaN,NaN,357,120
NaN,NaN,347,121
331,103,436,116
432,113,334,97
343,110,NaN,NaN
335,110,433,115
431,112,331,96
341,114,NaN,NaN
429,116,331,107
347,125,NaN,NaN
420,125,323,107
430,119,333,116
NaN,NaN,348,110
332,109,427,115
351,98,NaN,NaN
NaN,NaN,344,112
NaN,NaN,340,102
344,97,NaN,NaN
426,112,335,95
344,111,437,112
355,123,NaN,NaN
360,113,NaN,NaN
NaN,NaN,354,115
NaN,NaN,353,110
NaN,NaN,345,115
351,100,NaN,NaN
339,99,NaN,NaN
356,106,NaN,NaN
361,115,NaN,NaN
NaN,NaN,355,108
348,113,NaN,NaN
348,116,NaN,NaN
351,105,NaN,NaN
347,107,449,108
461,106,359,106
448,105,336,79
454,120,342,84
343,77,446,109
460,132,356,80
349,65,455,128
349,64,470,122
456,109,351,63
347,64,455,121
452,114,340,63
323,66,473,110
460,136,332,70
462,118,330,65
315,71,457,110
458,106,309,91
480,106,304,74
300,81,NaN,NaN
285,84,478,97
475,97,281,93
479,78,280,87
273,84,463,87
277,99,446,76
NaN,NaN,274,103
280,90,392,116
382,112,278,87
281,108,382,117
288,111,389,111
283,113,394,112
284,106,389,116
388,124,277,123
284,118,384,132
389,119,281,123
400,129,294,140
401,132,287,142
402,130,283,153
392,135,288,180
290,206,407,135
303,247,406,134
409,139,NaN,NaN
316,306,410,138
311,347,410,138
310,363,414,134
410,131,302,369
317,389,412,130
410,134,320,397
312,398,410,140
317,383,410,137
319,391,417,121
314,393,414,140
319,391,418,141
320,397,415,132
313,380,413,138
316,382,423,133
405,134,313,386
311,393,419,130
407,130,311,400
410,126,306,400
418,120,306,395
412,132,306,379
421,140,292,358
412,137,309,330
414,143,298,288
NaN,NaN,420,138
NaN,NaN,415,140
416,133,NaN,NaN
418,126,286,168
NaN,NaN,424,138
423,138,311,161
280,139,422,133
304,157,425,127
414,132,297,141
424,129,300,149
299,154,410,135
296,142,418,115
303,159,421,127
416,134,294,130
302,130,418,129
416,135,309,150
309,154,413,124
302,141,405,136
423,138,314,150
314,148,425,136
313,143,422,139
425,135,301,145
304,128,414,135
311,135,415,127
309,122,414,142
419,135,307,121
301,106,426,138
304,101,420,133
306,109,427,127
305,103,427,141
302,105,432,137
431,133,301,106
309,109,412,121
421,129,306,100
412,132,300,101
427,126,310,117
306,110,407,89
305,106,405,80
304,110,404,76
304,106,413,69
400,73,298,98
296,93,396,88
275,90,375,102
283,85,380,114
289,91,384,114
398,117,293,101
389,110,291,93
401,105,302,83
413,116,312,95
403,129,306,95
410,118,308,111
315,112,415,103
304,104,407,123
424,142,319,106
342,117,427,176
NaN,NaN,429,204
443,215,NaN,NaN
NaN,NaN,486,264
505,298,NaN,NaN
NaN,NaN,527,355
NaN,NaN,530,375
529,372,NaN,NaN
519,393,NaN,NaN
NaN,NaN,517,386
520,394,NaN,NaN
NaN,NaN,522,394
NaN,NaN,516,404
527,393,NaN,NaN
525,397,NaN,NaN
NaN,NaN,524,393
NaN,NaN,516,394
516,398,NaN,NaN
515,390,NaN,NaN
510,394,NaN,NaN
523,397,NaN,NaN
512,391,NaN,NaN
515,393,NaN,NaN
NaN,NaN,522,396
508,378,NaN,NaN
511,384,433,95
501,371,425,114
477,359,421,122
457,338,424,112
434,301,416,124
421,99,399,262
369,229,428,100
434,113,333,191
422,116,326,180
403,123,290,139
NaN,NaN,280,119
263,107,NaN,NaN
250,93,NaN,NaN
268,104,NaN,NaN
261,104,NaN,NaN
NaN,NaN,261,95
257,90,NaN,NaN
NaN,NaN,260,97
262,89,NaN,NaN
260,88,NaN,NaN
265,104,NaN,NaN
266,98,NaN,NaN
NaN,NaN,261,87
269,99,NaN,NaN
NaN,NaN,269,96
269,104,NaN,NaN
NaN,NaN,277,99
277,102,NaN,NaN
277,104,NaN,NaN
270,98,NaN,NaN
273,100,NaN,NaN
NaN,NaN,262,96
275,106,NaN,NaN
NaN,NaN,264,107
268,105,NaN,NaN
270,109,NaN,NaN
NaN,NaN,267,105
NaN,NaN,269,105
272,113,NaN,NaN
281,109,NaN,NaN
277,111,NaN,NaN
277,108,NaN,NaN
278,111,NaN,NaN
278,112,NaN,NaN
264,110,NaN,NaN
NaN,NaN,269,117
NaN,NaN,278,129
290,141,NaN,NaN
297,140,403,107
NaN,NaN,321,147
336,155,NaN,NaN
NaN,NaN,389,209
NaN,NaN,416,212
NaN,NaN,446,246
NaN,NaN,477,283
493,308,NaN,NaN
NaN,NaN,514,328
NaN,NaN,523,345
520,353,NaN,NaN
525,363,NaN,NaN
518,368,NaN,NaN
NaN,NaN,517,374
517,376,NaN,NaN
NaN,NaN,515,370
532,382,NaN,NaN
530,378,NaN,NaN
518,372,NaN,NaN
514,373,NaN,NaN
525,374,NaN,NaN
NaN,NaN,525,377
522,374,NaN,NaN
NaN,NaN,511,374
514,385,NaN,NaN
NaN,NaN,514,388
NaN,NaN,509,381
NaN,NaN,518,389
NaN,NaN,517,386
NaN,NaN,514,386
514,387,NaN,NaN
507,390,NaN,NaN
509,382,NaN,NaN
514,387,NaN,NaN
511,386,NaN,NaN
NaN,NaN,506,384
NaN,NaN,509,380
NaN,NaN,512,382
509,379,NaN,NaN
NaN,NaN,500,360
418,94,508,349
499,337,NaN,NaN
495,325,NaN,NaN
486,294,NaN,NaN
468,267,NaN,NaN
441,239,NaN,NaN
428,219,NaN,NaN
414,195,NaN,NaN
342,139,NaN,NaN
425,140,319,115
298,98,399,116
NaN,NaN,300,101
NaN,NaN,291,91
278,78,NaN,NaN
273,79,NaN,NaN
NaN,NaN,262,76
NaN,NaN,256,63
NaN,NaN,255,75
258,73,NaN,NaN
NaN,NaN,261,73
NaN,NaN,266,64
NaN,NaN,267,68
NaN,NaN,276,72
NaN,NaN,274,72
278,65,NaN,NaN
NaN,NaN,283,75
NaN,NaN,283,70
284,78,NaN,NaN
NaN,NaN,283,74
284,76,NaN,NaN
284,76,NaN,NaN
NaN,NaN,285,74
NaN,NaN,283,72
285,74,NaN,NaN
NaN,NaN,288,72
265,65,NaN,NaN
NaN,NaN,NaN,NaN
NaN,NaN,283,74
NaN,NaN,NaN,NaN
NaN,NaN,278,79
252,63,NaN,NaN
255,62,NaN,NaN
NaN,NaN,265,67
NaN,NaN,274,75
NaN,NaN,278,78
NaN,NaN,276,78
281,82,NaN,NaN
NaN,NaN,280,82
279,91,NaN,NaN
NaN,NaN,290,83
NaN,NaN,284,78
284,76,NaN,NaN
286,74,NaN,NaN
NaN,NaN,284,77
284,75,NaN,NaN
NaN,NaN,287,69
NaN,NaN,284,77
NaN,NaN,288,79
NaN,NaN,287,77
NaN,NaN,282,76
NaN,NaN,288,75
290,78,NaN,NaN
288,76,NaN,NaN
NaN,NaN,284,76
287,78,NaN,NaN
NaN,NaN,288,79
NaN,NaN,283,73
277,83,NaN,NaN
289,78,NaN,NaN
NaN,NaN,286,75
282,76,NaN,NaN
NaN,NaN,288,81
NaN,NaN,290,75
281,77,NaN,NaN
NaN,NaN,289,81
283,75,NaN,NaN
288,78,NaN,NaN
NaN,NaN,283,78
288,80,NaN,NaN
NaN,NaN,286,79
NaN,NaN,279,75
280,74,NaN,NaN
NaN,NaN,283,84
NaN,NaN,284,83
NaN,NaN,280,82
281,80,NaN,NaN
283,78,NaN,NaN
276,68,NaN,NaN
NaN,NaN,271,69
272,67,NaN,NaN
NaN,NaN,283,71
285,71,NaN,NaN
NaN,NaN,287,72
280,92,NaN,NaN
NaN,NaN,279,74
NaN,NaN,281,74
282,77,NaN,NaN
NaN,NaN,281,73
NaN,NaN,277,78
NaN,NaN,276,95
285,92,NaN,NaN
NaN,NaN,296,128
310,152,NaN,NaN
340,207,NaN,NaN
364,246,NaN,NaN
NaN,NaN,385,297
377,306,424,409
432,413,379,320
NaN,NaN,420,405
NaN,NaN,420,404
423,414,NaN,NaN
425,408,NaN,NaN
NaN,NaN,424,409
NaN,NaN,423,408
424,411,NaN,NaN
420,409,NaN,NaN
414,405,NaN,NaN
NaN,NaN,421,402
NaN,NaN,415,369
NaN,NaN,400,329
NaN,NaN,385,288
379,259,NaN,NaN
374,237,NaN,NaN
347,200,NaN,NaN
326,165,NaN,NaN
324,156,NaN,NaN
313,128,NaN,NaN
295,117,NaN,NaN
NaN,NaN,292,107
274,101,384,109
NaN,NaN,265,111
259,97,NaN,NaN
NaN,NaN,278,113
NaN,NaN,266,114
NaN,NaN,261,97
272,113,NaN,NaN
NaN,NaN,NaN,NaN
NaN,NaN,267,109
NaN,NaN,267,109
NaN,NaN,269,109
266,108,NaN,NaN
267,108,NaN,NaN
NaN,NaN,274,98
263,79,364,125
NaN,NaN,261,65
366,124,262,61
274,73,374,118
280,67,373,111
286,68,379,109
274,61,373,109
298,71,397,90
386,114,290,73
298,70,399,109
383,117,287,66
392,111,299,67
296,61,396,96
396,113,301,64
303,67,394,111
406,87,307,65
390,94,302,68
300,69,397,106
299,70,394,97
306,70,405,96
316,69,393,105
378,103,302,62
303,62,389,107
296,65,389,104
309,68,384,113
384,110,302,68
298,67,399,97
398,98,299,75
319,81,NaN,NaN
300,69,395,110
301,75,397,106
322,80,NaN,NaN
395,106,NaN,NaN
NaN,NaN,315,92
NaN,NaN,317,80
NaN,NaN,311,85
313,67,NaN,NaN
309,75,406,81
406,105,311,72
318,77,NaN,NaN
394,112,316,61
310,62,388,112
385,106,309,64
314,62,396,107
312,76,NaN,NaN
398,102,301,61
395,98,302,66
298,68,398,89
395,108,299,61
401,96,298,68
306,72,402,108
297,73,392,112
294,76,392,96
388,108,287,70
396,102,292,70
295,69,395,87
293,69,391,103
389,116,297,69
386,111,296,63
292,76,387,115
293,63,388,116
278,73,376,119
289,72,391,112
394,111,293,69
393,109,291,63
298,79,404,111
299,80,NaN,NaN
NaN,NaN,299,74
294,67,394,101
302,79,412,85
NaN,NaN,294,71
295,67,393,94
293,63,397,99
397,96,295,65
413,102,293,65
284,63,NaN,NaN
285,72,NaN,NaN
NaN,NaN,279,62
NaN,NaN,287,71
294,80,392,94
368,118,275,65
394,94,292,85
289,66,396,94
393,112,291,84
296,67,NaN,NaN
291,65,NaN,NaN
289,63,392,116
297,65,NaN,NaN
NaN,NaN,288,69
NaN,NaN,295,73
NaN,NaN,293,71
292,65,NaN,NaN
NaN,NaN,288,67
290,66,NaN,NaN
291,72,NaN,NaN
290,75,NaN,NaN
NaN,NaN,292,74
NaN,NaN,287,79
NaN,NaN,286,82
295,87,NaN,NaN
NaN,NaN,278,72
284,74,NaN,NaN
293,70,NaN,NaN
NaN,NaN,286,66
286,72,NaN,NaN
NaN,NaN,291,63
290,71,NaN,NaN
NaN,NaN,289,65
NaN,NaN,294,70
NaN,NaN,290,69
NaN,NaN,295,69
287,72,NaN,NaN
NaN,NaN,287,65
288,68,NaN,NaN
NaN,NaN,299,76
NaN,NaN,290,78
NaN,NaN,291,86
NaN,NaN,292,89
NaN,NaN,292,75
296,76,NaN,NaN
389,113,289,65
282,69,382,120
378,106,267,61
389,99,279,74
278,76,377,110
380,122,285,67
281,67,383,116
293,73,NaN,NaN
297,80,396,107
392,102,291,69
279,67,381,108
288,68,383,113
295,71,395,106
410,107,300,72
292,66,396,106
296,75,405,109
303,77,406,84
392,110,288,71
395,96,298,77
291,71,384,107
386,106,287,65
385,112,289,76
395,91,292,68
405,98,298,75
400,91,298,80
389,114,286,76
300,78,400,95
403,102,301,71
308,84,406,96
298,68,402,104
305,71,406,103
300,73,NaN,NaN
387,121,287,76
282,62,384,98
391,114,289,68
404,115,298,82
403,108,297,83
295,80,395,106
395,105,296,76
398,104,296,78
393,96,289,72
297,78,400,109
391,94,290,79
390,105,290,88
376,113,276,69
389,97,287,68
NaN,NaN,293,84
387,111,288,69
NaN,NaN,294,75
280,69,383,103
383,109,283,73
291,83,392,91
397,103,294,82
384,106,284,75
400,106,293,76
302,86,NaN,NaN
399,97,299,78
287,71,388,93
281,78,380,114
385,107,288,68
379,110,277,78
277,62,375,106
273,66,371,107
282,66,384,100
380,111,273,66
289,63,390,111
279,66,379,120
292,64,390,112
290,76,393,96
398,105,298,76
286,68,391,108
389,106,289,79
386,103,279,66
292,82,394,100
284,83,390,105
292,95,NaN,NaN
284,87,NaN,NaN
284,80,NaN,NaN
271,75,NaN,NaN
NaN,NaN,273,76
NaN,NaN,281,75
NaN,NaN,279,94
283,84,NaN,NaN
NaN,NaN,281,76
NaN,NaN,282,84
NaN,NaN,280,81
283,86,NaN,NaN
280,90,NaN,NaN
277,88,NaN,NaN
274,82,NaN,NaN
270,85,NaN,NaN
272,88,NaN,NaN
274,87,NaN,NaN
280,89,NaN,NaN
280,93,NaN,NaN
272,95,NaN,NaN
NaN,NaN,277,97
280,96,NaN,NaN
NaN,NaN,275,101
NaN,NaN,269,95
266,101,NaN,NaN
273,104,NaN,NaN
NaN,NaN,270,107
NaN,NaN,272,101
NaN,NaN,273,116
NaN,NaN,269,107
266,95,NaN,NaN
NaN,NaN,274,86
NaN,NaN,278,77
383,97,283,87
392,102,292,82
NaN,NaN,303,84
300,79,NaN,NaN
396,97,296,80
NaN,NaN,300,79
NaN,NaN,308,87
304,90,402,86
303,87,NaN,NaN
NaN,NaN,309,80
NaN,NaN,298,84
304,75,NaN,NaN
286,67,386,101
393,89,296,70
411,95,310,66
310,65,416,97
415,74,315,73
315,63,419,95
305,61,403,74
307,72,409,67
404,75,306,67
292,81,395,75
297,116,399,63
402,67,289,170
407,75,NaN,NaN
407,74,NaN,NaN
NaN,NaN,401,79
NaN,NaN,402,71
300,396,411,69
403,70,294,392
399,76,309,378
292,391,406,74
408,72,312,378
313,392,404,77
318,393,406,76
408,67,319,373
318,377,406,77
316,389,403,75
407,79,297,397
295,396,406,78
410,74,306,387
308,390,417,78
403,74,293,395
299,395,405,79
403,81,299,394
402,80,300,400
299,400,410,75
407,78,292,397
301,403,406,74
403,78,294,393
301,410,409,76
302,403,403,78
405,85,307,401
405,88,310,385
314,349,408,75
410,74,309,309
406,82,294,272
416,78,300,239
298,197,412,78
304,173,407,79
298,161,411,70
297,139,403,62
299,145,404,66
297,136,406,71
403,76,292,126
292,141,396,76
287,118,395,69
285,105,389,79
388,62,278,103
383,77,283,115
280,95,381,65
276,116,380,62
276,118,387,65
273,104,380,72
293,96,389,62
282,132,380,69
377,73,267,108
380,67,280,122
276,104,377,68
393,73,295,114
373,68,275,112
377,65,273,103
280,119,375,67
302,129,397,61
276,114,383,62
273,111,390,77
371,69,272,92
367,61,NaN,NaN
273,102,378,62
300,113,377,61
270,93,371,67
366,63,272,118
273,93,375,63
374,62,276,99
272,136,374,63
268,112,379,75
295,128,392,67
390,65,266,118
384,76,292,136
364,77,263,118
295,131,NaN,NaN
263,115,364,61
265,109,361,63
362,64,263,127
373,62,292,124
374,64,290,155
368,67,261,110
NaN,NaN,375,61
NaN,NaN,288,127
284,122,388,65
290,128,387,62
286,135,385,69
372,61,267,140
280,130,377,72
375,74,279,132
366,67,276,125
279,116,384,65
372,78,273,122
376,76,278,120
371,81,270,121
371,61,281,126
286,109,380,61
374,77,272,99
365,75,265,112
284,111,375,66
392,61,291,112
376,63,290,122
371,71,281,105
386,66,289,122
382,65,286,123
279,118,383,85
388,77,276,119
389,83,288,142
286,129,388,81
393,90,288,139
395,101,288,143
395,103,293,132
287,143,396,104
393,126,294,130
289,130,391,128
387,131,281,142
382,148,279,126
389,144,283,135
288,140,388,130
381,140,281,113
265,123,367,144
389,144,291,142
365,145,263,119
NaN,NaN,292,143
366,143,268,114
270,122,375,151
261,122,362,148
371,144,264,121
258,124,364,144
240,120,375,136
227,131,374,141
358,141,233,164
NaN,NaN,190,172
190,226,378,140
172,242,360,138
378,141,157,260
378,150,139,294
124,324,362,142
125,335,365,143
121,325,NaN,NaN
122,321,373,144
NaN,NaN,117,342
130,347,NaN,NaN
NaN,NaN,125,339
376,149,129,337
128,343,NaN,NaN
122,338,380,144
118,342,NaN,NaN
122,347,NaN,NaN
117,341,NaN,NaN
121,330,NaN,NaN
116,330,NaN,NaN
NaN,NaN,112,329
NaN,NaN,113,326
NaN,NaN,106,330
101,307,NaN,NaN
NaN,NaN,109,282
370,141,120,255
125,228,376,150
NaN,NaN,141,199
152,172,364,141
375,144,159,139
159,117,364,139
363,150,173,98
183,88,380,145
367,144,188,85
NaN,NaN,198,89
NaN,NaN,200,82
208,86,NaN,NaN
NaN,NaN,215,89
NaN,NaN,208,87
NaN,NaN,218,87
NaN,NaN,212,96
NaN,NaN,215,79
NaN,NaN,221,87
218,89,NaN,NaN
NaN,NaN,214,84
NaN,NaN,221,88
215,84,NaN,NaN
217,91,NaN,NaN
219,80,NaN,NaN
215,84,NaN,NaN
221,81,NaN,NaN
NaN,NaN,217,79
220,98,NaN,NaN
217,99,NaN,NaN
224,88,NaN,NaN
224,84,NaN,NaN
NaN,NaN,221,95
NaN,NaN,224,91
221,84,NaN,NaN
NaN,NaN,224,101
222,88,NaN,NaN
222,79,NaN,NaN
NaN,NaN,224,89
226,103,NaN,NaN
NaN,NaN,219,88
221,93,NaN,NaN
221,88,NaN,NaN
222,92,NaN,NaN
218,83,NaN,NaN
218,86,NaN,NaN
224,98,NaN,NaN
218,96,NaN,NaN
NaN,NaN,222,91
229,99,NaN,NaN
NaN,NaN,229,98
224,105,NaN,NaN
225,93,NaN,NaN
219,103,NaN,NaN
NaN,NaN,221,100
226,100,NaN,NaN
NaN,NaN,225,102
222,106,NaN,NaN
211,109,NaN,NaN
NaN,NaN,202,105
NaN,NaN,194,120
180,133,NaN,NaN
NaN,NaN,165,131
161,170,NaN,NaN
143,208,NaN,NaN
NaN,NaN,113,247
95,277,NaN,NaN
92,310,NaN,NaN
82,316,NaN,NaN
79,326,NaN,NaN
76,331,NaN,NaN
76,345,NaN,NaN
70,364,NaN,NaN
80,358,NaN,NaN
NaN,NaN,72,375
83,378,NaN,NaN
NaN,NaN,76,365
NaN,NaN,76,377
NaN,NaN,81,372
81,371,NaN,NaN
81,359,NaN,NaN
NaN,NaN,83,359
77,375,NaN,NaN
NaN,NaN,84,371
NaN,NaN,72,372
NaN,NaN,82,368
77,357,NaN,NaN
82,346,NaN,NaN
91,304,80,406
NaN,NaN,79,331
88,316,NaN,NaN
90,237,92,355
94,253,NaN,NaN
NaN,NaN,105,219
132,191,NaN,NaN
NaN,NaN,147,153
145,120,NaN,NaN
166,109,NaN,NaN
183,89,NaN,NaN
NaN,NaN,219,76
NaN,NaN,241,64
280,79,NaN,NaN
275,74,NaN,NaN
282,77,NaN,NaN
NaN,NaN,287,78
291,70,NaN,NaN
NaN,NaN,300,76
380,124,284,71
382,134,282,65
288,78,388,125
291,82,389,115
394,112,292,79
404,120,301,84
406,120,303,79
315,80,NaN,NaN
401,119,300,79
296,83,395,117
303,82,399,124
300,76,402,120
400,126,298,71
306,86,NaN,NaN
395,124,296,81
394,126,294,81
NaN,NaN,278,69
NaN,NaN,277,68
NaN,NaN,320,87
298,73,398,119
315,88,NaN,NaN
274,79,NaN,NaN
312,87,NaN,NaN
319,104,NaN,NaN
NaN,NaN,286,80
313,71,NaN,NaN
321,83,NaN,NaN
NaN,NaN,317,80
312,85,NaN,NaN
309,73,NaN,NaN
NaN,NaN,308,88
315,86,NaN,NaN
NaN,NaN,308,84
NaN,NaN,307,98
303,88,NaN,NaN
299,71,NaN,NaN
289,73,NaN,NaN
398,130,276,72
266,73,372,117
NaN,NaN,270,71
272,89,396,133
NaN,NaN,264,101
392,123,274,106
397,135,276,109
384,124,268,91
266,94,391,122
267,88,381,140
277,91,387,116
277,91,386,119
277,87,384,117
377,127,277,86
281,91,381,118
382,109,279,81
285,87,390,109
286,85,395,110
297,94,401,107
291,83,NaN,NaN
286,97,NaN,NaN
285,90,NaN,NaN
NaN,NaN,286,99
NaN,NaN,286,84
NaN,NaN,288,94
283,101,NaN,NaN
291,97,NaN,NaN
NaN,NaN,289,95
NaN,NaN,294,105
NaN,NaN,289,107
NaN,NaN,289,102
NaN,NaN,287,97
NaN,NaN,290,102
282,97,NaN,NaN
NaN,NaN,289,101
NaN,NaN,293,109
NaN,NaN,283,97
NaN,NaN,291,101
NaN,NaN,295,104
289,113,NaN,NaN
293,98,NaN,NaN
281,85,NaN,NaN
NaN,NaN,279,87
281,95,NaN,NaN
286,99,NaN,NaN
NaN,NaN,297,102
NaN,NaN,296,84
295,101,NaN,NaN
297,93,NaN,NaN
NaN,NaN,294,87
283,82,NaN,NaN
NaN,NaN,294,93
284,86,NaN,NaN
289,84,NaN,NaN
294,82,NaN,NaN
NaN,NaN,287,87
NaN,NaN,284,87
280,79,NaN,NaN
NaN,NaN,284,86
293,87,NaN,NaN
NaN,NaN,282,90
NaN,NaN,282,78
NaN,NaN,285,81
NaN,NaN,287,81
NaN,NaN,291,70
290,83,NaN,NaN
NaN,NaN,289,77
NaN,NaN,279,77
288,73,NaN,NaN
NaN,NaN,287,69
NaN,NaN,285,82
274,76,NaN,NaN
280,73,NaN,NaN
381,108,274,74
366,112,270,72
278,73,378,111
395,111,293,88
305,136,NaN,NaN
NaN,NaN,315,161
NaN,NaN,352,230
NaN,NaN,355,252
NaN,NaN,NaN,NaN
NaN,NaN,NaN,NaN
NaN,NaN,413,384
NaN,NaN,419,402
NaN,NaN,425,408
429,404,NaN,NaN
429,402,NaN,NaN
431,404,NaN,NaN
428,405,NaN,NaN
NaN,NaN,411,395
NaN,NaN,427,407
NaN,NaN,418,408
NaN,NaN,423,406
428,407,NaN,NaN
435,408,NaN,NaN
NaN,NaN,430,378
404,347,NaN,NaN
NaN,NaN,394,329
393,296,NaN,NaN
378,261,NaN,NaN
NaN,NaN,374,233
NaN,NaN,312,169
390,111,291,137
378,152,277,97
263,82,365,132
245,88,345,109
365,117,256,71
371,91,269,86
369,90,267,71
253,65,354,109
390,83,273,63
237,68,337,91
347,92,249,63
354,92,255,63
283,71,382,70
352,86,252,68
363,69,271,70
260,64,367,67
365,64,267,72
361,62,276,68
274,61,352,77
359,65,268,66
361,62,265,69
NaN,NaN,362,62
NaN,NaN,339,73
267,68,363,65
NaN,NaN,343,70
303,68,NaN,NaN
360,68,NaN,NaN
NaN,NaN,348,68
339,72,NaN,NaN
357,73,NaN,NaN
355,64,260,65
NaN,NaN,NaN,NaN
NaN,NaN,NaN,NaN
258,61,NaN,NaN
287,65,NaN,NaN
NaN,NaN,280,65
NaN,NaN,281,61
NaN,NaN,256,67
277,65,NaN,NaN
NaN,NaN,282,64
NaN,NaN,256,61
277,66,NaN,NaN
NaN,NaN,351,74
283,66,351,65
290,67,NaN,NaN
318,77,NaN,NaN
NaN,NaN,NaN,NaN
260,65,NaN,NaN
272,66,NaN,NaN
253,68,NaN,NaN
NaN,NaN,280,63
282,68,NaN,NaN
269,61,NaN,NaN
288,62,NaN,NaN
330,67,NaN,NaN
332,81,NaN,NaN
NaN,NaN,286,62
NaN,NaN,247,63
NaN,NaN,283,73
NaN,NaN,263,66
274,65,NaN,NaN
282,62,NaN,NaN
277,70,NaN,NaN
NaN,NaN,279,69
265,68,NaN,NaN
285,64,NaN,NaN
NaN,NaN,273,67
284,65,NaN,NaN
263,61,NaN,NaN
NaN,NaN,260,62
282,65,NaN,NaN
NaN,NaN,272,63
NaN,NaN,276,67
NaN,NaN,275,74
NaN,NaN,275,63
286,62,NaN,NaN
NaN,NaN,271,61
NaN,NaN,277,72
NaN,NaN,269,70
276,70,NaN,NaN
NaN,NaN,280,72
294,72,NaN,NaN
268,74,NaN,NaN
NaN,NaN,NaN,NaN
NaN,NaN,NaN,NaN
288,70,NaN,NaN
NaN,NaN,279,68
279,70,NaN,NaN
285,65,NaN,NaN
NaN,NaN,290,71
NaN,NaN,286,78
NaN,NaN,NaN,NaN
NaN,NaN,NaN,NaN
NaN,NaN,NaN,NaN
273,69,NaN,NaN
NaN,NaN,298,72
283,61,NaN,NaN
289,61,NaN,NaN
NaN,NaN,339,66
NaN,NaN,334,63
NaN,NaN,275,65
NaN,NaN,281,67
290,67,NaN,NaN
NaN,NaN,262,64
363,72,269,67
NaN,NaN,267,62
326,61,247,67
254,68,352,62
244,67,356,65
272,61,NaN,NaN
NaN,NaN,287,73
NaN,NaN,272,71
266,71,NaN,NaN
NaN,NaN,280,61
335,63,NaN,NaN
345,78,246,64
357,61,271,67
252,69,368,62
364,69,267,78
263,63,364,78
358,74,256,62
366,63,263,64
342,64,244,70
246,66,350,74
369,65,262,67
342,69,240,63
256,69,356,77
348,84,243,63
351,72,253,64
NaN,NaN,339,70
265,69,357,74
358,67,257,68
280,70,NaN,NaN
275,66,355,68
NaN,NaN,278,69
250,72,349,66
244,62,358,66
353,65,256,61
356,63,253,64
251,64,353,67
263,64,354,63
253,66,357,76
348,80,256,64
349,89,251,62
348,87,250,66
246,68,347,89
242,71,342,63
342,78,245,71
260,66,367,62
352,69,248,73
377,64,274,75
356,86,252,67
254,69,354,70
260,70,359,93
353,88,254,72
240,61,340,82
271,80,371,66
364,86,269,75
356,88,259,64
361,83,272,64
342,81,249,63
357,84,260,67
252,69,351,80
255,66,360,86
258,67,356,94
252,79,348,79
251,64,355,80
352,91,258,61
NaN,NaN,270,64
258,61,383,66
253,72,385,76
262,80,383,73
234,63,336,103
378,80,257,76
252,74,356,106
264,83,372,88
251,80,352,103
369,89,262,84
380,94,268,93
364,93,264,87
272,76,375,92
265,72,365,93
372,94,271,95
267,92,372,98
369,91,268,91
373,83,272,92
278,96,386,98
287,105,392,88
401,85,287,99
408,74,285,109
391,84,288,97
282,112,382,97
282,112,394,89
387,110,273,108
380,107,275,101
283,103,383,99
279,104,384,109
393,101,278,116
279,107,383,96
280,104,384,99
278,119,382,104
277,111,391,92
282,107,387,105
286,128,389,113
406,92,285,111
278,113,410,94
269,117,413,67
417,80,263,127
256,124,430,75
248,107,425,73
448,72,244,106
236,111,453,68
439,82,229,100
443,82,211,88
458,84,221,87
209,68,454,97
462,90,203,85
454,86,207,70
221,89,452,93
442,84,223,89
446,93,216,83
454,97,223,116
220,136,456,92
230,186,455,91
437,94,236,224
230,268,445,96
445,90,215,320
215,350,444,98
202,373,444,89
439,85,213,381
448,92,216,399
206,385,445,101
433,92,208,393
439,98,205,377
446,94,207,381
441,100,212,401
210,401,447,95
444,98,207,389
438,96,216,393
206,402,445,96
206,398,449,96
444,100,207,396
446,102,205,386
441,99,216,364
212,332,438,93
NaN,NaN,450,94
234,252,444,83
225,191,444,82
226,143,443,85
254,128,449,84
237,80,460,76
244,70,463,76
466,61,261,66
NaN,NaN,257,64
NaN,NaN,260,64
288,72,NaN,NaN
293,67,NaN,NaN
291,61,NaN,NaN
NaN,NaN,308,61
NaN,NaN,308,61
NaN,NaN,350,64
NaN,NaN,350,64
NaN,NaN,363,63
322,61,371,71
NaN,NaN,319,66
307,62,NaN,NaN
306,62,NaN,NaN
NaN,NaN,NaN,NaN
NaN,NaN,NaN,NaN
NaN,NaN,NaN,NaN
NaN,NaN,NaN,NaN
NaN,NaN,NaN,NaN
NaN,NaN,NaN,NaN
NaN,NaN,NaN,NaN
NaN,NaN,NaN,NaN
NaN,NaN,NaN,NaN
NaN,NaN,NaN,NaN
NaN,NaN,NaN,NaN
NaN,NaN,NaN,NaN
NaN,NaN,NaN,NaN
NaN,NaN,NaN,NaN
NaN,NaN,NaN,NaN
NaN,NaN,NaN,NaN
NaN,NaN,NaN,NaN
NaN,NaN,NaN,NaN
NaN,NaN,NaN,NaN
NaN,NaN,NaN,NaN
NaN,NaN,NaN,NaN
NaN,NaN,NaN,NaN
NaN,NaN,NaN,NaN
NaN,NaN,NaN,NaN
NaN,NaN,NaN,NaN
NaN,NaN,NaN,NaN
NaN,NaN,NaN,NaN
NaN,NaN,NaN,NaN
NaN,NaN,NaN,NaN
NaN,NaN,NaN,NaN
NaN,NaN,NaN,NaN
NaN,NaN,NaN,NaN
NaN,NaN,NaN,NaN
NaN,NaN,NaN,NaN
NaN,NaN,NaN,NaN
NaN,NaN,NaN,NaN
NaN,NaN,NaN,NaN
NaN,NaN,NaN,NaN
NaN,NaN,NaN,NaN
NaN,NaN,NaN,NaN
NaN,NaN,NaN,NaN
NaN,NaN,NaN,NaN
NaN,NaN,NaN,NaN
NaN,NaN,NaN,NaN
NaN,NaN,NaN,NaN
NaN,NaN,NaN,NaN
NaN,NaN,NaN,NaN
NaN,NaN,NaN,NaN
NaN,NaN,NaN,NaN
NaN,NaN,NaN,NaN
NaN,NaN,NaN,NaN
NaN,NaN,NaN,NaN
NaN,NaN,NaN,NaN
NaN,NaN,NaN,NaN
NaN,NaN,NaN,NaN
NaN,NaN,NaN,NaN
NaN,NaN,NaN,NaN
NaN,NaN,NaN,NaN
NaN,NaN,NaN,NaN
NaN,NaN,NaN,NaN
NaN,NaN,NaN,NaN
NaN,NaN,NaN,NaN
NaN,NaN,NaN,NaN
NaN,NaN,NaN,NaN
NaN,NaN,NaN,NaN
NaN,NaN,NaN,NaN
NaN,NaN,NaN,NaN
NaN,NaN,NaN,NaN
NaN,NaN,NaN,NaN
NaN,NaN,NaN,NaN
NaN,NaN,NaN,NaN
NaN,NaN,NaN,NaN
NaN,NaN,NaN,NaN
NaN,NaN,NaN,NaN
NaN,NaN,NaN,NaN
NaN,NaN,NaN,NaN
NaN,NaN,NaN,NaN
NaN,NaN,NaN,NaN
NaN,NaN,NaN,NaN
NaN,NaN,NaN,NaN
NaN,NaN,NaN,NaN
NaN,NaN,NaN,NaN
NaN,NaN,NaN,NaN
NaN,NaN,NaN,NaN
NaN,NaN,NaN,NaN
NaN,NaN,NaN,NaN
NaN,NaN,NaN,NaN
NaN,NaN,NaN,NaN
NaN,NaN,NaN,NaN
NaN,NaN,NaN,NaN
NaN,NaN,NaN,NaN
NaN,NaN,NaN,NaN
NaN,NaN,NaN,NaN
NaN,NaN,NaN,NaN
NaN,NaN,NaN,NaN
NaN,NaN,NaN,NaN
NaN,NaN,NaN,NaN
NaN,NaN,NaN,NaN
NaN,NaN,NaN,NaN
NaN,NaN,NaN,NaN
NaN,NaN,NaN,NaN
NaN,NaN,NaN,NaN
NaN,NaN,NaN,NaN
NaN,NaN,NaN,NaN
NaN,NaN,NaN,NaN
NaN,NaN,NaN,NaN
NaN,NaN,NaN,NaN
NaN,NaN,NaN,NaN
NaN,NaN,NaN,NaN
NaN,NaN,NaN,NaN
NaN,NaN,NaN,NaN
NaN,NaN,NaN,NaN
NaN,NaN,NaN,NaN
NaN,NaN,NaN,NaN
NaN,NaN,NaN,NaN
NaN,NaN,NaN,NaN
NaN,NaN,NaN,NaN
NaN,NaN,NaN,NaN
NaN,NaN,NaN,NaN
342,61,NaN,NaN
334,66,NaN,NaN
NaN,NaN,335,71
NaN,NaN,302,62
298,65,NaN,NaN
307,80,NaN,NaN
288,67,384,66
358,70,258,67
383,75,284,80
380,80,275,71
286,81,380,75
285,72,383,69
281,84,384,66
380,77,281,89
286,91,385,77
392,65,296,82
291,90,401,65
295,96,386,69
290,93,397,67
269,81,375,74
391,66,290,82
385,64,282,82
390,64,286,73
383,68,287,85
385,69,286,90
278,79,381,69
288,95,390,72
291,85,390,68
286,95,383,68
289,85,384,64
381,79,284,89
382,65,282,104
392,65,297,92
388,71,292,92
280,88,384,73
283,85,382,65
287,96,383,70
390,67,286,82
390,64,289,81
284,85,383,65
285,81,382,76
387,68,288,80
380,76,285,94
390,68,292,79
393,68,292,92
276,92,385,76
380,71,274,100
293,118,393,74
386,68,287,108
378,71,278,96
376,72,276,104
282,91,380,76
385,74,285,99
383,71,286,108
380,76,279,104
294,120,387,66
386,66,283,96
388,68,288,106
290,109,393,74
285,101,384,74
291,111,391,66
378,73,274,101
400,67,297,106
388,67,282,114
378,75,279,107
386,65,282,111
287,115,385,63
289,109,388,62
386,80,282,102
389,70,290,101
293,108,394,64
379,75,277,94
392,77,289,103
286,104,383,72
387,69,278,96
394,71,293,103
391,74,276,83
272,80,388,75
379,75,272,63
377,74,268,69
378,87,278,62
311,70,411,74
408,63,311,62
NaN,NaN,318,64
351,65,NaN,NaN
NaN,NaN,362,63
351,70,NaN,NaN
346,61,NaN,NaN
NaN,NaN,350,64
320,62,NaN,NaN
NaN,NaN,388,63
406,68,333,62
321,62,385,84
NaN,NaN,408,63
NaN,NaN,NaN,NaN
NaN,NaN,NaN,NaN
NaN,NaN,NaN,NaN
NaN,NaN,NaN,NaN
NaN,NaN,NaN,NaN
NaN,NaN,NaN,NaN
NaN,NaN,NaN,NaN
NaN,NaN,NaN,NaN
NaN,NaN,NaN,NaN
NaN,NaN,NaN,NaN
NaN,NaN,NaN,NaN
NaN,NaN,NaN,NaN
NaN,NaN,NaN,NaN
NaN,NaN,NaN,NaN
NaN,NaN,NaN,NaN
NaN,NaN,NaN,NaN
NaN,NaN,NaN,NaN
NaN,NaN,NaN,NaN
NaN,NaN,NaN,NaN
NaN,NaN,234,71
NaN,NaN,198,61
207,62,NaN,NaN
462,63,188,84
187,98,459,65
448,77,163,116
456,89,161,111
166,113,454,97
187,122,459,101
453,107,191,131
441,134,191,132
182,125,435,134
434,134,190,114
200,128,444,129
443,139,203,126
418,150,207,131
202,127,419,167
419,177,205,137
201,140,420,190
NaN,NaN,203,137
NaN,NaN,199,141
NaN,NaN,198,138
NaN,NaN,202,131
NaN,NaN,198,131
424,179,200,133
436,167,200,133
442,176,203,140
201,141,418,183
196,133,418,178
198,137,432,165
196,136,423,178
196,132,436,180
199,144,447,172
450,175,185,130
192,140,451,171
193,136,450,162
450,165,193,135
465,148,192,144
186,140,469,156
184,139,467,147
468,132,178,138
464,139,168,139
463,139,164,143
472,121,166,146
162,141,475,127
467,127,161,140
466,119,161,140
165,144,471,111
468,123,154,141
156,142,469,117
163,140,479,112
479,105,162,145
158,139,480,104
478,114,169,140
463,122,161,131
159,132,482,105
471,107,162,137
472,125,165,141
169,139,470,116
173,142,479,111
173,133,469,116
473,107,166,134
177,146,475,115
478,115,173,144
182,150,478,116
172,139,477,113
480,116,176,151
180,166,475,121
471,118,169,151
171,170,472,123
473,125,192,216
476,120,175,216
194,270,478,110
179,294,480,118
184,310,473,121
188,332,470,125
197,343,476,121
202,352,480,111
204,338,484,110
208,331,478,123
482,124,212,333
476,114,212,309
477,113,214,319
481,123,217,303
217,312,484,113
487,119,211,302
480,127,211,311
210,300,475,111
471,123,205,305
480,124,214,298
485,131,209,292
484,116,213,280
479,120,212,261
208,236,473,122
480,117,203,215
474,125,212,196
206,188,480,117
209,188,480,113
204,172,475,116
470,114,217,185
474,114,212,172
208,179,473,118
208,180,473,114
472,115,207,167
209,176,468,118
475,116,202,166
217,179,469,122
466,116,211,167
472,129,215,179
204,179,467,121
472,127,204,178
208,170,468,140
473,135,207,178
202,172,476,124
477,127,199,174
464,132,208,171
463,136,205,180
202,175,481,115
198,173,476,137
209,168,472,132
477,124,203,169
472,122,198,176
202,167,479,127
198,170,467,126
202,185,475,120
474,135,208,170
470,127,199,187
203,177,472,133
474,123,201,167
204,179,472,128
473,133,200,188
470,137,206,167
208,168,465,138
468,137,203,185
198,172,477,127
481,134,206,169
463,137,205,168
203,181,472,139
475,132,218,169
474,124,198,176
197,171,477,112
202,191,467,132
475,123,201,176
461,131,197,171
205,166,476,123
472,133,206,165
461,126,203,167
467,137,195,171
473,130,198,187
472,127,202,183
469,127,206,162
472,139,207,168
476,111,200,175
201,180,467,135
204,190,473,135
470,138,201,166
200,166,471,134
195,174,473,130
201,176,467,129
199,183,469,126
204,167,469,127
195,173,484,125
203,181,469,129
205,176,489,124
487,117,205,172
499,130,201,169
494,126,198,167
489,131,193,171
486,128,190,170
189,179,490,139
191,182,479,140
485,117,185,177
465,126,183,193
185,186,477,113
178,174,478,110
472,118,182,172
474,128,188,177
463,125,189,171
196,162,477,113
182,156,480,117
197,151,478,112
480,113,207,146
478,127,210,136
207,132,483,118
477,122,195,138
216,128,472,125
215,125,478,118
468,130,210,141
460,127,210,141
481,112,222,129
461,129,212,136
210,136,463,130
471,112,212,140
210,141,470,110
234,136,477,118
475,111,221,135
474,118,228,141
224,146,468,127
224,144,473,123
463,131,219,144
213,142,470,128
207,142,463,125
198,137,461,122
460,140,202,139
489,114,203,145
477,130,196,142
200,144,483,102
172,120,493,104
475,114,189,123
490,103,178,120
166,149,487,93
143,126,486,102
132,116,500,105
482,108,162,162
133,143,493,117
114,117,497,126
495,135,113,112
146,202,487,140
492,150,131,176
496,155,135,192
123,130,491,162
487,162,115,151
493,151,112,142
487,163,114,142
108,158,485,163
108,134,487,167
482,166,129,143
489,169,117,140
107,139,484,169
486,180,116,133
495,163,128,139
116,130,491,165
489,169,115,134
481,169,119,143
125,136,495,159
476,171,127,142
482,168,116,135
481,166,136,180
476,144,130,140
476,150,136,161
480,141,136,161
133,145,452,193
444,191,144,154
NaN,NaN,149,183
NaN,NaN,152,201
156,199,NaN,NaN
NaN,NaN,158,214
439,197,167,214
441,195,174,212
458,203,156,207
460,209,156,196
166,203,445,203
169,207,453,217
454,221,168,206
179,213,449,225
178,212,NaN,NaN
179,213,NaN,NaN
184,212,NaN,NaN
188,219,NaN,NaN
185,211,NaN,NaN
180,206,NaN,NaN
194,219,NaN,NaN
185,211,NaN,NaN
NaN,NaN,179,210
NaN,NaN,183,205
NaN,NaN,185,213
NaN,NaN,180,206
NaN,NaN,NaN,NaN
NaN,NaN,NaN,NaN
NaN,NaN,NaN,NaN
NaN,NaN,NaN,NaN
179,163,NaN,NaN
NaN,NaN,NaN,NaN
189,181,NaN,NaN
186,156,NaN,NaN
167,152,NaN,NaN
165,157,NaN,NaN
168,152,NaN,NaN
NaN,NaN,181,162
166,160,NaN,NaN
NaN,NaN,187,184
182,186,NaN,NaN
NaN,NaN,171,159
NaN,NaN,171,159
NaN,NaN,176,155
170,159,NaN,NaN
171,158,NaN,NaN
170,160,NaN,NaN
169,160,NaN,NaN
164,162,NaN,NaN
173,158,NaN,NaN
NaN,NaN,175,155
