420,182,311,176
306,168,NaN,NaN
NaN,NaN,309,174
304,171,NaN,NaN
NaN,NaN,NaN,NaN
430,187,NaN,NaN
430,195,NaN,NaN
NaN,NaN,NaN,NaN
NaN,NaN,308,164
309,160,428,184
433,195,303,165
432,196,313,172
309,166,425,197
300,166,429,203
305,167,426,193
430,194,304,154
298,166,429,200
306,167,427,200
434,199,311,175
306,170,432,199
314,171,427,198
307,171,424,199
312,173,434,198
315,176,431,203
428,201,314,177
428,206,307,178
431,186,306,177
301,174,434,193
310,167,425,200
312,177,428,194
427,203,313,172
433,201,311,161
312,140,431,206
321,143,432,210
315,148,434,187
316,148,437,196
327,176,453,193
456,215,317,153
310,157,467,204
NaN,NaN,NaN,NaN
NaN,NaN,318,171
317,170,510,248
316,168,533,271
317,171,543,307
555,339,311,165
NaN,NaN,558,414
NaN,NaN,553,363
NaN,NaN,562,379
571,383,NaN,NaN
549,385,NaN,NaN
NaN,NaN,553,380
574,400,NaN,NaN
NaN,NaN,551,384
549,387,NaN,NaN
571,389,NaN,NaN
553,381,NaN,NaN
569,382,NaN,NaN
NaN,NaN,569,372
NaN,NaN,575,368
NaN,NaN,570,352
NaN,NaN,577,338
578,299,NaN,NaN
NaN,NaN,NaN,NaN
NaN,NaN,NaN,NaN
NaN,NaN,NaN,NaN
NaN,NaN,NaN,NaN
NaN,NaN,NaN,NaN
NaN,NaN,NaN,NaN
NaN,NaN,NaN,NaN
NaN,NaN,NaN,NaN
332,169,NaN,NaN
NaN,NaN,331,175
NaN,NaN,NaN,NaN
NaN,NaN,325,164
301,150,NaN,NaN
320,147,NaN,NaN
315,166,NaN,NaN
NaN,NaN,313,168
NaN,NaN,315,144
313,142,NaN,NaN
314,156,NaN,NaN
NaN,NaN,315,142
NaN,NaN,NaN,NaN
NaN,NaN,NaN,NaN
NaN,NaN,NaN,NaN
NaN,NaN,NaN,NaN
NaN,NaN,NaN,NaN
NaN,NaN,NaN,NaN
NaN,NaN,NaN,NaN
NaN,NaN,NaN,NaN
NaN,NaN,NaN,NaN
NaN,NaN,NaN,NaN
NaN,NaN,NaN,NaN
NaN,NaN,NaN,NaN
NaN,NaN,NaN,NaN
398,143,NaN,NaN
392,151,NaN,NaN
396,159,NaN,NaN
NaN,NaN,398,170
NaN,NaN,415,176
NaN,NaN,NaN,NaN
NaN,NaN,NaN,NaN
NaN,NaN,NaN,NaN
NaN,NaN,NaN,NaN
NaN,NaN,NaN,NaN
NaN,NaN,NaN,NaN
556,373,NaN,NaN
NaN,NaN,573,326
572,334,NaN,NaN
NaN,NaN,569,352
561,376,NaN,NaN
552,357,NaN,NaN
562,385,NaN,NaN
NaN,NaN,552,381
NaN,NaN,556,391
569,397,NaN,NaN
NaN,NaN,575,406
564,397,NaN,NaN
NaN,NaN,566,399
NaN,NaN,556,397
NaN,NaN,570,403
NaN,NaN,560,402
NaN,NaN,561,404
NaN,NaN,558,407
NaN,NaN,563,400
NaN,NaN,566,406
NaN,NaN,568,406
NaN,NaN,565,402
558,384,NaN,NaN
563,388,NaN,NaN
566,376,NaN,NaN
NaN,NaN,564,389
579,403,NaN,NaN
574,383,NaN,NaN
NaN,NaN,580,376
566,360,NaN,NaN
NaN,NaN,550,398
NaN,NaN,550,403
NaN,NaN,NaN,NaN
NaN,NaN,NaN,NaN
NaN,NaN,NaN,NaN
NaN,NaN,NaN,NaN
NaN,NaN,NaN,NaN
NaN,NaN,NaN,NaN
NaN,NaN,NaN,NaN
NaN,NaN,NaN,NaN
NaN,NaN,NaN,NaN
NaN,NaN,NaN,NaN
NaN,NaN,NaN,NaN
NaN,NaN,NaN,NaN
NaN,NaN,579,143
NaN,NaN,559,113
NaN,NaN,NaN,NaN
NaN,NaN,NaN,NaN
NaN,NaN,NaN,NaN
NaN,NaN,NaN,NaN
NaN,NaN,NaN,NaN
NaN,NaN,NaN,NaN
NaN,NaN,471,140
NaN,NaN,473,141
NaN,NaN,465,143
NaN,NaN,463,143
NaN,NaN,470,141
464,136,NaN,NaN
461,142,NaN,NaN
NaN,NaN,449,141
NaN,NaN,457,144
NaN,NaN,450,143
NaN,NaN,445,145
NaN,NaN,443,141
442,148,NaN,NaN
NaN,NaN,440,140
450,140,NaN,NaN
NaN,NaN,441,148
NaN,NaN,440,140
445,143,NaN,NaN
NaN,NaN,435,141
447,135,NaN,NaN
445,141,NaN,NaN
NaN,NaN,446,138
451,141,NaN,NaN
NaN,NaN,432,143
439,136,NaN,NaN
NaN,NaN,450,143
440,144,NaN,NaN
447,141,NaN,NaN
441,138,NaN,NaN
NaN,NaN,442,141
444,143,NaN,NaN
439,137,NaN,NaN
436,139,NaN,NaN
453,140,NaN,NaN
445,138,NaN,NaN
NaN,NaN,446,153
NaN,NaN,444,136
438,139,NaN,NaN
NaN,NaN,444,142
NaN,NaN,446,136
NaN,NaN,456,132
NaN,NaN,454,134
NaN,NaN,451,136
443,139,NaN,NaN
439,136,NaN,NaN
NaN,NaN,437,131
NaN,NaN,429,133
NaN,NaN,428,131
429,135,NaN,NaN
NaN,NaN,431,127
NaN,NaN,432,129
424,131,NaN,NaN
NaN,NaN,432,133
NaN,NaN,428,127
NaN,NaN,427,131
427,131,NaN,NaN
NaN,NaN,423,128
423,134,NaN,NaN
426,135,NaN,NaN
425,136,NaN,NaN
428,128,NaN,NaN
NaN,NaN,422,126
428,130,NaN,NaN
421,149,NaN,NaN
NaN,NaN,423,137
426,130,NaN,NaN
NaN,NaN,428,127
421,130,NaN,NaN
425,140,NaN,NaN
NaN,NaN,430,134
430,137,NaN,NaN
425,139,NaN,NaN
427,140,NaN,NaN
NaN,NaN,426,127
424,133,NaN,NaN
425,138,NaN,NaN
424,138,NaN,NaN
NaN,NaN,423,124
427,134,NaN,NaN
NaN,NaN,425,126
NaN,NaN,425,132
427,136,NaN,NaN
422,127,NaN,NaN
433,131,NaN,NaN
NaN,NaN,432,139
NaN,NaN,424,132
NaN,NaN,423,131
424,134,NaN,NaN
NaN,NaN,424,133
NaN,NaN,424,148
428,139,NaN,NaN
424,142,NaN,NaN
NaN,NaN,419,144
426,129,NaN,NaN
NaN,NaN,423,143
429,142,NaN,NaN
NaN,NaN,426,148
NaN,NaN,425,147
NaN,NaN,422,148
NaN,NaN,426,148
426,140,NaN,NaN
NaN,NaN,430,137
443,127,NaN,NaN
437,134,NaN,NaN
444,146,NaN,NaN
NaN,NaN,438,142
NaN,NaN,450,145
NaN,NaN,446,147
NaN,NaN,451,151
NaN,NaN,462,158
NaN,NaN,453,154
456,156,NaN,NaN
456,157,NaN,NaN
NaN,NaN,447,150
447,155,NaN,NaN
452,152,NaN,NaN
314,333,453,156
325,378,450,153
320,367,455,151
445,157,320,375
465,154,325,387
324,385,460,158
448,157,325,397
322,391,440,163
316,382,447,156
445,158,321,393
450,167,319,385
322,398,449,152
317,383,443,164
450,157,319,382
446,165,322,392
451,158,322,388
444,165,316,387
320,388,445,150
442,157,318,397
317,395,444,156
325,394,446,157
445,158,NaN,NaN
452,154,NaN,NaN
446,154,292,383
311,408,441,162
309,392,451,161
448,162,305,392
445,156,304,389
447,157,309,400
453,158,306,397
307,395,450,153
451,157,308,389
308,386,448,155
NaN,NaN,444,156
312,394,453,159
312,399,442,153
448,160,311,399
442,155,NaN,NaN
NaN,NaN,445,159
447,153,NaN,NaN
451,152,NaN,NaN
314,392,443,155
325,404,443,156
451,156,NaN,NaN
312,399,443,156
450,158,312,393
313,396,449,155
308,400,446,155
443,166,323,382
NaN,NaN,443,158
443,154,NaN,NaN
NaN,NaN,448,155
NaN,NaN,449,158
NaN,NaN,446,153
NaN,NaN,452,153
NaN,NaN,445,162
443,163,NaN,NaN
451,154,NaN,NaN
453,149,NaN,NaN
NaN,NaN,446,152
445,159,NaN,NaN
452,157,NaN,NaN
NaN,NaN,458,158
350,156,450,157
352,152,450,151
456,154,351,150
NaN,NaN,442,157
347,152,448,143
441,157,NaN,NaN
453,156,349,156
NaN,NaN,449,148
NaN,NaN,447,160
352,157,452,150
440,156,NaN,NaN
NaN,NaN,452,148
NaN,NaN,451,159
NaN,NaN,451,153
NaN,NaN,443,164
NaN,NaN,NaN,NaN
449,160,NaN,NaN
NaN,NaN,447,158
453,152,NaN,NaN
NaN,NaN,442,166
NaN,NaN,458,158
NaN,NaN,460,155
460,156,NaN,NaN
451,174,NaN,NaN
NaN,NaN,464,155
NaN,NaN,447,184
455,160,NaN,NaN
469,151,NaN,NaN
469,155,NaN,NaN
NaN,NaN,466,150
463,156,NaN,NaN
NaN,NaN,461,156
NaN,NaN,446,166
446,168,NaN,NaN
NaN,NaN,443,149
NaN,NaN,438,152
NaN,NaN,430,158
429,157,NaN,NaN
NaN,NaN,428,161
NaN,NaN,443,147
441,153,NaN,NaN
435,155,NaN,NaN
436,160,NaN,NaN
436,159,NaN,NaN
434,159,NaN,NaN
432,167,NaN,NaN
NaN,NaN,436,154
NaN,NaN,432,165
442,155,NaN,NaN
NaN,NaN,451,149
NaN,NaN,445,161
442,152,NaN,NaN
442,154,NaN,NaN
NaN,NaN,445,155
NaN,NaN,446,155
NaN,NaN,446,167
NaN,NaN,448,156
NaN,NaN,451,149
NaN,NaN,447,160
NaN,NaN,450,156
441,157,NaN,NaN
449,151,NaN,NaN
444,154,NaN,NaN
NaN,NaN,444,163
443,153,NaN,NaN
441,157,NaN,NaN
NaN,NaN,444,148
NaN,NaN,449,146
NaN,NaN,447,146
NaN,NaN,NaN,NaN
NaN,NaN,448,152
449,148,NaN,NaN
450,154,NaN,NaN
441,155,NaN,NaN
NaN,NaN,433,161
446,155,NaN,NaN
NaN,NaN,440,163
431,167,NaN,NaN
NaN,NaN,437,158
438,152,NaN,NaN
441,149,NaN,NaN
437,159,NaN,NaN
NaN,NaN,442,150
NaN,NaN,445,153
NaN,NaN,434,160
443,157,NaN,NaN
433,168,NaN,NaN
438,151,NaN,NaN
432,164,NaN,NaN
NaN,NaN,434,164
NaN,NaN,443,155
NaN,NaN,435,158
442,154,NaN,NaN
441,168,NaN,NaN
433,167,NaN,NaN
440,149,NaN,NaN
422,167,NaN,NaN
NaN,NaN,420,179
NaN,NaN,441,162
NaN,NaN,442,158
443,157,NaN,NaN
NaN,NaN,448,148
NaN,NaN,436,166
447,154,NaN,NaN
NaN,NaN,455,148
445,156,NaN,NaN
447,158,NaN,NaN
447,164,NaN,NaN
447,152,NaN,NaN
444,164,NaN,NaN
441,159,NaN,NaN
441,156,NaN,NaN
NaN,NaN,449,154
NaN,NaN,444,159
NaN,NaN,445,148
NaN,NaN,443,153
NaN,NaN,441,152
441,150,NaN,NaN
443,154,NaN,NaN
NaN,NaN,443,153
NaN,NaN,450,152
443,164,NaN,NaN
NaN,NaN,447,142
445,160,NaN,NaN
443,144,NaN,NaN
442,145,NaN,NaN
NaN,NaN,443,148
445,150,NaN,NaN
449,146,NaN,NaN
NaN,NaN,441,153
449,143,NaN,NaN
NaN,NaN,442,148
425,354,447,152
451,145,422,361
441,152,423,361
416,367,453,139
410,358,437,159
444,152,406,347
411,368,451,148
409,365,441,158
413,356,442,153
415,363,446,145
411,365,445,147
436,154,419,367
450,149,420,383
419,373,452,140
443,159,420,365
410,387,441,157
414,381,434,156
415,373,438,156
413,360,443,143
438,162,415,363
457,151,413,346
445,150,NaN,NaN
NaN,NaN,438,154
448,137,387,254
389,250,443,130
455,137,356,218
342,197,441,150
333,193,437,150
439,135,330,190
NaN,NaN,438,145
436,148,NaN,NaN
NaN,NaN,434,134
322,179,432,139
328,182,433,133
331,175,437,128
425,130,325,180
436,120,331,176
430,135,322,175
330,179,429,138
319,165,436,133
323,171,429,137
322,148,440,132
330,158,431,142
437,137,332,161
445,136,332,158
446,134,325,142
442,137,323,126
336,156,447,136
336,150,444,137
NaN,NaN,448,128
341,171,458,126
336,171,446,121
442,131,336,165
458,124,330,167
NaN,NaN,452,126
338,176,453,125
453,131,345,179
455,127,336,172
449,125,338,173
331,166,459,129
341,171,457,116
335,162,454,120
448,124,338,167
324,149,457,123
334,136,445,132
450,130,338,110
357,135,464,129
464,122,351,122
464,120,351,79
346,73,449,117
460,113,354,76
343,61,443,111
357,66,464,133
364,86,458,122
355,67,457,129
364,64,472,122
357,64,467,117
449,112,352,64
460,126,347,62
343,62,453,128
442,126,341,67
449,127,352,69
467,117,355,64
363,75,468,129
456,132,350,70
457,130,347,64
445,123,347,62
355,62,450,121
355,86,460,125
339,66,468,109
340,71,469,104
339,85,468,99
343,74,461,109
468,102,345,94
337,87,450,110
336,97,444,117
442,129,336,123
432,147,333,127
442,154,334,118
326,131,435,153
338,154,443,163
324,129,438,170
347,165,450,175
453,169,331,147
450,166,333,139
344,164,448,176
443,178,332,159
329,144,431,181
430,175,324,135
434,174,328,147
338,159,438,176
432,176,330,139
437,177,326,146
325,124,429,180
337,153,445,165
438,171,332,156
340,154,450,158
452,168,343,154
443,167,329,138
338,152,438,173
445,169,344,154
336,149,435,175
331,134,435,170
332,145,430,173
329,151,437,164
336,129,437,172
445,163,344,145
441,166,341,138
432,172,325,125
431,172,331,128
340,133,440,175
430,167,332,127
433,171,333,128
428,171,332,132
439,172,337,141
445,167,343,136
342,133,443,163
332,131,433,171
434,159,335,130
332,130,434,167
430,171,327,126
328,130,429,166
326,124,429,166
349,147,451,160
335,128,429,171
438,166,340,133
439,170,340,128
339,137,439,168
437,170,338,135
NaN,NaN,444,170
431,159,NaN,NaN
428,167,NaN,NaN
432,159,NaN,NaN
430,166,NaN,NaN
NaN,NaN,432,162
427,162,NaN,NaN
NaN,NaN,434,156
435,173,NaN,NaN
NaN,NaN,440,162
436,157,NaN,NaN
NaN,NaN,443,168
457,171,357,158
348,157,446,169
450,169,348,155
442,173,344,157
345,158,445,172
433,165,NaN,NaN
436,168,NaN,NaN
NaN,NaN,441,163
434,167,NaN,NaN
354,151,451,162
436,164,NaN,NaN
444,157,342,151
NaN,NaN,426,163
339,149,441,152
352,148,451,163
NaN,NaN,428,171
428,162,NaN,NaN
447,164,347,171
445,166,344,156
350,159,448,172
NaN,NaN,436,175
NaN,NaN,431,171
350,151,450,163
443,168,344,147
433,161,NaN,NaN
434,167,NaN,NaN
NaN,NaN,435,166
NaN,NaN,432,166
NaN,NaN,437,168
438,164,NaN,NaN
425,170,NaN,NaN
342,153,444,163
NaN,NaN,431,166
NaN,NaN,441,161
NaN,NaN,431,163
430,172,NaN,NaN
435,159,NaN,NaN
429,164,NaN,NaN
433,172,NaN,NaN
435,171,NaN,NaN
446,164,NaN,NaN
NaN,NaN,429,163
428,166,NaN,NaN
NaN,NaN,441,168
NaN,NaN,427,167
NaN,NaN,437,162
NaN,NaN,424,173
434,172,NaN,NaN
437,163,338,142
429,162,NaN,NaN
430,165,NaN,NaN
337,139,436,168
445,167,344,146
336,148,436,157
NaN,NaN,434,166
325,140,424,168
323,140,427,164
330,135,432,167
428,166,326,131
433,163,319,124
316,128,424,170
420,164,318,138
433,162,301,133
314,141,423,165
312,138,431,171
320,140,439,161
319,135,428,174
320,143,428,166
420,171,319,130
431,167,329,147
419,167,317,141
421,171,316,139
422,165,321,137
423,158,324,143
427,157,325,153
326,143,428,163
419,160,320,126
321,125,424,152
433,146,319,129
323,130,431,146
424,155,324,124
320,122,422,157
432,139,321,126
321,128,422,148
324,137,427,156
420,150,318,130
327,132,428,146
426,163,326,131
319,129,427,154
325,151,427,151
428,167,328,133
318,131,418,159
436,154,322,132
317,137,427,159
321,129,436,156
433,149,322,146
438,134,313,130
316,140,436,148
305,140,438,147
301,148,454,137
301,134,446,130
457,135,318,144
320,142,460,134
NaN,NaN,303,134
325,149,NaN,NaN
NaN,NaN,307,141
331,151,430,159
418,181,315,144
327,134,NaN,NaN
330,133,NaN,NaN
419,186,317,145
311,134,411,189
320,144,420,169
311,137,414,183
412,180,314,137
330,137,NaN,NaN
424,167,317,144
417,177,314,146
318,144,422,178
311,135,413,159
406,174,305,132
410,179,310,124
311,133,415,174
313,127,413,165
411,174,310,137
411,180,311,130
410,171,309,132
407,174,306,131
323,127,423,181
414,181,312,124
318,121,420,167
426,166,327,136
428,168,320,132
326,138,428,166
318,143,416,185
408,164,299,156
415,177,315,164
295,184,404,164
413,174,298,201
NaN,NaN,NaN,NaN
NaN,NaN,NaN,NaN
414,167,300,272
421,169,305,301
NaN,NaN,NaN,NaN
314,357,NaN,NaN
NaN,NaN,312,356
316,369,424,166
420,164,307,366
310,375,415,179
316,380,414,173
410,169,310,380
413,175,315,382
311,384,417,175
310,383,422,164
314,383,417,176
313,389,417,163
411,167,313,386
423,173,319,384
307,368,410,172
410,167,310,365
309,353,420,170
NaN,NaN,425,169
NaN,NaN,420,178
NaN,NaN,426,174
422,174,NaN,NaN
421,173,NaN,NaN
NaN,NaN,424,174
NaN,NaN,NaN,NaN
NaN,NaN,NaN,NaN
NaN,NaN,NaN,NaN
NaN,NaN,NaN,NaN
432,166,329,144
413,173,NaN,NaN
NaN,NaN,NaN,NaN
416,177,306,133
305,136,410,175
312,153,416,154
417,174,317,160
422,160,314,155
316,156,429,164
317,153,426,157
420,171,303,132
432,156,308,130
420,158,306,132
410,166,305,134
418,169,310,149
309,141,412,170
414,163,314,149
415,170,312,140
421,170,314,134
413,174,314,142
317,139,431,158
425,157,307,143
315,142,422,162
319,134,427,164
322,153,425,159
412,155,312,137
409,155,309,128
409,172,309,134
322,130,426,153
427,153,314,143
411,156,309,140
316,144,426,153
317,141,419,154
420,160,322,142
NaN,NaN,314,138
416,161,312,137
425,159,324,124
416,163,310,128
311,140,417,159
314,126,416,163
418,155,313,133
315,141,423,159
418,160,311,139
412,155,308,135
408,159,309,136
418,154,308,122
311,135,418,166
321,143,NaN,NaN
305,127,407,150
408,152,307,132
315,146,418,161
307,124,407,147
315,136,419,161
320,141,NaN,NaN
310,140,418,158
313,126,415,158
324,129,NaN,NaN
NaN,NaN,315,138
NaN,NaN,321,121
409,158,310,135
423,159,322,122
NaN,NaN,324,133
415,145,314,137
NaN,NaN,315,133
309,130,414,155
304,132,409,152
312,131,412,144
318,139,420,165
NaN,NaN,315,141
NaN,NaN,310,138
304,127,406,152
311,140,414,161
NaN,NaN,308,140
406,157,304,137
406,162,305,139
NaN,NaN,319,131
423,163,324,128
414,155,312,126
319,122,419,156
315,135,NaN,NaN
416,156,316,151
305,131,407,155
417,162,308,133
310,144,412,155
319,129,419,156
321,136,422,159
307,122,408,159
414,155,312,129
312,129,417,149
322,139,431,142
326,137,427,155
321,138,420,150
322,132,422,149
316,144,419,150
417,159,316,136
418,149,318,123
NaN,NaN,309,137
317,130,NaN,NaN
NaN,NaN,313,141
NaN,NaN,309,136
310,134,NaN,NaN
NaN,NaN,310,140
NaN,NaN,311,143
NaN,NaN,306,133
NaN,NaN,301,135
295,147,NaN,NaN
286,157,412,153
NaN,NaN,301,174
NaN,NaN,NaN,NaN
NaN,NaN,NaN,NaN
NaN,NaN,NaN,NaN
NaN,NaN,NaN,NaN
NaN,NaN,NaN,NaN
316,353,NaN,NaN
NaN,NaN,321,367
NaN,NaN,334,390
327,388,NaN,NaN
331,399,NaN,NaN
NaN,NaN,327,396
NaN,NaN,321,395
328,400,NaN,NaN
405,153,310,389
412,161,322,407
413,146,323,407
305,389,419,156
412,159,321,408
NaN,NaN,321,409
410,150,305,387
318,415,412,147
409,144,308,397
304,392,405,156
413,156,310,392
411,157,311,396
408,139,310,396
410,138,316,394
313,397,409,150
311,396,407,151
312,396,415,153
417,154,315,399
330,406,409,156
411,156,313,396
411,151,312,399
313,398,405,156
415,150,310,396
323,419,411,149
325,408,415,144
326,408,414,148
416,151,323,395
322,398,NaN,NaN
317,376,NaN,NaN
311,351,NaN,NaN
NaN,NaN,310,346
324,335,NaN,NaN
318,282,NaN,NaN
NaN,NaN,309,271
307,232,NaN,NaN
309,213,NaN,NaN
315,182,NaN,NaN
314,170,NaN,NaN
NaN,NaN,317,155
NaN,NaN,315,138
389,166,292,128
296,111,NaN,NaN
NaN,NaN,317,121
NaN,NaN,311,107
307,116,NaN,NaN
NaN,NaN,NaN,NaN
NaN,NaN,317,115
318,127,NaN,NaN
NaN,NaN,325,132
NaN,NaN,322,130
NaN,NaN,312,114
NaN,NaN,311,113
314,105,NaN,NaN
NaN,NaN,314,110
322,119,NaN,NaN
318,103,NaN,NaN
NaN,NaN,329,120
417,142,314,110
NaN,NaN,319,124
334,130,NaN,NaN
NaN,NaN,315,114
323,124,NaN,NaN
314,107,NaN,NaN
313,112,NaN,NaN
313,123,NaN,NaN
323,137,423,139
317,118,417,136
308,123,410,152
428,129,323,141
322,130,424,126
419,141,323,121
420,143,322,125
335,116,NaN,NaN
318,114,426,131
325,132,433,128
420,136,323,114
NaN,NaN,323,131
321,110,421,135
324,116,NaN,NaN
NaN,NaN,315,132
324,122,NaN,NaN
324,125,NaN,NaN
324,118,NaN,NaN
313,123,NaN,NaN
NaN,NaN,328,119
421,139,317,131
326,126,NaN,NaN
321,141,NaN,NaN
NaN,NaN,327,123
NaN,NaN,314,127
NaN,NaN,327,136
427,135,324,132
424,136,323,121
303,138,415,140
414,139,313,129
421,132,320,124
323,127,430,151
317,119,418,132
421,132,323,137
319,131,421,107
459,75,344,128
459,79,353,140
325,125,419,74
318,100,416,66
314,123,417,65
305,101,407,62
NaN,NaN,354,65
405,64,303,105
355,61,NaN,NaN
382,64,NaN,NaN
NaN,NaN,358,64
NaN,NaN,351,68
337,67,NaN,NaN
NaN,NaN,359,66
358,62,NaN,NaN
362,62,NaN,NaN
357,63,NaN,NaN
NaN,NaN,348,68
308,144,381,61
NaN,NaN,359,61
370,62,NaN,NaN
352,61,NaN,NaN
NaN,NaN,351,63
353,65,NaN,NaN
346,64,NaN,NaN
365,64,308,139
365,65,311,138
356,62,NaN,NaN
370,61,311,140
NaN,NaN,361,61
299,126,386,64
374,64,304,131
300,110,397,62
317,134,419,71
304,136,440,66
451,74,330,146
311,126,NaN,NaN
NaN,NaN,316,139
NaN,NaN,313,131
NaN,NaN,308,124
NaN,NaN,317,121
323,107,NaN,NaN
NaN,NaN,324,126
NaN,NaN,327,115
NaN,NaN,324,128
NaN,NaN,309,118
298,109,NaN,NaN
NaN,NaN,309,118
NaN,NaN,301,122
319,123,NaN,NaN
327,118,NaN,NaN
327,113,NaN,NaN
NaN,NaN,322,112
324,112,NaN,NaN
NaN,NaN,318,125
NaN,NaN,320,131
NaN,NaN,321,127
320,114,422,140
314,121,427,121
449,110,338,132
436,88,332,120
331,117,426,75
420,73,318,112
422,66,328,107
418,61,321,92
394,61,312,123
313,135,374,63
306,129,387,64
406,61,310,119
297,101,390,64
395,63,302,113
294,108,391,62
381,61,290,104
376,61,295,124
396,65,296,108
399,66,301,105
306,108,393,63
293,121,392,66
388,62,306,135
309,113,396,62
312,111,400,64
299,114,396,69
320,111,417,61
402,62,303,112
404,65,303,103
389,62,306,106
405,61,291,115
417,61,304,107
304,115,415,63
310,109,448,68
444,69,322,121
477,66,307,104
308,118,NaN,NaN
NaN,NaN,315,129
312,112,NaN,NaN
NaN,NaN,314,114
NaN,NaN,312,111
308,109,NaN,NaN
NaN,NaN,319,99
321,101,NaN,NaN
318,104,NaN,NaN
NaN,NaN,335,117
NaN,NaN,317,103
NaN,NaN,330,116
NaN,NaN,336,114
445,76,345,115
331,98,451,74
463,80,341,121
347,126,459,101
425,104,NaN,NaN
428,107,NaN,NaN
NaN,NaN,354,138
409,139,NaN,NaN
417,117,NaN,NaN
321,117,421,125
320,113,428,118
420,140,316,109
321,97,427,121
320,106,423,142
313,118,424,135
426,131,313,103
336,103,435,125
315,98,435,118
429,124,331,101
NaN,NaN,436,123
310,118,423,126
433,113,331,111
331,109,438,117
331,142,437,112
321,141,423,115
337,147,436,102
331,139,431,111
327,143,437,118
428,123,319,138
319,137,428,120
440,100,341,146
338,144,434,103
427,119,NaN,NaN
441,88,342,108
325,95,440,110
419,117,317,125
436,98,306,107
328,105,426,107
431,115,329,106
333,93,439,109
427,117,323,92
324,88,425,104
443,83,341,144
429,106,307,99
310,91,429,109
430,113,327,105
326,104,429,119
432,92,328,101
324,116,430,110
419,122,321,110
320,107,426,124
316,125,418,130
316,120,423,123
431,124,314,118
323,127,432,122
300,105,430,128
434,122,304,119
297,108,425,125
306,126,426,119
424,127,295,107
NaN,NaN,425,127
444,123,NaN,NaN
NaN,NaN,428,113
424,125,NaN,NaN
NaN,NaN,425,122
429,130,NaN,NaN
NaN,NaN,428,130
NaN,NaN,432,128
NaN,NaN,425,127
NaN,NaN,429,116
NaN,NaN,426,121
430,134,NaN,NaN
429,128,NaN,NaN
427,138,300,116
430,122,NaN,NaN
NaN,NaN,429,128
423,140,NaN,NaN
NaN,NaN,417,138
422,145,304,112
424,125,310,108
427,121,318,107
423,125,312,109
312,102,421,127
310,104,420,139
306,111,420,135
309,105,429,133
429,130,309,101
434,135,310,107
436,133,312,105
NaN,NaN,419,139
447,139,302,97
425,140,298,102
444,140,298,104
435,145,301,111
302,97,434,143
320,115,444,135
319,114,436,144
301,97,424,143
326,97,432,146
318,105,434,119
320,100,435,139
429,158,313,105
314,106,422,137
313,108,442,146
307,116,431,139
309,102,443,148
310,135,451,141
308,111,450,157
446,146,307,112
457,122,309,108
455,156,307,110
445,153,305,112
305,114,445,150
309,106,442,151
305,116,449,153
310,112,455,146
454,154,311,118
447,158,308,121
310,126,449,158
450,159,312,116
446,156,312,123
313,119,444,155
444,156,312,116
452,148,318,133
443,154,316,131
433,168,321,127
320,132,431,174
416,168,316,153
394,203,295,120
393,192,295,130
393,192,295,130
NaN,NaN,NaN,NaN
351,295,318,145
320,141,329,326
NaN,NaN,NaN,NaN
NaN,NaN,NaN,NaN
NaN,NaN,318,141
318,137,NaN,NaN
317,130,322,386
313,133,NaN,NaN
NaN,NaN,311,136
NaN,NaN,314,136
313,142,NaN,NaN
NaN,NaN,318,140
NaN,NaN,321,137
315,142,NaN,NaN
NaN,NaN,311,137
NaN,NaN,314,136
310,127,NaN,NaN
322,135,NaN,NaN
NaN,NaN,315,134
NaN,NaN,314,142
314,148,342,381
320,139,326,378
344,356,317,139
357,336,314,134
NaN,NaN,314,132
NaN,NaN,320,141
320,138,NaN,NaN
NaN,NaN,319,144
346,162,NaN,NaN
296,123,392,185
396,173,300,128
401,162,298,138
418,159,319,123
393,168,NaN,NaN
399,161,299,119
321,130,431,145
416,160,315,119
302,120,404,156
420,164,323,128
322,119,426,149
302,122,402,160
402,155,304,140
299,115,398,155
300,124,404,141
398,152,299,113
306,133,403,149
411,153,306,131
403,157,301,138
307,114,401,161
300,125,400,141
417,139,320,130
299,121,398,164
406,163,302,120
399,167,301,124
296,135,404,149
303,145,414,139
302,122,403,166
323,139,425,156
426,157,323,131
324,136,425,148
424,149,323,137
422,155,321,119
324,132,431,152
414,153,307,155
422,177,323,138
321,123,420,146
320,135,425,161
432,159,322,137
438,153,321,137
425,160,324,150
323,133,440,152
331,133,428,138
339,163,438,150
439,146,332,156
440,148,331,132
327,133,423,149
434,144,306,150
328,150,429,143
326,124,447,131
327,147,426,153
442,155,326,145
443,134,330,149
322,129,420,164
435,170,328,146
432,149,NaN,NaN
303,109,410,157
428,143,327,126
438,153,307,102
304,112,NaN,NaN
309,106,433,156
326,107,429,160
NaN,NaN,327,110
NaN,NaN,327,116
307,115,NaN,NaN
447,153,327,116
325,115,455,139
304,116,NaN,NaN
305,123,NaN,NaN
450,148,305,122
307,110,448,143
440,147,304,129
452,140,304,118
325,121,436,158
445,146,304,113
305,126,440,149
447,138,306,133
305,130,NaN,NaN
310,113,NaN,NaN
326,119,NaN,NaN
309,119,NaN,NaN
310,117,NaN,NaN
NaN,NaN,310,138
311,116,423,133
308,119,431,157
306,125,423,150
424,152,312,112
309,114,419,155
421,149,320,107
432,149,312,119
416,146,307,122
310,121,423,145
431,142,306,131
442,134,313,120
435,140,316,124
444,137,319,133
455,130,310,131
311,138,457,115
317,151,468,126
312,143,466,140
NaN,NaN,NaN,NaN
NaN,NaN,NaN,NaN
356,255,489,129
370,282,487,136
496,133,389,317
401,349,489,140
496,134,401,369
492,143,407,389
498,141,418,399
NaN,NaN,NaN,NaN
415,416,487,138
510,123,421,405
486,155,414,410
418,405,500,147
495,136,409,402
495,153,410,406
500,126,417,401
416,411,494,131
414,402,506,124
489,141,415,387
495,140,384,359
386,345,493,143
403,327,505,130
393,293,508,125
506,129,379,277
363,231,495,129
499,127,365,221
501,144,354,206
498,143,341,193
508,131,NaN,NaN
502,129,NaN,NaN
507,128,312,161
NaN,NaN,506,127
NaN,NaN,NaN,NaN
320,171,501,127
500,126,NaN,NaN
314,150,486,141
496,130,NaN,NaN
498,120,326,162
328,162,492,133
NaN,NaN,496,127
493,129,318,154
NaN,NaN,493,133
317,142,492,131
494,146,NaN,NaN
312,145,496,128
494,132,313,140
302,144,501,133
312,153,506,140
306,143,502,127
304,138,502,129
496,140,329,157
492,141,324,154
504,131,NaN,NaN
490,138,328,150
499,134,317,143
494,130,NaN,NaN
507,133,NaN,NaN
502,126,NaN,NaN
300,140,497,136
325,149,495,136
319,149,495,123
311,128,501,131
506,125,311,153
314,146,498,134
505,124,317,148
499,145,313,139
512,131,315,146
491,134,312,129
319,144,497,134
505,123,319,143
316,136,507,132
505,121,315,148
320,151,502,145
510,124,319,153
325,151,509,127
507,133,NaN,NaN
504,146,313,117
340,100,509,139
495,135,359,92
506,132,378,65
400,70,504,129
508,139,401,74
505,134,402,68
412,74,502,135
508,133,401,68
498,145,402,79
407,81,508,138
398,85,500,142
506,140,390,99
370,90,503,133
497,133,355,104
348,106,505,127
509,134,341,111
334,106,497,139
505,149,333,114
507,137,NaN,NaN
503,139,NaN,NaN
508,136,NaN,NaN
NaN,NaN,503,135
505,130,NaN,NaN
500,133,NaN,NaN
506,136,NaN,NaN
NaN,NaN,497,140
NaN,NaN,503,140
NaN,NaN,505,136
NaN,NaN,506,137
NaN,NaN,502,140
NaN,NaN,505,139
510,137,NaN,NaN
510,136,NaN,NaN
NaN,NaN,506,139
501,139,333,113
509,135,323,114
327,108,507,137
500,146,327,104
519,139,328,101
332,100,509,133
506,132,332,99
503,144,324,103
334,87,512,135
509,134,329,98
332,94,503,141
331,97,500,139
327,101,500,139
321,99,504,133
511,128,329,115
501,136,321,94
504,140,325,96
508,133,318,103
327,110,511,130
NaN,NaN,503,140
503,134,NaN,NaN
NaN,NaN,510,138
508,136,NaN,NaN
516,138,NaN,NaN
NaN,NaN,510,136
328,121,508,130
320,123,505,139
513,132,325,110
513,134,320,121
324,107,513,136
324,108,504,130
516,139,330,110
325,107,503,144
498,148,322,108
505,130,329,110
324,107,505,129
332,116,497,144
320,112,512,142
503,132,322,117
498,129,318,114
320,118,499,123
501,121,315,118
318,127,505,130
487,128,321,125
497,130,322,134
320,130,486,127
491,116,323,123
498,133,320,135
332,133,501,133
492,114,321,130
496,114,324,127
319,137,501,115
499,135,317,134
491,117,NaN,NaN
NaN,NaN,487,123
NaN,NaN,489,119
500,117,NaN,NaN
NaN,NaN,491,113
NaN,NaN,496,137
NaN,NaN,488,117
503,124,NaN,NaN
NaN,NaN,496,134
317,133,495,119
NaN,NaN,488,126
332,160,498,109
NaN,NaN,491,116
492,142,NaN,NaN
NaN,NaN,489,122
NaN,NaN,499,116
314,152,500,128
316,157,501,133
489,119,320,162
312,153,484,125
485,122,320,159
312,154,488,125
319,160,501,130
497,117,NaN,NaN
321,160,498,130
324,162,487,119
323,165,493,132
492,113,336,167
491,112,315,132
478,110,318,135
338,146,489,123
328,136,483,112
335,136,480,116
341,145,471,130
334,133,477,118
339,140,479,120
477,105,330,127
339,140,481,117
471,122,348,153
336,136,467,122
344,142,464,116
342,137,462,136
336,139,455,118
465,117,332,131
452,120,337,135
331,135,464,125
334,135,453,130
314,119,467,125
464,123,330,131
451,129,319,105
329,113,472,120
461,136,335,126
336,101,455,129
341,106,471,117
457,135,342,103
448,140,336,110
357,114,465,132
345,107,466,130
454,130,341,122
454,122,339,104
459,124,336,108
446,137,327,106
344,100,453,128
438,136,337,108
446,126,327,103
331,95,439,140
440,139,339,98
439,123,333,104
328,100,436,130
435,137,331,91
435,136,326,102
444,113,331,108
437,132,322,99
327,116,440,123
439,123,336,106
439,136,335,103
439,144,338,105
330,85,433,140
343,103,440,139
441,138,347,100
431,139,337,100
451,119,350,106
455,129,360,106
441,137,342,97
356,114,456,134
NaN,NaN,444,140
445,129,NaN,NaN
450,130,NaN,NaN
NaN,NaN,455,145
444,134,NaN,NaN
444,132,NaN,NaN
445,124,NaN,NaN
365,137,465,136
352,132,450,137
355,133,453,129
451,124,349,127
437,138,NaN,NaN
457,141,356,124
441,125,NaN,NaN
460,140,357,128
457,143,357,129
446,127,NaN,NaN
436,134,NaN,NaN
NaN,NaN,436,136
442,136,NaN,NaN
NaN,NaN,445,139
NaN,NaN,450,139
447,140,NaN,NaN
NaN,NaN,457,130
NaN,NaN,447,137
446,141,NaN,NaN
437,141,NaN,NaN
NaN,NaN,442,133
NaN,NaN,458,136
448,132,NaN,NaN
448,135,NaN,NaN
446,127,NaN,NaN
NaN,NaN,443,137
448,129,NaN,NaN
362,132,460,139
447,128,NaN,NaN
441,130,NaN,NaN
457,134,358,131
355,137,455,150
352,127,452,134
456,125,360,125
NaN,NaN,438,130
NaN,NaN,446,137
442,139,NaN,NaN
443,132,NaN,NaN
447,146,NaN,NaN
444,124,NaN,NaN
448,128,NaN,NaN
NaN,NaN,443,146
438,123,NaN,NaN
NaN,NaN,438,142
442,140,NaN,NaN
448,135,NaN,NaN
435,137,NaN,NaN
359,131,458,141
435,134,NaN,NaN
NaN,NaN,445,134
NaN,NaN,443,140
NaN,NaN,450,127
NaN,NaN,434,137
442,132,NaN,NaN
439,136,NaN,NaN
354,135,454,132
454,126,355,137
446,132,349,131
457,141,350,128
NaN,NaN,438,137
439,141,NaN,NaN
461,137,364,125
449,132,NaN,NaN
NaN,NaN,449,130
435,140,NaN,NaN
447,133,NaN,NaN
351,123,451,121
439,132,NaN,NaN
456,129,356,131
NaN,NaN,445,131
451,129,352,131
NaN,NaN,435,141
452,132,354,132
444,135,NaN,NaN
358,125,455,143
441,144,NaN,NaN
454,136,353,127
NaN,NaN,452,131
NaN,NaN,447,125
455,141,357,125
464,140,362,117
352,124,453,125
444,133,NaN,NaN
NaN,NaN,441,127
NaN,NaN,438,139
451,123,352,140
443,126,NaN,NaN
452,129,353,121
444,136,348,120
445,134,NaN,NaN
NaN,NaN,443,140
348,120,448,139
351,120,452,140
441,138,NaN,NaN
352,118,456,137
350,109,452,130
NaN,NaN,453,126
442,131,NaN,NaN
438,130,NaN,NaN
350,122,450,126
445,137,NaN,NaN
449,133,NaN,NaN
NaN,NaN,442,143
445,143,NaN,NaN
445,138,NaN,NaN
353,130,451,129
345,123,447,141
349,128,449,131
NaN,NaN,447,142
354,127,452,133
NaN,NaN,443,123
455,133,356,132
351,136,450,131
433,133,NaN,NaN
466,143,366,129
442,135,NaN,NaN
439,136,NaN,NaN
NaN,NaN,453,121
452,143,353,124
356,136,456,134
438,141,NaN,NaN
352,121,452,145
450,143,NaN,NaN
457,125,354,129
356,128,453,139
NaN,NaN,445,130
359,132,454,122
348,123,443,140
447,127,NaN,NaN
444,135,NaN,NaN
355,131,459,135
NaN,NaN,445,137
453,118,355,139
NaN,NaN,445,135
NaN,NaN,442,132
455,122,354,130
460,139,360,129
441,128,NaN,NaN
NaN,NaN,435,135
NaN,NaN,443,129
NaN,NaN,444,131
NaN,NaN,443,128
NaN,NaN,441,140
440,143,NaN,NaN
443,126,NaN,NaN
455,127,351,125
NaN,NaN,431,134
455,141,358,128
452,136,356,123
359,122,458,135
NaN,NaN,447,138
452,139,350,132
355,120,455,135
440,137,NaN,NaN
458,134,357,123
351,126,449,134
NaN,NaN,447,131
448,131,NaN,NaN
357,128,458,118
352,133,450,139
440,127,343,125
349,130,450,142
NaN,NaN,440,135
NaN,NaN,450,126
457,119,357,129
460,137,360,140
450,126,354,125
449,138,350,140
NaN,NaN,439,130
356,141,454,129
447,126,347,129
455,135,356,125
351,134,454,133
NaN,NaN,442,117
353,134,455,145
353,147,453,141
451,136,353,128
355,133,456,139
NaN,NaN,451,135
355,140,454,131
457,136,354,134
458,137,360,136
NaN,NaN,449,132
NaN,NaN,442,142
449,130,NaN,NaN
NaN,NaN,444,137
NaN,NaN,449,140
435,137,NaN,NaN
NaN,NaN,436,136
NaN,NaN,435,135
NaN,NaN,433,137
447,148,NaN,NaN
352,132,450,133
456,144,355,134
445,121,NaN,NaN
NaN,NaN,450,123
461,137,361,142
NaN,NaN,446,123
441,144,NaN,NaN
453,135,NaN,NaN
437,146,NaN,NaN
459,139,NaN,NaN
NaN,NaN,454,138
456,136,354,142
350,138,447,135
NaN,NaN,445,140
450,123,NaN,NaN
437,133,NaN,NaN
NaN,NaN,441,132
NaN,NaN,439,131
NaN,NaN,439,129
NaN,NaN,442,134
439,144,NaN,NaN
NaN,NaN,437,136
NaN,NaN,452,124
455,144,NaN,NaN
NaN,NaN,442,128
NaN,NaN,440,124
NaN,NaN,434,139
NaN,NaN,435,135
453,125,NaN,NaN
458,134,361,139
444,132,NaN,NaN
NaN,NaN,437,140
NaN,NaN,431,134
352,138,455,131
460,133,357,138
334,115,438,142
441,128,338,128
332,134,445,137
331,133,442,148
442,134,325,133
439,134,319,141
310,145,443,133
317,148,441,139
444,141,316,141
443,132,317,123
317,125,438,140
319,126,449,142
437,146,328,134
440,135,326,132
326,122,435,149
324,121,440,135
327,123,442,134
440,126,324,127
444,142,326,125
440,131,329,142
442,127,325,138
319,136,423,147
418,148,318,131
327,123,427,143
322,123,421,146
311,135,421,138
430,148,315,150
304,156,415,139
415,142,NaN,NaN
427,145,NaN,NaN
428,131,NaN,NaN
418,146,NaN,NaN
NaN,NaN,424,149
307,318,424,148
314,326,428,134
425,147,313,336
322,353,436,137
306,337,428,135
428,130,311,344
311,340,431,130
426,149,307,342
423,140,307,338
311,351,423,136
308,357,417,145
422,144,308,342
311,361,425,141
317,364,425,144
420,137,323,363
427,141,316,359
316,358,425,141
431,138,313,351
310,340,427,147
310,332,424,147
311,314,426,144
430,138,NaN,NaN
NaN,NaN,427,140
NaN,NaN,428,133
430,135,NaN,NaN
427,139,NaN,NaN
436,140,NaN,NaN
442,144,NaN,NaN
NaN,NaN,446,148
438,149,NaN,NaN
NaN,NaN,459,145
NaN,NaN,NaN,NaN
NaN,NaN,NaN,NaN
319,111,NaN,NaN
NaN,NaN,321,106
332,117,NaN,NaN
334,112,457,138
337,110,468,132
345,118,462,134
351,110,467,134
357,128,466,133
454,129,342,119
342,116,456,125
346,120,454,123
465,118,355,111
344,120,453,114
460,121,354,112
350,115,450,114
352,106,452,130
447,105,346,104
443,108,339,111
NaN,NaN,354,123
342,92,NaN,NaN
NaN,NaN,344,106
350,98,NaN,NaN
346,123,NaN,NaN
332,106,NaN,NaN
NaN,NaN,353,124
340,105,NaN,NaN
337,101,NaN,NaN
337,100,NaN,NaN
NaN,NaN,353,97
NaN,NaN,338,92
335,104,NaN,NaN
NaN,NaN,362,111
NaN,NaN,355,94
NaN,NaN,357,89
446,100,342,90
357,109,NaN,NaN
353,102,NaN,NaN
443,99,342,104
NaN,NaN,351,101
NaN,NaN,356,107
349,100,NaN,NaN
351,106,NaN,NaN
NaN,NaN,349,93
NaN,NaN,357,128
NaN,NaN,353,103
NaN,NaN,355,98
355,95,NaN,NaN
362,97,NaN,NaN
354,103,NaN,NaN
355,89,NaN,NaN
NaN,NaN,352,112
NaN,NaN,350,114
354,104,NaN,NaN
NaN,NaN,356,121
352,107,466,89
458,100,350,105
354,91,465,95
464,92,345,103
461,96,357,116
468,94,357,117
NaN,NaN,354,96
NaN,NaN,348,113
NaN,NaN,352,106
349,102,470,97
351,104,468,105
458,99,356,103
466,98,360,93
462,90,355,104
469,93,358,90
352,112,468,103
461,98,357,102
464,103,359,112
355,116,463,100
350,134,477,110
477,113,349,141
NaN,NaN,NaN,NaN
NaN,NaN,NaN,NaN
NaN,NaN,NaN,NaN
NaN,NaN,NaN,NaN
NaN,NaN,NaN,NaN
NaN,NaN,NaN,NaN
NaN,NaN,NaN,NaN
NaN,NaN,314,346
331,371,NaN,NaN
314,371,NaN,NaN
315,377,NaN,NaN
305,376,NaN,NaN
NaN,NaN,312,401
NaN,NaN,305,385
307,377,NaN,NaN
NaN,NaN,315,397
306,380,NaN,NaN
NaN,NaN,309,380
NaN,NaN,309,387
NaN,NaN,317,382
NaN,NaN,319,396
319,394,NaN,NaN
324,397,NaN,NaN
NaN,NaN,327,394
NaN,NaN,316,387
NaN,NaN,316,367
307,353,NaN,NaN
326,359,NaN,NaN
NaN,NaN,NaN,NaN
NaN,NaN,NaN,NaN
NaN,NaN,NaN,NaN
NaN,NaN,NaN,NaN
NaN,NaN,NaN,NaN
NaN,NaN,NaN,NaN
NaN,NaN,340,190
340,170,NaN,NaN
NaN,NaN,349,162
NaN,NaN,346,156
NaN,NaN,359,141
NaN,NaN,355,131
NaN,NaN,357,116
348,96,NaN,NaN
NaN,NaN,340,83
493,72,353,79
353,74,492,73
497,69,364,75
361,78,497,82
488,82,367,67
490,75,377,72
471,105,359,64
457,101,345,63
465,101,357,61
467,110,362,63
466,94,367,70
464,88,360,62
352,61,455,95
465,93,361,65
367,66,463,104
467,90,360,62
461,94,353,75
353,62,460,73
459,87,349,67
349,68,455,86
351,64,446,90
353,74,455,88
347,65,NaN,NaN
350,75,NaN,NaN
350,69,NaN,NaN
NaN,NaN,348,76
343,67,NaN,NaN
347,70,448,65
345,69,448,86
448,87,349,81
445,86,346,74
NaN,NaN,370,79
438,85,341,64
NaN,NaN,357,68
362,99,NaN,NaN
NaN,NaN,369,84
NaN,NaN,359,86
360,74,NaN,NaN
349,73,NaN,NaN
378,76,NaN,NaN
371,73,NaN,NaN
435,89,349,64
330,64,428,90
436,68,328,61
343,66,435,77
335,66,434,72
442,76,352,85
343,71,441,66
448,69,346,68
431,76,336,70
453,77,342,70
452,61,351,61
451,70,345,67
341,61,450,72
NaN,NaN,384,71
NaN,NaN,377,80
NaN,NaN,386,69
327,62,432,63
440,63,339,81
436,87,349,63
426,64,324,63
382,80,NaN,NaN
NaN,NaN,371,75
351,63,456,85
462,85,363,69
349,62,450,71
462,64,366,72
335,65,436,69
483,71,378,74
368,75,470,70
473,79,361,71
368,62,NaN,NaN
NaN,NaN,372,62
NaN,NaN,374,73
376,69,NaN,NaN
380,74,478,83
462,82,362,79
NaN,NaN,377,76
363,67,459,77
371,74,473,72
484,79,382,73
378,69,477,62
367,66,475,67
379,72,486,65
481,74,381,70
474,72,374,64
354,62,454,73
368,62,476,81
370,69,474,63
474,64,365,75
355,65,471,71
477,71,362,70
455,75,350,77
454,65,348,74
468,76,352,72
340,65,487,75
335,61,450,74
350,69,488,76
457,63,348,94
456,68,341,63
457,71,356,79
448,81,328,69
463,68,362,69
464,82,354,77
359,75,479,91
360,74,504,80
525,78,345,66
349,74,515,74
523,72,329,70
534,63,340,80
528,71,322,74
319,70,535,61
330,78,525,76
531,63,326,75
524,68,337,77
536,67,327,75
318,74,530,61
530,61,312,63
320,72,540,62
537,63,320,83
530,65,340,74
323,74,529,68
328,79,529,70
329,84,527,66
323,74,517,62
519,64,334,73
529,64,333,66
516,70,334,76
531,62,334,80
542,61,342,76
534,64,335,75
533,63,345,70
330,62,539,65
332,65,529,61
542,63,337,69
352,70,525,63
327,63,549,63
510,65,342,76
329,62,511,61
513,63,320,64
NaN,NaN,343,73
509,66,303,64
341,75,551,62
534,61,344,71
329,78,526,65
520,71,331,79
312,74,534,65
513,62,320,64
525,64,337,78
338,77,524,63
342,69,517,69
348,79,510,70
521,62,352,108
502,86,343,71
502,69,354,78
508,75,379,94
376,77,495,93
370,81,493,93
375,88,492,112
367,93,484,117
500,97,376,102
370,105,483,122
490,110,383,127
375,121,490,113
484,123,383,135
386,133,494,111
494,123,393,134
484,116,384,127
493,121,388,125
378,137,488,135
483,133,379,134
368,130,478,130
490,125,390,134
482,126,369,131
486,138,388,136
486,121,372,129
477,134,374,136
377,125,483,142
482,137,373,122
377,121,480,138
377,134,482,139
380,134,486,134
484,129,384,128
489,137,387,143
380,143,482,131
381,150,484,136
382,137,482,131
485,138,374,133
372,145,501,126
498,132,342,145
327,148,494,125
498,129,NaN,NaN
494,141,320,177
NaN,NaN,503,125
NaN,NaN,NaN,NaN
484,143,NaN,NaN
496,126,315,266
324,306,496,130
NaN,NaN,NaN,NaN
NaN,NaN,311,358
312,357,496,139
319,370,496,144
306,364,519,131
307,366,520,131
308,374,529,125
532,134,306,371
535,128,305,361
310,373,535,127
313,384,521,124
308,362,517,129
516,142,309,373
514,123,313,368
529,132,315,377
321,384,522,119
522,124,310,353
317,354,500,143
511,118,NaN,NaN
496,126,NaN,NaN
NaN,NaN,489,119
473,130,NaN,NaN
473,119,NaN,NaN
NaN,NaN,462,138
NaN,NaN,458,121
NaN,NaN,459,133
NaN,NaN,443,148
NaN,NaN,440,142
445,135,NaN,NaN
456,117,NaN,NaN
NaN,NaN,462,135
465,134,NaN,NaN
475,119,NaN,NaN
NaN,NaN,472,122
NaN,NaN,NaN,NaN
320,173,483,102
501,113,324,173
502,111,347,171
342,153,NaN,NaN
NaN,NaN,350,160
NaN,NaN,361,145
NaN,NaN,362,139
NaN,NaN,362,135
481,116,369,131
370,150,NaN,NaN
370,138,NaN,NaN
NaN,NaN,364,140
NaN,NaN,361,149
NaN,NaN,358,131
358,132,469,116
468,118,358,127
464,102,364,146
364,146,469,114
461,113,359,140
456,112,345,134
469,109,362,138
459,114,357,125
360,130,459,117
361,129,461,126
361,134,464,117
468,122,363,134
362,126,463,128
458,117,358,138
469,119,367,139
457,115,356,131
462,113,357,127
358,136,462,115
360,130,464,116
354,126,457,111
361,130,464,113
362,136,462,110
461,115,358,121
366,139,463,127
365,133,468,123
366,123,466,118
366,141,466,119
453,111,353,122
466,127,366,141
359,131,457,107
452,114,353,124
355,124,467,120
367,139,467,124
465,125,361,124
362,134,463,133
451,118,353,122
453,115,352,126
366,143,465,123
356,127,455,117
455,127,353,116
364,138,463,120
463,139,360,144
355,120,457,125
463,124,358,128
350,116,451,118
365,143,465,132
453,122,347,117
471,120,365,133
341,131,444,121
NaN,NaN,439,121
338,121,450,129
452,123,353,124
458,125,316,133
296,144,450,126
278,153,452,137
448,134,NaN,NaN
NaN,NaN,450,124
NaN,NaN,NaN,NaN
NaN,NaN,NaN,NaN
166,305,450,133
454,135,138,316
133,322,452,124
449,133,127,329
448,123,124,332
111,350,451,133
121,351,448,128
447,129,113,346
449,127,116,358
118,356,456,137
111,350,455,123
457,142,110,358
463,140,115,365
109,352,446,145
117,363,450,132
454,141,110,366
457,133,107,359
112,366,454,134
443,132,92,366
449,153,93,347
87,360,445,133
448,130,93,328
460,118,91,323
88,314,446,135
115,290,445,130
455,134,126,253
NaN,NaN,455,138
217,134,455,136
461,134,233,167
268,143,455,137
450,130,285,132
315,114,NaN,NaN
NaN,NaN,331,101
328,91,NaN,NaN
NaN,NaN,346,106
444,122,341,86
436,138,332,87
345,84,449,120
433,159,334,92
444,127,346,89
339,93,441,127
346,111,449,125
343,97,440,141
450,127,347,112
352,120,NaN,NaN
330,100,NaN,NaN
337,103,NaN,NaN
442,133,337,99
NaN,NaN,335,102
341,112,NaN,NaN
328,103,NaN,NaN
336,106,NaN,NaN
NaN,NaN,331,93
NaN,NaN,337,107
NaN,NaN,343,114
336,116,NaN,NaN
339,115,NaN,NaN
NaN,NaN,344,125
NaN,NaN,337,111
337,120,NaN,NaN
NaN,NaN,344,128
341,125,NaN,NaN
NaN,NaN,339,122
NaN,NaN,354,134
348,131,NaN,NaN
339,117,NaN,NaN
NaN,NaN,348,134
NaN,NaN,352,134
357,137,NaN,NaN
355,133,NaN,NaN
338,121,NaN,NaN
347,130,NaN,NaN
343,122,NaN,NaN
NaN,NaN,313,111
334,136,NaN,NaN
NaN,NaN,335,135
NaN,NaN,343,154
NaN,NaN,347,176
349,195,NaN,NaN
361,232,NaN,NaN
NaN,NaN,370,267
NaN,NaN,NaN,NaN
NaN,NaN,NaN,NaN
NaN,NaN,413,400
428,404,NaN,NaN
427,409,NaN,NaN
NaN,NaN,425,419
426,409,NaN,NaN
NaN,NaN,411,412
412,417,NaN,NaN
NaN,NaN,412,420
412,414,NaN,NaN
411,409,NaN,NaN
NaN,NaN,417,414
415,408,NaN,NaN
412,409,NaN,NaN
432,405,NaN,NaN
NaN,NaN,411,412
NaN,NaN,407,404
NaN,NaN,409,408
417,420,NaN,NaN
NaN,NaN,404,368
404,350,NaN,NaN
NaN,NaN,402,317
392,284,NaN,NaN
NaN,NaN,391,250
387,235,NaN,NaN
364,176,NaN,NaN
NaN,NaN,369,168
NaN,NaN,348,145
365,142,NaN,NaN
352,136,NaN,NaN
NaN,NaN,359,140
NaN,NaN,343,124
443,115,337,109
NaN,NaN,357,105
338,102,443,117
349,97,457,113
359,100,462,96
372,96,485,96
358,90,456,110
357,95,457,105
364,76,464,89
456,106,354,81
458,123,359,80
379,85,481,102
357,67,458,101
462,95,358,90
484,88,377,78
356,70,460,107
358,85,460,103
460,101,363,64
489,97,381,87
481,106,376,85
454,109,356,81
374,84,480,90
376,89,480,89
381,104,485,98
375,104,479,100
489,104,379,95
491,100,381,108
370,81,477,98
383,109,483,92
372,107,489,99
481,101,378,117
476,105,372,105
480,94,374,108
369,108,486,102
487,93,382,110
489,101,371,108
373,113,473,106
378,106,479,96
483,82,381,98
377,98,478,94
385,91,483,112
481,96,382,88
379,83,476,109
367,81,475,107
355,80,456,102
479,99,379,89
377,79,477,89
377,99,477,92
475,93,371,74
483,102,376,85
381,96,483,92
480,98,381,104
376,96,479,98
372,97,485,104
382,94,482,101
371,103,472,87
386,102,488,93
477,100,370,95
487,100,372,97
382,92,484,91
363,69,476,96
480,96,365,62
361,71,459,112
478,107,367,74
380,65,481,99
458,96,359,66
478,95,377,85
482,98,369,78
364,67,485,95
371,71,491,89
488,98,364,70
374,72,491,102
379,72,492,102
379,77,482,103
381,84,493,94
374,80,485,95
370,73,483,97
363,62,494,99
491,91,370,76
480,86,372,69
365,63,484,102
475,88,375,77
367,70,469,98
357,66,483,108
366,78,486,89
364,64,491,97
495,101,373,61
489,109,369,70
377,76,491,92
367,65,470,108
369,76,490,104
370,78,494,102
495,109,369,69
489,88,363,69
493,100,374,76
370,65,500,105
493,93,368,86
497,97,372,70
363,73,491,83
370,73,490,103
473,98,370,76
374,71,495,90
359,73,479,88
388,82,496,96
366,69,494,95
487,96,377,74
489,102,375,79
478,90,368,64
373,72,477,91
374,80,472,93
474,96,372,74
386,95,496,92
383,84,484,84
494,84,383,81
372,82,472,95
491,90,372,78
491,94,373,72
491,90,372,80
474,84,371,72
380,75,NaN,NaN
366,68,469,91
NaN,NaN,384,83
NaN,NaN,387,95
386,100,492,87
376,91,NaN,NaN
375,96,NaN,NaN
388,94,NaN,NaN
491,84,389,87
388,96,NaN,NaN
370,74,489,82
364,90,469,83
470,85,366,75
491,79,368,84
374,92,490,85
477,83,378,94
494,86,374,91
370,96,477,95
368,93,474,90
486,101,362,93
362,103,480,97
365,101,488,103
488,107,363,108
483,97,383,110
368,123,479,98
363,112,481,113
361,120,480,108
484,98,359,114
377,112,480,112
378,108,478,112
481,102,357,99
359,103,468,115
NaN,NaN,367,112
NaN,NaN,350,110
NaN,NaN,346,125
371,130,NaN,NaN
NaN,NaN,359,132
355,122,NaN,NaN
NaN,NaN,350,130
349,106,NaN,NaN
NaN,NaN,352,108
351,107,NaN,NaN
NaN,NaN,342,118
359,103,NaN,NaN
360,102,NaN,NaN
NaN,NaN,373,106
382,119,NaN,NaN
NaN,NaN,380,116
371,95,NaN,NaN
NaN,NaN,379,97
NaN,NaN,393,103
378,104,NaN,NaN
NaN,NaN,383,99
NaN,NaN,393,105
NaN,NaN,389,114
NaN,NaN,381,101
393,111,NaN,NaN
NaN,NaN,377,101
384,108,NaN,NaN
364,86,NaN,NaN
382,105,NaN,NaN
NaN,NaN,370,96
366,93,NaN,NaN
368,105,NaN,NaN
NaN,NaN,377,92
NaN,NaN,371,92
NaN,NaN,364,93
359,88,457,148
358,99,454,149
366,88,468,120
477,127,372,99
380,110,NaN,NaN
373,100,NaN,NaN
374,98,NaN,NaN
371,103,NaN,NaN
357,92,457,150
359,112,466,143
458,143,358,96
357,92,460,145
347,92,448,139
365,109,462,141
467,137,368,98
361,105,464,130
464,132,364,104
456,131,358,92
370,109,472,133
453,135,354,105
465,135,364,88
356,93,453,139
454,111,353,93
449,139,348,108
373,96,NaN,NaN
NaN,NaN,363,106
370,92,NaN,NaN
349,97,446,137
366,90,462,111
348,93,448,135
448,133,348,86
459,135,359,106
455,134,356,106
375,92,NaN,NaN
NaN,NaN,361,102
NaN,NaN,359,97
353,96,NaN,NaN
356,89,NaN,NaN
361,113,NaN,NaN
362,96,NaN,NaN
361,96,NaN,NaN
362,103,NaN,NaN
455,136,357,113
NaN,NaN,362,101
459,139,359,109
362,90,NaN,NaN
355,91,450,138
357,96,454,138
358,107,459,139
341,96,441,125
363,95,458,146
459,146,357,115
347,101,447,118
460,146,350,114
367,109,NaN,NaN
360,109,NaN,NaN
474,119,354,105
NaN,NaN,361,112
359,109,NaN,NaN
360,113,NaN,NaN
359,111,479,125
481,122,358,102
478,113,353,112
476,120,347,108
356,114,480,126
481,118,349,104
350,104,475,123
472,125,350,104
360,116,467,129
462,122,357,101
465,116,363,109
451,122,348,104
465,117,364,109
362,116,467,103
373,104,NaN,NaN
376,102,NaN,NaN
NaN,NaN,371,96
379,99,NaN,NaN
NaN,NaN,380,108
NaN,NaN,349,102
383,107,NaN,NaN
383,105,NaN,NaN
375,102,472,114
471,119,372,98
NaN,NaN,378,104
NaN,NaN,391,118
374,103,NaN,NaN
384,98,NaN,NaN
NaN,NaN,380,96
NaN,NaN,388,109
NaN,NaN,388,106
377,99,477,115
366,97,469,113
471,97,368,106
477,102,379,112
376,101,477,110
483,100,384,121
376,105,482,101
484,103,382,113
388,113,493,94
476,106,374,115
491,100,391,113
377,112,480,92
379,119,479,103
389,105,493,93
379,104,479,110
466,108,366,113
464,115,364,106
376,107,475,128
366,106,NaN,NaN
368,102,NaN,NaN
NaN,NaN,363,103
358,114,NaN,NaN
355,119,NaN,NaN
NaN,NaN,349,126
344,135,NaN,NaN
336,151,NaN,NaN
333,187,NaN,NaN
329,211,NaN,NaN
NaN,NaN,NaN,NaN
NaN,NaN,NaN,NaN
NaN,NaN,326,321
NaN,NaN,323,347
NaN,NaN,315,361
NaN,NaN,307,377
310,383,NaN,NaN
308,393,NaN,NaN
NaN,NaN,303,388
307,398,NaN,NaN
305,393,NaN,NaN
NaN,NaN,310,390
310,380,NaN,NaN
313,391,NaN,NaN
312,392,NaN,NaN
NaN,NaN,309,393
313,383,NaN,NaN
NaN,NaN,316,393
NaN,NaN,312,386
313,386,NaN,NaN
311,392,NaN,NaN
316,390,NaN,NaN
314,384,NaN,NaN
NaN,NaN,314,389
314,391,NaN,NaN
NaN,NaN,312,378
313,373,NaN,NaN
NaN,NaN,321,376
NaN,NaN,323,345
NaN,NaN,NaN,NaN
NaN,NaN,NaN,NaN
NaN,NaN,NaN,NaN
NaN,NaN,NaN,NaN
NaN,NaN,NaN,NaN
NaN,NaN,NaN,NaN
NaN,NaN,NaN,NaN
NaN,NaN,NaN,NaN
NaN,NaN,NaN,NaN
NaN,NaN,NaN,NaN
NaN,NaN,NaN,NaN
NaN,NaN,NaN,NaN
NaN,NaN,NaN,NaN
NaN,NaN,NaN,NaN
NaN,NaN,NaN,NaN
NaN,NaN,NaN,NaN
NaN,NaN,NaN,NaN
NaN,NaN,NaN,NaN
NaN,NaN,NaN,NaN
NaN,NaN,NaN,NaN
NaN,NaN,NaN,NaN
NaN,NaN,NaN,NaN
NaN,NaN,NaN,NaN
NaN,NaN,NaN,NaN
NaN,NaN,NaN,NaN
NaN,NaN,NaN,NaN
NaN,NaN,NaN,NaN
NaN,NaN,372,126
NaN,NaN,374,138
378,139,NaN,NaN
370,129,NaN,NaN
376,133,NaN,NaN
371,127,NaN,NaN
NaN,NaN,382,157
382,135,NaN,NaN
NaN,NaN,376,133
NaN,NaN,NaN,NaN
NaN,NaN,445,216
461,233,NaN,NaN
464,244,NaN,NaN
NaN,NaN,475,253
478,276,NaN,NaN
NaN,NaN,499,312
NaN,NaN,499,330
513,342,NaN,NaN
NaN,NaN,510,357
512,365,NaN,NaN
513,371,NaN,NaN
515,370,NaN,NaN
510,377,NaN,NaN
NaN,NaN,515,371
508,370,NaN,NaN
475,100,504,374
510,381,480,106
513,374,481,94
503,378,480,91
516,374,478,99
510,376,NaN,NaN
NaN,NaN,509,373
504,367,480,96
NaN,NaN,511,377
478,94,508,371
NaN,NaN,514,385
481,94,506,372
NaN,NaN,513,375
516,369,480,95
NaN,NaN,510,363
508,370,NaN,NaN
NaN,NaN,NaN,NaN
NaN,NaN,NaN,NaN
NaN,NaN,NaN,NaN
NaN,NaN,483,291
NaN,NaN,470,265
460,243,NaN,NaN
NaN,NaN,458,228
NaN,NaN,NaN,NaN
NaN,NaN,NaN,NaN
NaN,NaN,NaN,NaN
NaN,NaN,NaN,NaN
471,123,NaN,NaN
468,111,NaN,NaN
469,109,NaN,NaN
NaN,NaN,NaN,NaN
381,85,NaN,NaN
NaN,NaN,NaN,NaN
NaN,NaN,NaN,NaN
380,83,NaN,NaN
NaN,NaN,NaN,NaN
NaN,NaN,388,108
NaN,NaN,NaN,NaN
379,99,NaN,NaN
NaN,NaN,NaN,NaN
NaN,NaN,NaN,NaN
374,100,NaN,NaN
379,102,NaN,NaN
NaN,NaN,378,104
NaN,NaN,387,126
NaN,NaN,374,107
377,117,NaN,NaN
NaN,NaN,377,107
374,102,NaN,NaN
NaN,NaN,372,94
372,94,NaN,NaN
373,101,NaN,NaN
375,101,NaN,NaN
NaN,NaN,372,96
384,114,NaN,NaN
NaN,NaN,382,114
NaN,NaN,359,91
NaN,NaN,357,105
NaN,NaN,355,122
371,159,NaN,NaN
NaN,NaN,NaN,NaN
NaN,NaN,NaN,NaN
NaN,NaN,NaN,NaN
NaN,NaN,NaN,NaN
NaN,NaN,NaN,NaN
NaN,NaN,NaN,NaN
418,381,NaN,NaN
NaN,NaN,419,385
419,407,NaN,NaN
420,402,NaN,NaN
416,401,NaN,NaN
NaN,NaN,416,407
NaN,NaN,421,407
410,407,NaN,NaN
NaN,NaN,409,410
409,403,NaN,NaN
NaN,NaN,429,405
417,401,NaN,NaN
NaN,NaN,413,407
NaN,NaN,418,405
425,407,NaN,NaN
419,404,NaN,NaN
419,409,NaN,NaN
NaN,NaN,417,408
NaN,NaN,421,409
419,406,NaN,NaN
414,412,NaN,NaN
NaN,NaN,412,409
NaN,NaN,415,390
414,371,NaN,NaN
NaN,NaN,412,345
NaN,NaN,412,329
NaN,NaN,407,304
396,267,NaN,NaN
396,243,NaN,NaN
NaN,NaN,379,211
NaN,NaN,376,187
NaN,NaN,367,179
364,162,NaN,NaN
NaN,NaN,356,156
NaN,NaN,344,139
NaN,NaN,337,125
332,121,NaN,NaN
NaN,NaN,NaN,NaN
327,113,NaN,NaN
328,115,469,119
326,118,469,121
339,117,490,123
341,111,486,116
486,110,334,116
339,110,486,108
489,105,347,102
346,99,489,104
489,105,358,103
488,108,342,81
348,94,483,106
484,97,357,73
487,97,353,81
355,80,485,104
358,71,484,103
354,71,480,97
479,92,365,81
477,106,375,85
363,71,472,108
367,81,469,105
362,64,474,108
365,77,475,93
485,96,385,73
474,109,371,70
366,68,471,106
375,78,476,102
370,63,474,106
480,94,373,79
373,71,480,107
371,75,470,103
483,99,379,90
368,69,480,103
468,99,364,71
472,106,369,73
475,101,364,74
371,78,479,105
480,95,367,82
361,71,462,103
377,83,487,100
473,104,371,74
475,93,363,77
367,77,470,103
475,100,357,73
354,75,478,99
479,104,372,81
477,83,375,92
376,86,486,101
475,98,363,77
479,110,363,80
362,75,467,106
476,88,368,75
468,113,369,75
372,74,482,104
489,103,381,90
476,95,377,90
372,88,472,113
475,101,375,83
386,88,489,99
392,91,492,92
373,69,481,100
363,69,465,104
379,101,479,98
479,89,377,87
466,100,367,90
477,99,370,88
369,98,475,93
383,101,482,94
377,97,478,104
479,98,378,94
368,85,478,99
480,100,374,82
481,101,369,75
363,78,490,109
360,70,493,99
358,76,498,94
369,70,489,104
483,109,353,78
486,92,382,69
479,107,371,64
371,73,477,100
368,88,485,97
477,101,376,83
483,106,363,65
375,64,477,106
479,113,367,67
364,70,489,102
481,96,356,79
368,61,488,104
486,95,371,82
481,107,360,76
373,71,486,101
477,110,363,70
370,81,484,98
485,101,379,84
365,70,484,101
363,74,488,97
358,61,482,96
468,112,366,62
493,104,377,67
355,65,482,106
371,74,488,101
376,77,485,98
375,66,475,108
375,77,476,104
495,95,376,75
376,77,484,103
381,68,486,105
479,91,374,67
483,98,376,66
470,118,366,62
482,101,379,76
376,61,482,103
481,102,377,66
489,103,356,65
487,97,373,65
491,86,375,63
474,103,374,61
364,68,471,110
375,77,482,92
359,64,479,99
480,94,363,62
485,95,366,72
496,95,368,74
363,73,472,105
484,96,370,70
487,93,381,61
480,94,366,65
378,76,479,108
368,70,489,95
488,94,377,80
478,95,363,70
482,105,377,66
469,104,367,78
479,108,369,64
487,96,384,70
368,74,477,99
491,99,375,72
384,74,488,88
364,72,477,98
377,65,477,96
368,67,473,111
488,96,376,69
478,101,370,67
369,66,471,96
492,91,376,74
484,107,371,76
483,102,377,68
490,91,388,76
487,94,372,80
482,88,379,74
484,94,379,78
379,79,487,98
384,82,484,95
488,92,369,80
371,78,476,106
493,86,368,67
492,90,386,77
494,86,393,75
382,67,489,76
380,74,497,83
480,94,372,74
378,65,484,100
376,73,482,88
379,75,490,101
482,98,368,61
486,95,375,84
383,73,486,98
384,69,488,96
484,94,380,61
382,69,489,95
486,88,372,70
476,107,373,75
370,79,477,95
380,67,484,80
378,71,485,105
383,71,484,98
386,67,485,102
368,66,477,99
490,99,375,61
484,84,368,77
381,73,491,88
488,92,378,62
383,64,478,102
478,97,377,79
382,76,480,98
484,99,385,80
387,81,493,89
384,78,485,95
375,65,476,103
384,61,485,90
374,67,479,102
489,98,389,83
483,90,374,62
479,111,379,61
469,105,371,64
380,77,479,111
488,97,386,86
491,97,389,76
473,98,371,73
490,89,391,95
488,86,388,83
471,104,369,65
378,75,480,95
369,85,473,107
379,76,484,92
393,82,494,91
378,66,477,103
480,93,381,64
490,86,386,87
369,78,473,102
372,63,473,102
385,89,485,101
370,74,469,100
490,87,391,87
483,83,377,81
369,78,469,108
375,80,487,89
478,96,370,72
383,84,478,92
475,89,376,63
375,66,475,87
474,88,375,71
479,86,378,88
373,75,468,95
465,98,363,79
464,91,365,77
453,109,352,73
462,93,365,75
469,93,364,67
364,78,463,106
362,71,471,95
460,103,353,65
460,92,360,73
357,63,457,93
NaN,NaN,431,78
NaN,NaN,435,96
NaN,NaN,434,65
510,75,NaN,NaN
427,85,NaN,NaN
443,75,NaN,NaN
NaN,NaN,439,68
NaN,NaN,503,75
433,83,NaN,NaN
NaN,NaN,431,85
433,76,NaN,NaN
NaN,NaN,429,80
434,79,NaN,NaN
439,75,NaN,NaN
NaN,NaN,436,79
432,90,533,85
NaN,NaN,441,77
447,103,NaN,NaN
533,90,437,76
432,105,527,89
517,93,NaN,NaN
NaN,NaN,516,92
537,92,442,118
NaN,NaN,455,111
NaN,NaN,519,106
457,150,NaN,NaN
462,140,NaN,NaN
NaN,NaN,468,148
NaN,NaN,455,144
NaN,NaN,455,144
436,145,NaN,NaN
442,152,NaN,NaN
NaN,NaN,450,152
442,155,NaN,NaN
NaN,NaN,439,156
NaN,NaN,443,154
NaN,NaN,447,156
451,156,NaN,NaN
NaN,NaN,439,152
435,127,NaN,NaN
457,116,NaN,NaN
506,73,441,144
503,71,440,137
NaN,NaN,437,131
507,73,444,146
NaN,NaN,454,119
424,116,523,87
449,128,528,90
465,130,NaN,NaN
NaN,NaN,438,123
523,72,464,129
522,71,460,124
533,70,464,121
462,92,NaN,NaN
203,62,496,100
203,70,488,104
476,98,211,120
NaN,NaN,NaN,NaN
478,121,NaN,NaN
485,108,222,337
224,346,473,123
477,121,215,345
220,359,491,114
218,375,491,120
488,121,228,367
481,107,231,373
234,378,478,126
489,124,226,367
490,119,228,376
494,117,229,366
487,127,226,376
220,361,483,107
486,126,220,360
226,378,493,122
210,372,493,115
210,364,485,105
213,370,497,119
227,367,480,126
488,129,223,371
224,378,486,126
496,123,218,370
226,370,493,124
220,377,485,125
217,380,494,118
490,119,225,361
208,363,491,115
482,108,215,362
491,115,202,358
494,123,210,345
491,116,202,329
206,327,475,126
484,128,223,310
483,125,233,296
476,111,NaN,NaN
NaN,NaN,481,124
482,125,NaN,NaN
490,116,NaN,NaN
NaN,NaN,485,124
489,119,NaN,NaN
NaN,NaN,486,125
NaN,NaN,484,109
484,126,319,182
492,115,321,174
485,122,316,168
337,169,488,120
484,126,329,169
325,151,482,122
336,156,489,126
320,134,485,123
319,134,483,108
323,129,489,125
340,149,489,122
484,122,322,135
334,139,488,123
483,124,330,131
321,126,490,122
495,114,326,127
337,128,493,127
337,130,494,113
490,122,341,127
488,119,333,129
332,123,484,124
324,116,493,116
336,139,490,123
325,132,488,122
348,132,489,118
484,125,331,131
493,121,336,136
351,147,489,118
486,100,341,121
345,126,488,107
488,125,349,123
485,124,335,123
347,118,481,125
488,122,337,115
485,123,346,124
487,120,334,112
344,130,489,125
343,122,492,119
487,124,346,116
492,116,340,119
487,122,350,127
339,111,488,124
487,120,358,121
355,110,489,128
491,120,366,131
362,110,490,128
484,109,376,120
490,118,386,117
490,119,386,106
370,90,482,108
470,110,366,89
484,123,376,108
487,127,377,83
466,113,365,88
374,96,484,108
379,122,479,128
479,131,372,102
478,106,373,108
378,118,482,107
373,113,491,119
482,105,377,115
485,126,374,127
492,120,371,109
379,133,482,123
480,132,363,109
368,105,479,127
483,128,377,101
375,101,483,126
486,125,378,97
371,102,479,107
370,101,480,130
360,101,482,124
479,126,371,108
481,121,373,98
483,128,379,117
485,102,361,89
482,127,374,117
368,110,481,127
369,96,479,123
486,125,361,100
480,104,368,103
470,124,366,107
487,126,372,100
373,107,488,123
482,126,366,87
486,123,362,86
373,102,492,126
473,124,376,102
366,91,482,122
482,108,372,96
485,127,379,108
364,98,489,105
495,121,368,104
376,111,489,124
379,100,483,125
377,109,479,125
469,122,367,93
484,125,374,108
372,88,490,124
370,96,495,118
370,79,485,101
364,83,484,124
364,93,483,128
484,126,369,87
367,95,489,126
491,126,382,99
480,120,371,86
493,121,374,83
495,123,390,101
379,98,480,130
378,90,480,125
484,123,383,96
487,124,377,103
489,127,373,85
369,86,486,127
494,119,379,100
376,104,496,117
368,86,480,128
484,107,365,102
365,101,485,124
373,92,480,124
485,126,371,88
365,112,482,123
363,97,482,126
497,107,372,98
489,126,373,106
492,122,374,100
372,108,474,119
365,88,492,108
363,105,492,119
365,98,485,131
486,108,372,109
478,130,376,104
367,92,481,129
369,98,486,129
481,125,376,93
381,107,492,123
482,124,379,102
379,108,495,123
383,101,484,124
379,93,481,123
385,100,491,108
390,104,501,118
493,122,385,97
385,79,491,123
497,109,396,107
503,109,395,97
391,90,493,111
480,124,380,77
481,122,380,77
462,109,367,74
470,108,375,81
362,68,459,108
379,75,477,107
464,96,363,69
372,68,471,91
488,89,386,82
387,88,495,88
382,81,498,78
388,83,NaN,NaN
NaN,NaN,380,83
NaN,NaN,378,82
382,88,NaN,NaN
377,75,510,154
373,84,495,129
508,117,383,86
507,127,374,78
378,86,511,116
385,84,517,123
379,79,529,108
374,72,531,124
537,110,368,77
NaN,NaN,369,92
NaN,NaN,378,83
NaN,NaN,371,82
366,84,506,158
373,89,519,142
517,134,374,97
516,139,366,83
529,112,368,85
374,85,537,111
537,127,378,100
375,89,539,111
540,132,378,94
378,91,539,134
529,144,381,85
519,161,365,93
505,159,373,91
373,91,503,149
493,158,368,91
492,164,375,80
507,155,366,79
363,78,500,152
500,160,372,91
490,161,365,80
498,167,361,74
367,92,500,160
498,157,359,85
503,153,348,91
327,98,498,158
499,166,322,116
493,166,298,112
504,155,292,136
498,165,291,132
494,164,286,144
284,153,496,155
273,125,499,151
497,154,274,125
NaN,NaN,494,163
NaN,NaN,504,159
NaN,NaN,495,160
NaN,NaN,503,158
NaN,NaN,500,170
NaN,NaN,498,158
497,172,NaN,NaN
NaN,NaN,499,167
494,166,NaN,NaN
492,162,NaN,NaN
497,166,NaN,NaN
500,156,NaN,NaN
NaN,NaN,491,161
493,156,NaN,NaN
NaN,NaN,492,172
NaN,NaN,497,162
NaN,NaN,491,163
497,168,NaN,NaN
504,160,NaN,NaN
495,165,NaN,NaN
NaN,NaN,493,168
NaN,NaN,492,165
NaN,NaN,497,164
492,161,NaN,NaN
NaN,NaN,495,162
497,165,NaN,NaN
NaN,NaN,495,169
495,166,NaN,NaN
492,167,NaN,NaN
494,168,NaN,NaN
NaN,NaN,494,171
NaN,NaN,493,158
NaN,NaN,495,163
NaN,NaN,490,170
NaN,NaN,497,165
NaN,NaN,493,172
491,169,NaN,NaN
NaN,NaN,500,171
NaN,NaN,499,166
NaN,NaN,499,167
493,167,NaN,NaN
494,168,NaN,NaN
499,159,NaN,NaN
500,160,NaN,NaN
NaN,NaN,497,169
494,169,NaN,NaN
NaN,NaN,495,165
496,167,NaN,NaN
NaN,NaN,495,163
NaN,NaN,498,172
NaN,NaN,502,166
NaN,NaN,501,156
491,173,NaN,NaN
NaN,NaN,492,166
NaN,NaN,499,166
489,166,NaN,NaN
NaN,NaN,497,163
NaN,NaN,497,168
496,165,NaN,NaN
494,160,NaN,NaN
496,168,NaN,NaN
494,169,NaN,NaN
496,166,NaN,NaN
NaN,NaN,493,168
496,170,NaN,NaN
NaN,NaN,493,166
493,170,NaN,NaN
493,169,NaN,NaN
NaN,NaN,499,164
491,166,NaN,NaN
NaN,NaN,492,170
NaN,NaN,505,164
497,170,NaN,NaN
NaN,NaN,499,159
NaN,NaN,496,166
498,169,NaN,NaN
NaN,NaN,495,169
499,160,NaN,NaN
493,173,NaN,NaN
491,165,NaN,NaN
497,157,NaN,NaN
NaN,NaN,494,158
506,150,NaN,NaN
NaN,NaN,500,149
NaN,NaN,499,157
500,160,NaN,NaN
504,148,NaN,NaN
NaN,NaN,507,153
NaN,NaN,495,160
NaN,NaN,501,145
NaN,NaN,495,169
NaN,NaN,491,159
NaN,NaN,499,147
499,147,NaN,NaN
499,155,NaN,NaN
NaN,NaN,503,153
502,143,NaN,NaN
499,153,NaN,NaN
495,152,NaN,NaN
NaN,NaN,494,172
NaN,NaN,504,150
NaN,NaN,498,166
494,160,NaN,NaN
499,164,NaN,NaN
495,160,NaN,NaN
499,160,NaN,NaN
501,162,NaN,NaN
496,168,NaN,NaN
496,157,NaN,NaN
NaN,NaN,495,168
NaN,NaN,494,169
NaN,NaN,492,161
NaN,NaN,495,160
498,160,NaN,NaN
NaN,NaN,504,146
498,152,NaN,NaN
500,164,NaN,NaN
NaN,NaN,496,160
NaN,NaN,497,159
497,164,NaN,NaN
NaN,NaN,494,173
490,173,NaN,NaN
NaN,NaN,501,164
NaN,NaN,496,157
NaN,NaN,501,166
493,165,NaN,NaN
NaN,NaN,497,170
NaN,NaN,498,159
NaN,NaN,499,162
NaN,NaN,498,171
491,168,NaN,NaN
NaN,NaN,496,165
495,167,NaN,NaN
498,165,NaN,NaN
NaN,NaN,488,172
NaN,NaN,498,172
498,168,NaN,NaN
494,171,NaN,NaN
NaN,NaN,497,162
NaN,NaN,496,169
