302,76,458,79
454,96,286,95
296,102,452,90
455,97,295,106
456,94,301,109
465,80,317,122
305,127,473,73
471,79,297,107
479,71,325,121
299,90,NaN,NaN
293,75,NaN,NaN
291,72,NaN,NaN
NaN,NaN,305,67
NaN,NaN,288,61
NaN,NaN,282,65
273,62,NaN,NaN
NaN,NaN,271,61
279,65,NaN,NaN
NaN,NaN,269,65
NaN,NaN,270,62
275,67,NaN,NaN
NaN,NaN,276,64
NaN,NaN,273,65
271,61,NaN,NaN
NaN,NaN,274,62
263,64,NaN,NaN
NaN,NaN,287,72
NaN,NaN,272,66
NaN,NaN,288,65
277,68,473,61
512,62,277,64
495,66,275,72
281,74,514,62
279,72,497,67
486,61,281,78
511,68,271,64
272,61,480,64
514,66,277,65
499,66,275,61
277,63,495,85
497,70,275,68
278,77,494,66
282,67,501,62
491,76,282,62
495,64,292,74
269,71,496,65
515,62,276,66
272,66,494,70
493,61,259,61
262,71,489,76
NaN,NaN,270,66
NaN,NaN,276,73
273,65,NaN,NaN
280,69,NaN,NaN
283,67,NaN,NaN
285,72,NaN,NaN
263,62,455,62
453,66,288,65
289,73,447,63
438,78,298,72
297,88,433,113
432,127,302,112
422,135,301,109
NaN,NaN,NaN,NaN
NaN,NaN,NaN,NaN
420,145,NaN,NaN
420,148,265,168
431,142,259,184
426,149,247,179
256,203,425,148
261,187,419,145
422,152,237,202
426,163,255,202
433,154,243,202
232,214,427,144
245,204,431,141
251,204,439,133
257,209,440,153
249,203,435,135
256,191,431,148
441,135,270,188
432,140,265,177
433,149,272,186
434,142,270,190
435,147,265,201
438,140,261,189
437,147,254,197
436,158,258,208
434,152,253,199
439,145,253,197
239,210,444,140
257,207,431,160
434,149,265,213
251,212,440,149
250,195,437,158
246,194,446,137
248,190,437,145
452,130,253,188
245,197,433,150
439,142,248,208
252,205,436,141
244,189,439,145
442,154,254,177
436,144,258,202
432,139,244,181
246,202,440,137
243,186,437,144
255,204,436,146
433,145,250,209
431,149,248,201
253,213,435,144
428,159,253,186
431,152,258,208
245,191,434,153
433,159,256,203
439,150,247,188
255,197,436,152
251,174,435,140
429,156,249,177
436,153,242,202
431,154,255,199
254,182,428,151
259,201,438,142
252,204,436,149
433,151,255,172
436,157,260,180
253,182,441,153
428,155,249,192
255,184,431,153
257,191,426,150
263,199,429,157
263,170,443,157
249,179,435,152
253,186,440,153
250,184,434,154
432,158,258,171
260,169,434,142
438,148,255,167
427,162,265,173
265,170,437,138
448,133,261,168
251,146,439,154
279,166,440,142
252,137,434,150
276,162,435,162
NaN,NaN,426,145
NaN,NaN,438,145
NaN,NaN,434,152
NaN,NaN,437,152
439,146,298,154
442,149,307,140
432,151,319,156
435,151,301,133
437,144,325,147
NaN,NaN,436,143
311,126,441,147
439,149,310,130
454,142,313,127
309,143,441,158
448,136,309,144
307,123,436,151
443,135,305,129
450,134,308,140
443,146,310,137
309,122,435,149
313,133,439,148
312,124,442,143
318,138,450,149
442,152,318,131
315,143,461,154
310,139,472,137
478,141,313,146
525,118,318,154
317,138,531,140
318,141,566,131
332,134,589,151
319,156,NaN,NaN
NaN,NaN,317,138
NaN,NaN,316,147
NaN,NaN,314,136
NaN,NaN,316,144
315,149,NaN,NaN
319,155,NaN,NaN
319,157,NaN,NaN
315,147,NaN,NaN
315,146,NaN,NaN
314,147,NaN,NaN
NaN,NaN,318,150
NaN,NaN,313,146
NaN,NaN,318,148
317,145,NaN,NaN
NaN,NaN,313,142
NaN,NaN,316,145
NaN,NaN,317,153
NaN,NaN,314,135
311,147,NaN,NaN
313,133,NaN,NaN
317,145,NaN,NaN
316,146,NaN,NaN
311,134,NaN,NaN
316,156,588,118
568,104,314,137
542,125,316,144
319,152,526,106
492,97,313,137
461,100,315,146
317,146,474,102
339,155,449,118
442,128,316,143
337,145,448,129
435,139,315,151
318,155,433,151
431,137,316,153
318,163,440,166
340,160,444,137
318,146,447,135
442,154,NaN,NaN
NaN,NaN,445,153
NaN,NaN,444,138
438,159,317,144
313,143,441,148
318,150,443,148
446,142,323,156
317,129,444,145
446,153,322,149
440,158,317,130
447,148,323,129
323,130,434,151
323,119,435,144
442,140,327,124
444,143,326,134
438,141,325,132
450,147,321,141
NaN,NaN,326,135
NaN,NaN,338,133
NaN,NaN,334,138
NaN,NaN,337,151
338,135,454,152
NaN,NaN,391,188
NaN,NaN,NaN,NaN
419,224,NaN,NaN
447,273,433,151
438,157,468,282
504,340,455,170
NaN,NaN,NaN,NaN
NaN,NaN,525,364
521,370,NaN,NaN
NaN,NaN,530,372
NaN,NaN,524,366
NaN,NaN,536,370
NaN,NaN,535,382
NaN,NaN,531,387
NaN,NaN,535,385
532,385,NaN,NaN
NaN,NaN,531,393
NaN,NaN,528,392
533,386,NaN,NaN
NaN,NaN,528,387
526,398,NaN,NaN
521,389,NaN,NaN
525,388,NaN,NaN
519,384,NaN,NaN
522,385,NaN,NaN
523,383,NaN,NaN
533,396,NaN,NaN
NaN,NaN,529,395
NaN,NaN,532,386
NaN,NaN,529,372
482,265,540,383
482,256,NaN,NaN
NaN,NaN,473,236
NaN,NaN,444,175
432,162,NaN,NaN
430,162,NaN,NaN
423,145,NaN,NaN
362,107,454,159
NaN,NaN,352,91
443,136,343,85
NaN,NaN,348,87
444,142,346,83
441,161,335,80
449,137,350,86
431,149,332,87
432,130,333,100
431,146,329,84
335,93,437,131
324,87,425,138
339,98,439,139
436,141,336,90
431,140,330,84
433,147,333,111
326,96,443,137
441,132,323,103
448,124,325,102
437,137,315,97
307,116,445,117
311,101,439,142
314,100,432,131
307,104,434,131
317,104,432,140
311,107,429,126
312,108,441,120
313,106,440,140
434,127,306,118
431,147,311,110
307,116,437,127
430,141,311,106
309,103,440,133
305,114,443,147
440,130,309,114
442,153,309,110
311,114,433,132
308,109,426,146
434,120,316,108
311,115,430,139
433,144,310,112
309,130,439,132
436,131,299,127
310,131,431,128
318,142,426,145
333,170,434,154
NaN,NaN,429,159
436,136,NaN,NaN
440,128,404,253
NaN,NaN,430,146
434,150,465,314
NaN,NaN,NaN,NaN
NaN,NaN,508,371
518,385,NaN,NaN
435,127,520,385
529,399,448,120
438,119,525,389
439,127,521,391
524,387,454,129
523,396,445,125
517,394,453,124
442,128,522,392
521,387,445,133
519,396,442,119
449,132,521,396
520,393,441,126
530,393,438,130
435,128,512,370
523,374,436,141
510,351,444,136
475,285,436,141
468,269,438,140
427,127,NaN,NaN
NaN,NaN,NaN,NaN
NaN,NaN,NaN,NaN
354,150,NaN,NaN
NaN,NaN,NaN,NaN
NaN,NaN,NaN,NaN
NaN,NaN,NaN,NaN
NaN,NaN,NaN,NaN
NaN,NaN,NaN,NaN
NaN,NaN,NaN,NaN
316,120,421,152
429,147,314,115
325,123,435,139
431,132,315,117
326,116,432,140
432,143,311,100
324,128,424,151
331,114,433,135
438,157,326,123
327,109,431,135
319,114,428,139
319,120,435,135
329,121,434,138
334,124,438,133
432,142,328,121
432,137,327,112
332,125,437,121
326,113,438,153
329,118,429,135
435,148,313,104
322,119,437,148
432,140,315,104
319,120,427,148
429,148,330,122
326,120,428,151
316,116,422,149
313,112,436,140
314,112,429,144
329,118,429,151
426,146,326,113
325,112,434,141
430,143,315,117
318,121,427,155
326,118,433,141
322,118,436,141
438,129,326,125
433,138,321,124
437,139,323,120
423,149,322,118
334,125,437,134
333,121,434,126
421,151,319,113
321,106,424,146
425,150,325,109
429,148,325,104
434,137,331,110
327,115,426,145
437,148,328,134
323,114,433,143
338,143,441,140
428,146,327,123
335,139,437,152
322,117,430,153
428,158,325,132
433,144,329,133
440,152,342,143
435,153,332,145
NaN,NaN,435,153
430,154,322,124
333,136,445,139
437,140,337,128
NaN,NaN,439,150
428,153,329,133
435,144,335,145
434,151,325,119
327,146,432,147
331,118,431,156
445,147,338,137
327,114,437,149
324,129,429,152
436,150,329,125
432,148,330,127
332,135,433,150
314,122,419,148
325,143,434,151
326,130,430,160
435,138,333,131
437,146,333,135
436,141,329,143
324,134,440,154
337,143,442,146
325,138,435,140
320,132,427,152
435,154,333,142
331,142,432,146
319,138,421,157
438,138,329,133
436,142,329,140
327,136,433,144
424,137,320,141
435,149,316,131
322,137,429,161
326,140,438,143
335,144,435,141
320,142,432,151
429,151,320,141
430,151,315,141
431,159,316,140
426,162,324,142
436,156,332,139
433,154,329,163
317,133,438,150
313,135,435,144
433,152,317,126
326,134,431,157
322,144,432,146
318,138,418,159
437,146,323,142
441,156,327,135
437,149,330,140
428,161,325,138
429,145,324,138
323,140,432,145
440,160,325,135
324,148,438,142
319,145,426,158
313,134,439,148
425,160,318,132
327,135,428,159
323,140,425,151
436,144,321,142
324,133,438,149
433,166,323,138
432,154,318,144
319,140,420,156
435,154,319,131
431,142,332,144
323,141,437,147
438,165,326,142
435,146,330,142
336,144,435,151
320,138,426,152
432,143,325,134
326,138,426,153
319,138,434,151
421,148,319,138
433,139,318,140
331,146,431,144
434,157,321,138
322,144,422,161
323,142,434,152
437,144,330,140
316,135,434,152
438,161,335,143
431,152,331,141
333,137,434,160
320,134,419,143
327,144,434,138
425,155,319,136
330,146,431,160
334,168,435,154
332,131,438,149
433,144,327,147
327,155,428,153
436,149,319,139
432,142,327,144
434,155,325,145
434,142,322,136
428,161,319,137
333,149,435,146
426,154,323,136
428,155,328,141
328,136,434,147
326,136,431,158
434,143,322,138
438,143,335,140
336,153,438,148
319,137,439,137
432,158,323,135
424,160,319,131
327,145,433,145
422,159,321,143
326,141,427,166
324,139,428,161
329,151,431,147
435,153,315,132
330,146,446,135
328,142,430,170
322,141,424,164
420,161,318,142
439,151,324,146
430,160,326,145
327,158,427,157
435,145,332,163
436,147,337,167
318,141,427,160
433,162,329,159
333,152,431,153
432,146,334,154
439,144,331,152
434,162,325,143
431,149,331,164
431,155,331,157
324,149,436,154
321,138,435,134
324,143,442,163
319,141,422,151
436,153,322,150
322,147,433,156
319,140,433,151
338,157,438,165
328,157,436,139
428,162,323,145
330,162,439,139
326,144,430,162
435,152,323,138
312,133,434,157
327,129,432,161
326,150,432,151
323,143,426,159
438,137,326,139
328,131,437,139
319,143,430,161
324,141,424,151
440,165,332,151
416,162,318,137
431,149,330,153
427,161,326,159
436,161,326,173
324,179,425,158
445,139,334,192
331,217,442,139
436,161,330,230
435,154,333,263
422,160,NaN,NaN
435,145,324,326
321,350,436,147
319,356,435,149
309,354,431,157
313,380,437,151
430,160,316,383
314,385,427,165
431,159,319,381
438,151,316,389
432,157,310,377
314,387,434,145
320,390,429,159
432,148,305,388
440,144,317,402
306,392,433,156
434,143,315,394
428,158,317,403
426,158,308,392
306,402,430,153
314,400,430,144
303,392,420,158
429,159,302,395
303,393,438,149
313,401,427,160
315,398,431,156
319,395,425,158
426,159,311,402
305,390,434,154
309,393,429,162
312,397,431,162
316,389,429,154
316,394,430,152
298,387,428,153
312,397,438,151
438,159,294,397
427,159,296,396
434,154,299,400
299,408,425,159
430,148,295,401
297,402,432,154
302,403,429,159
434,157,300,408
298,407,435,159
305,402,436,157
429,158,308,402
434,142,308,402
425,159,303,388
306,397,438,163
432,161,307,390
428,157,316,406
310,396,430,155
314,401,426,148
434,161,312,390
316,403,430,148
317,400,431,158
435,145,311,393
307,387,427,160
316,390,429,160
308,380,432,155
438,153,313,367
435,156,314,330
431,153,311,293
324,271,432,156
435,168,332,236
304,176,437,156
306,159,421,162
301,151,426,155
427,155,309,145
424,156,318,154
436,153,306,150
324,158,433,160
333,165,432,155
327,171,427,146
327,169,434,153
431,156,323,171
333,163,434,152
431,158,332,184
429,155,323,172
329,179,430,155
336,186,437,153
432,155,328,174
439,136,333,181
435,158,333,174
324,164,427,158
334,173,437,142
331,175,431,131
324,176,426,150
326,160,430,153
328,161,436,137
327,171,429,144
437,128,331,169
434,159,332,170
327,149,427,158
320,161,420,152
428,149,326,156
325,151,423,154
328,151,428,159
322,154,422,155
417,152,316,140
426,151,317,146
317,150,426,149
310,146,410,148
425,149,319,160
421,158,318,153
307,143,412,154
310,145,411,152
427,151,311,157
318,166,420,152
328,164,432,147
434,156,322,160
313,154,422,154
428,155,328,164
420,154,318,141
427,150,320,156
433,154,321,154
326,147,433,144
442,147,331,143
439,140,337,169
434,144,326,138
438,146,333,156
442,140,335,135
337,112,441,148
332,117,433,140
447,137,341,96
327,73,428,147
325,87,433,142
333,90,437,139
336,91,446,152
343,103,445,135
423,146,322,104
348,103,447,138
339,107,442,143
350,121,NaN,NaN
444,149,344,102
NaN,NaN,356,118
NaN,NaN,332,101
NaN,NaN,330,105
340,130,NaN,NaN
NaN,NaN,335,100
330,115,NaN,NaN
NaN,NaN,337,113
NaN,NaN,327,106
NaN,NaN,338,106
NaN,NaN,333,105
NaN,NaN,340,117
330,105,NaN,NaN
NaN,NaN,340,124
NaN,NaN,327,107
NaN,NaN,335,110
335,105,NaN,NaN
349,134,NaN,NaN
330,111,NaN,NaN
NaN,NaN,324,104
NaN,NaN,340,131
NaN,NaN,339,131
NaN,NaN,347,137
NaN,NaN,332,112
NaN,NaN,321,112
330,121,NaN,NaN
335,120,NaN,NaN
334,117,NaN,NaN
NaN,NaN,331,118
333,111,NaN,NaN
326,107,NaN,NaN
333,109,NaN,NaN
328,109,NaN,NaN
NaN,NaN,329,109
NaN,NaN,331,109
336,117,NaN,NaN
NaN,NaN,338,115
331,113,NaN,NaN
338,115,NaN,NaN
345,121,NaN,NaN
332,116,NaN,NaN
346,132,NaN,NaN
NaN,NaN,352,121
348,135,NaN,NaN
335,108,NaN,NaN
NaN,NaN,355,141
NaN,NaN,328,112
330,112,NaN,NaN
NaN,NaN,340,118
NaN,NaN,330,118
333,136,NaN,NaN
327,120,NaN,NaN
NaN,NaN,312,121
308,109,NaN,NaN
305,127,NaN,NaN
NaN,NaN,307,122
NaN,NaN,305,144
359,187,NaN,NaN
NaN,NaN,329,184
NaN,NaN,332,217
347,244,NaN,NaN
NaN,NaN,351,261
NaN,NaN,362,286
363,292,NaN,NaN
362,311,NaN,NaN
365,324,440,407
409,367,NaN,NaN
410,369,NaN,NaN
411,390,NaN,NaN
414,384,NaN,NaN
NaN,NaN,413,363
405,372,NaN,NaN
407,365,NaN,NaN
419,356,NaN,NaN
417,351,NaN,NaN
404,363,NaN,NaN
NaN,NaN,419,401
NaN,NaN,413,349
NaN,NaN,405,377
427,395,NaN,NaN
NaN,NaN,422,391
411,359,NaN,NaN
NaN,NaN,413,363
431,411,NaN,NaN
NaN,NaN,425,398
NaN,NaN,429,407
426,399,NaN,NaN
426,394,NaN,NaN
420,371,NaN,NaN
NaN,NaN,391,345
386,329,NaN,NaN
NaN,NaN,377,290
NaN,NaN,363,237
348,201,NaN,NaN
352,173,NaN,NaN
332,143,NaN,NaN
NaN,NaN,334,130
342,128,NaN,NaN
317,103,NaN,NaN
424,141,317,97
429,144,316,85
NaN,NaN,312,90
NaN,NaN,322,103
318,97,NaN,NaN
324,97,NaN,NaN
NaN,NaN,295,86
303,102,405,142
NaN,NaN,307,88
311,106,NaN,NaN
NaN,NaN,306,98
307,94,NaN,NaN
NaN,NaN,305,89
NaN,NaN,307,94
NaN,NaN,302,91
NaN,NaN,307,106
305,99,NaN,NaN
307,110,NaN,NaN
303,113,NaN,NaN
NaN,NaN,309,110
426,145,310,98
307,101,408,142
306,86,425,144
427,136,319,97
308,102,427,148
310,92,430,148
324,100,432,142
434,138,320,95
434,146,328,95
334,101,436,133
320,91,428,141
403,142,295,85
323,98,427,133
299,89,399,138
401,143,302,91
306,95,406,146
304,85,416,130
416,130,312,97
436,142,304,92
436,139,298,94
423,142,296,96
297,87,402,144
307,100,408,150
306,97,425,139
315,99,422,140
428,139,310,107
413,121,312,104
426,132,319,99
435,139,312,105
318,106,424,130
303,98,432,132
319,105,421,140
323,105,435,137
312,95,433,139
318,97,435,138
426,136,316,87
420,141,318,103
318,111,425,140
419,136,315,96
317,99,427,134
312,89,417,142
421,139,320,113
427,130,312,92
317,88,436,133
308,89,437,141
326,94,432,133
299,101,429,144
313,103,412,125
319,111,423,137
318,94,430,121
420,140,320,107
320,89,428,133
426,138,324,103
430,133,316,81
308,88,423,138
310,90,436,142
312,99,435,142
321,105,423,142
427,140,309,99
312,106,427,140
321,108,428,133
320,104,420,133
322,101,427,147
428,141,314,117
429,146,307,105
426,133,307,102
415,150,314,101
315,93,429,138
433,142,304,87
300,89,426,139
315,103,437,136
310,86,418,142
418,145,297,98
302,113,416,144
415,148,310,91
311,96,422,138
313,101,434,140
315,105,424,144
313,97,414,141
313,92,433,138
302,95,421,141
318,108,429,143
428,141,310,89
433,141,317,103
314,100,413,131
424,140,321,106
307,89,419,142
433,145,303,98
320,93,425,142
421,138,319,109
314,106,419,139
431,150,308,100
312,99,425,141
430,139,313,105
303,91,422,141
313,106,432,146
433,145,318,99
322,100,435,128
433,131,315,95
321,99,421,130
332,103,432,141
441,130,323,91
432,125,326,93
329,90,447,119
436,126,338,83
329,87,433,130
335,94,432,119
440,120,333,88
335,93,NaN,NaN
328,88,438,117
333,93,447,123
337,96,437,128
330,80,446,128
328,102,434,123
340,101,447,115
337,83,435,131
431,117,329,93
329,92,441,126
437,125,335,86
444,118,336,90
438,136,337,104
331,102,439,124
435,135,329,92
438,130,335,103
435,141,332,105
336,98,440,114
330,96,447,124
333,94,445,116
333,108,433,131
334,90,436,131
336,95,439,142
437,131,335,93
337,102,435,132
337,100,439,130
439,137,339,78
441,133,340,105
439,141,333,92
334,99,457,119
450,120,335,93
431,126,329,95
331,91,432,127
437,137,333,86
331,92,449,120
333,92,445,125
437,134,334,92
441,139,335,98
439,133,335,92
438,138,337,96
435,130,330,107
335,98,435,131
437,133,333,94
444,132,341,105
336,86,439,125
438,125,331,97
436,122,336,94
342,88,443,128
332,103,435,112
336,91,453,113
334,103,439,122
338,84,442,133
436,134,335,96
433,128,327,91
335,88,440,131
435,132,336,97
328,84,447,119
337,89,446,115
440,116,329,90
439,104,335,90
439,121,329,93
334,96,445,111
330,98,447,114
320,83,435,127
443,121,330,92
326,94,441,123
443,116,321,96
438,120,325,84
435,109,333,86
335,94,437,115
324,80,434,125
336,94,435,123
327,94,443,120
441,108,337,83
454,117,337,91
448,125,337,96
437,122,333,85
337,95,439,114
444,117,325,92
329,87,444,104
441,117,331,98
328,89,441,122
327,83,440,112
444,108,324,89
443,116,327,92
442,107,333,93
443,107,335,105
449,112,327,93
322,82,441,98
444,108,327,82
323,86,424,117
321,88,449,111
316,84,443,102
440,103,312,79
313,87,441,104
440,106,321,90
316,82,442,104
327,90,440,122
314,87,441,120
450,111,320,76
442,123,330,91
323,85,447,111
460,109,332,99
332,87,450,128
454,123,332,108
459,98,328,89
451,121,344,97
333,99,440,118
450,113,328,95
443,103,333,102
329,95,443,115
455,117,326,90
443,104,337,88
333,97,438,122
316,86,449,116
451,118,329,94
332,87,451,115
334,98,449,127
448,122,333,91
329,91,451,119
331,95,444,111
335,95,453,121
439,123,335,86
334,83,446,123
454,115,333,83
455,125,347,95
456,125,332,94
333,101,453,121
326,94,457,115
461,106,329,92
325,96,463,111
461,129,309,91
455,140,307,92
291,101,464,122
281,107,459,135
277,111,464,135
272,138,476,125
462,142,269,173
460,149,263,178
447,144,NaN,NaN
271,254,458,140
457,143,286,300
439,149,NaN,NaN
295,346,433,147
297,360,451,155
445,134,305,374
304,387,449,131
437,151,307,397
310,399,439,146
432,153,NaN,NaN
431,134,NaN,NaN
NaN,NaN,437,140
NaN,NaN,441,133
NaN,NaN,442,133
NaN,NaN,436,142
445,134,NaN,NaN
439,144,NaN,NaN
445,155,NaN,NaN
NaN,NaN,438,139
442,137,NaN,NaN
NaN,NaN,438,145
NaN,NaN,442,135
315,412,437,146
314,404,445,159
440,139,312,407
437,140,308,390
306,369,434,144
439,149,305,349
308,349,443,145
440,143,307,286
432,160,300,256
NaN,NaN,447,133
449,155,NaN,NaN
442,158,NaN,NaN
301,166,440,152
444,159,307,153
441,152,296,141
296,143,429,146
444,149,296,138
454,137,303,130
298,134,448,145
445,148,295,114
443,141,308,144
451,145,308,136
302,112,452,140
451,146,309,128
306,114,435,146
446,133,312,129
308,120,447,132
314,123,439,136
444,134,310,116
306,122,444,157
302,114,454,147
311,136,446,152
440,159,306,133
448,132,311,128
305,123,448,145
314,123,443,135
445,153,316,132
446,139,304,132
312,140,452,145
453,143,315,128
458,141,305,118
302,141,461,153
306,119,464,136
311,130,458,145
302,127,453,134
460,144,302,120
301,133,455,117
295,125,452,132
305,118,450,128
451,123,289,121
297,123,453,106
299,132,453,108
291,115,463,97
296,105,446,100
308,104,445,109
441,124,301,99
293,116,438,128
315,110,445,123
431,129,314,113
431,109,318,120
319,110,448,101
446,109,325,119
305,117,427,112
429,100,324,108
435,84,328,112
437,101,317,103
438,111,323,100
314,106,435,126
313,106,437,127
323,102,440,116
310,105,436,121
441,137,318,115
447,128,323,116
327,121,444,107
445,119,320,138
418,140,312,134
317,151,421,150
451,126,330,168
441,123,341,178
444,128,342,211
444,118,340,231
361,301,NaN,NaN
NaN,NaN,372,333
NaN,NaN,398,359
398,377,NaN,NaN
NaN,NaN,411,391
NaN,NaN,405,400
405,403,NaN,NaN
404,402,NaN,NaN
NaN,NaN,404,405
NaN,NaN,401,401
410,406,NaN,NaN
NaN,NaN,406,397
408,388,NaN,NaN
NaN,NaN,392,361
NaN,NaN,390,357
373,328,NaN,NaN
NaN,NaN,374,328
NaN,NaN,360,293
NaN,NaN,344,255
NaN,NaN,NaN,NaN
NaN,NaN,NaN,NaN
NaN,NaN,NaN,NaN
NaN,NaN,310,187
303,178,NaN,NaN
NaN,NaN,303,175
NaN,NaN,274,137
290,148,NaN,NaN
288,141,NaN,NaN
NaN,NaN,297,143
298,135,NaN,NaN
305,133,NaN,NaN
NaN,NaN,309,124
304,127,NaN,NaN
306,116,NaN,NaN
NaN,NaN,306,136
NaN,NaN,306,129
301,116,NaN,NaN
306,114,NaN,NaN
NaN,NaN,311,112
311,119,NaN,NaN
310,111,NaN,NaN
NaN,NaN,312,108
311,111,NaN,NaN
311,113,NaN,NaN
NaN,NaN,313,108
NaN,NaN,294,107
308,117,NaN,NaN
312,113,NaN,NaN
305,100,NaN,NaN
NaN,NaN,319,101
315,121,NaN,NaN
NaN,NaN,314,105
NaN,NaN,313,111
315,102,NaN,NaN
NaN,NaN,317,111
NaN,NaN,316,113
319,124,NaN,NaN
320,114,NaN,NaN
313,106,NaN,NaN
NaN,NaN,320,105
317,121,NaN,NaN
325,103,NaN,NaN
NaN,NaN,312,107
309,111,NaN,NaN
314,122,NaN,NaN
NaN,NaN,301,106
NaN,NaN,304,100
307,99,NaN,NaN
317,100,NaN,NaN
NaN,NaN,320,111
NaN,NaN,324,106
306,101,NaN,NaN
NaN,NaN,313,108
318,113,NaN,NaN
NaN,NaN,314,115
312,116,NaN,NaN
309,120,NaN,NaN
310,108,NaN,NaN
309,112,NaN,NaN
306,114,NaN,NaN
307,107,NaN,NaN
311,106,NaN,NaN
314,110,NaN,NaN
315,104,NaN,NaN
NaN,NaN,314,107
NaN,NaN,307,97
NaN,NaN,305,101
NaN,NaN,312,111
NaN,NaN,321,126
NaN,NaN,314,114
NaN,NaN,316,127
313,112,NaN,NaN
313,130,NaN,NaN
313,123,NaN,NaN
310,120,NaN,NaN
309,109,NaN,NaN
NaN,NaN,314,124
314,127,NaN,NaN
310,102,NaN,NaN
NaN,NaN,316,113
320,112,NaN,NaN
319,104,NaN,NaN
318,110,NaN,NaN
NaN,NaN,320,111
NaN,NaN,320,96
NaN,NaN,328,98
NaN,NaN,321,92
328,71,NaN,NaN
NaN,NaN,322,66
333,71,NaN,NaN
326,82,NaN,NaN
324,69,NaN,NaN
NaN,NaN,316,63
327,66,430,62
432,62,330,81
326,63,NaN,NaN
428,61,317,77
NaN,NaN,333,72
NaN,NaN,336,70
NaN,NaN,332,68
443,63,334,63
440,74,339,75
339,70,442,62
340,63,440,66
NaN,NaN,329,69
319,63,NaN,NaN
323,72,418,62
319,78,NaN,NaN
435,61,320,75
440,68,337,62
336,61,446,62
442,62,331,77
442,65,334,75
457,68,345,67
446,63,343,67
450,73,331,67
439,69,336,72
445,78,338,72
323,63,441,63
431,64,NaN,NaN
NaN,NaN,426,61
437,70,NaN,NaN
348,72,443,64
333,75,444,67
433,66,315,63
420,62,320,74
NaN,NaN,418,65
322,62,430,73
420,63,NaN,NaN
407,61,NaN,NaN
NaN,NaN,416,64
415,69,NaN,NaN
NaN,NaN,429,61
409,74,NaN,NaN
425,64,329,82
319,77,421,73
325,75,424,75
317,66,423,70
425,76,322,76
427,74,311,66
429,71,314,67
324,68,436,66
428,70,315,82
430,67,334,78
310,71,427,67
319,61,435,66
439,62,325,66
435,69,320,70
318,61,442,61
329,64,442,61
NaN,NaN,428,67
438,73,328,75
330,65,431,74
431,80,326,67
330,61,431,70
331,63,434,71
NaN,NaN,445,64
NaN,NaN,441,64
438,72,333,69
333,75,433,63
439,63,NaN,NaN
440,61,327,61
NaN,NaN,442,61
433,71,NaN,NaN
434,75,NaN,NaN
428,78,331,63
331,64,431,81
440,62,340,64
436,69,NaN,NaN
443,76,NaN,NaN
NaN,NaN,437,71
443,65,339,71
331,72,435,74
434,77,333,73
NaN,NaN,459,64
448,80,NaN,NaN
438,71,NaN,NaN
NaN,NaN,449,68
447,73,NaN,NaN
441,66,331,66
328,67,436,76
439,61,332,68
440,66,NaN,NaN
440,65,NaN,NaN
NaN,NaN,434,67
433,69,NaN,NaN
NaN,NaN,432,70
NaN,NaN,436,69
326,68,429,75
NaN,NaN,430,74
428,78,NaN,NaN
NaN,NaN,430,74
434,62,NaN,NaN
429,71,NaN,NaN
436,70,NaN,NaN
NaN,NaN,438,67
335,62,435,72
327,64,426,65
349,73,447,62
444,67,344,65
440,61,NaN,NaN
NaN,NaN,423,65
NaN,NaN,444,61
NaN,NaN,419,64
412,61,NaN,NaN
NaN,NaN,419,61
NaN,NaN,427,61
424,61,NaN,NaN
419,61,NaN,NaN
NaN,NaN,NaN,NaN
NaN,NaN,NaN,NaN
NaN,NaN,NaN,NaN
NaN,NaN,NaN,NaN
NaN,NaN,NaN,NaN
NaN,NaN,NaN,NaN
NaN,NaN,NaN,NaN
NaN,NaN,NaN,NaN
NaN,NaN,NaN,NaN
NaN,NaN,NaN,NaN
NaN,NaN,NaN,NaN
NaN,NaN,NaN,NaN
NaN,NaN,NaN,NaN
NaN,NaN,NaN,NaN
NaN,NaN,NaN,NaN
NaN,NaN,NaN,NaN
NaN,NaN,NaN,NaN
NaN,NaN,NaN,NaN
NaN,NaN,NaN,NaN
NaN,NaN,NaN,NaN
NaN,NaN,NaN,NaN
NaN,NaN,NaN,NaN
NaN,NaN,NaN,NaN
NaN,NaN,NaN,NaN
NaN,NaN,NaN,NaN
NaN,NaN,NaN,NaN
NaN,NaN,NaN,NaN
NaN,NaN,NaN,NaN
NaN,NaN,NaN,NaN
NaN,NaN,NaN,NaN
NaN,NaN,NaN,NaN
NaN,NaN,NaN,NaN
NaN,NaN,NaN,NaN
NaN,NaN,NaN,NaN
NaN,NaN,NaN,NaN
NaN,NaN,NaN,NaN
NaN,NaN,NaN,NaN
NaN,NaN,NaN,NaN
NaN,NaN,NaN,NaN
NaN,NaN,NaN,NaN
NaN,NaN,NaN,NaN
NaN,NaN,NaN,NaN
NaN,NaN,NaN,NaN
NaN,NaN,NaN,NaN
NaN,NaN,NaN,NaN
NaN,NaN,NaN,NaN
NaN,NaN,NaN,NaN
NaN,NaN,NaN,NaN
NaN,NaN,NaN,NaN
NaN,NaN,NaN,NaN
NaN,NaN,NaN,NaN
NaN,NaN,NaN,NaN
NaN,NaN,NaN,NaN
NaN,NaN,NaN,NaN
NaN,NaN,NaN,NaN
NaN,NaN,NaN,NaN
NaN,NaN,NaN,NaN
NaN,NaN,NaN,NaN
NaN,NaN,NaN,NaN
NaN,NaN,NaN,NaN
NaN,NaN,NaN,NaN
NaN,NaN,NaN,NaN
NaN,NaN,NaN,NaN
NaN,NaN,NaN,NaN
NaN,NaN,NaN,NaN
NaN,NaN,NaN,NaN
NaN,NaN,NaN,NaN
NaN,NaN,NaN,NaN
NaN,NaN,NaN,NaN
NaN,NaN,NaN,NaN
NaN,NaN,NaN,NaN
NaN,NaN,NaN,NaN
NaN,NaN,NaN,NaN
NaN,NaN,NaN,NaN
NaN,NaN,NaN,NaN
NaN,NaN,NaN,NaN
NaN,NaN,NaN,NaN
NaN,NaN,NaN,NaN
NaN,NaN,NaN,NaN
NaN,NaN,NaN,NaN
NaN,NaN,NaN,NaN
NaN,NaN,NaN,NaN
NaN,NaN,NaN,NaN
NaN,NaN,NaN,NaN
NaN,NaN,NaN,NaN
NaN,NaN,NaN,NaN
NaN,NaN,NaN,NaN
NaN,NaN,NaN,NaN
NaN,NaN,NaN,NaN
NaN,NaN,NaN,NaN
NaN,NaN,NaN,NaN
360,64,NaN,NaN
NaN,NaN,359,63
327,64,426,61
436,64,322,70
435,63,331,69
449,63,314,69
453,83,305,72
452,62,289,85
293,97,445,79
460,87,295,142
459,77,293,173
469,91,283,229
296,283,472,90
471,94,308,317
311,331,483,101
NaN,NaN,312,341
NaN,NaN,313,361
495,109,323,367
313,369,502,113
325,376,492,114
495,121,325,383
312,379,NaN,NaN
312,376,NaN,NaN
308,382,NaN,NaN
315,384,NaN,NaN
311,375,NaN,NaN
NaN,NaN,310,374
313,381,NaN,NaN
NaN,NaN,310,374
NaN,NaN,313,393
306,387,NaN,NaN
NaN,NaN,309,391
316,387,NaN,NaN
317,383,NaN,NaN
NaN,NaN,317,387
308,390,NaN,NaN
303,377,NaN,NaN
NaN,NaN,300,356
298,363,NaN,NaN
315,355,NaN,NaN
317,346,NaN,NaN
NaN,NaN,NaN,NaN
NaN,NaN,NaN,NaN
NaN,NaN,NaN,NaN
NaN,NaN,NaN,NaN
NaN,NaN,NaN,NaN
NaN,NaN,NaN,NaN
329,142,463,142
NaN,NaN,332,139
339,129,NaN,NaN
452,130,331,117
NaN,NaN,325,104
NaN,NaN,322,113
321,103,NaN,NaN
NaN,NaN,327,108
447,128,331,111
456,125,332,105
330,110,449,123
433,117,324,111
328,107,433,114
331,97,432,114
429,111,326,102
440,119,330,91
455,107,350,120
330,93,430,106
448,123,348,105
448,121,334,108
433,110,325,97
436,107,331,111
331,92,434,108
331,93,431,113
338,106,446,106
433,109,327,83
337,100,442,106
441,101,336,99
330,95,438,116
323,92,432,110
321,87,430,113
443,108,337,100
429,115,322,92
331,89,434,111
327,92,429,108
438,110,332,99
433,115,325,99
428,116,324,86
442,111,336,100
438,97,333,98
324,95,425,127
328,113,431,112
448,124,330,101
331,110,446,114
442,109,326,100
330,112,439,115
317,106,435,123
438,125,328,106
321,103,432,119
326,112,446,118
436,115,328,104
430,116,327,113
335,111,437,103
331,107,436,114
436,116,336,110
435,111,331,113
444,113,335,100
328,110,443,121
442,125,326,99
328,96,439,129
439,129,332,108
442,103,339,104
439,118,336,116
331,105,433,125
331,114,433,131
340,117,442,110
432,130,333,107
329,108,442,131
431,111,327,102
443,123,330,99
440,102,329,105
329,102,434,128
441,115,332,110
331,108,433,111
329,93,429,107
434,121,333,105
328,100,431,101
442,101,337,104
332,106,437,116
436,98,329,93
337,115,448,117
452,90,344,110
343,118,449,92
447,112,343,116
333,127,445,93
432,108,331,131
327,150,431,107
423,108,324,170
318,179,441,98
446,97,338,254
NaN,NaN,NaN,NaN
321,311,NaN,NaN
320,349,NaN,NaN
322,351,NaN,NaN
NaN,NaN,313,369
298,361,443,99
443,101,303,356
447,98,298,370
436,103,301,370
312,356,442,102
309,372,438,113
311,374,432,106
310,371,438,107
437,109,312,405
NaN,NaN,NaN,NaN
NaN,NaN,NaN,NaN
306,386,443,104
436,108,307,385
305,389,449,105
448,97,309,386
303,394,451,95
306,392,451,93
448,120,316,402
317,400,449,95
NaN,NaN,313,405
311,397,NaN,NaN
305,396,NaN,NaN
301,403,NaN,NaN
309,387,NaN,NaN
312,372,NaN,NaN
NaN,NaN,307,349
307,345,NaN,NaN
NaN,NaN,NaN,NaN
447,120,NaN,NaN
451,119,NaN,NaN
283,150,446,119
281,147,445,119
289,111,NaN,NaN
445,116,302,102
302,107,447,116
449,117,328,95
335,85,456,108
448,104,337,93
456,99,332,90
451,107,346,94
342,91,439,106
434,113,344,83
453,107,346,91
463,104,354,104
332,90,439,106
475,105,366,93
352,101,466,119
457,109,352,89
353,90,459,115
349,90,450,98
346,92,451,97
351,101,475,106
348,95,450,108
464,108,352,93
347,112,460,109
357,94,455,120
354,97,466,124
468,113,347,89
448,99,349,105
450,104,348,95
444,114,348,115
464,116,349,111
345,105,466,115
359,104,458,98
459,114,349,106
457,113,357,104
359,98,462,114
467,108,367,108
340,98,453,111
444,99,345,109
361,100,458,96
464,116,366,116
452,129,346,101
454,115,355,118
457,122,357,98
458,109,359,111
365,101,465,110
352,108,451,102
465,104,357,107
453,107,353,103
448,111,343,102
342,90,443,111
458,112,347,107
341,89,439,102
351,104,454,96
446,110,346,106
460,104,353,98
342,112,441,105
342,103,439,109
438,108,337,101
344,112,443,108
344,122,445,112
346,106,446,105
441,112,341,113
345,98,449,104
432,113,329,92
350,100,457,114
462,109,356,101
338,114,445,114
329,113,427,102
448,110,342,122
345,105,452,101
357,113,457,107
348,115,445,103
351,116,452,116
458,112,349,103
351,114,458,100
352,89,455,106
355,105,458,95
341,93,442,91
336,104,438,101
453,105,354,95
339,99,448,112
451,106,349,101
451,91,352,110
330,103,446,105
326,129,436,100
452,99,329,111
444,100,321,130
329,134,442,106
440,91,318,118
318,114,449,91
327,125,443,94
436,93,319,130
442,94,324,128
448,87,319,114
438,86,305,115
326,131,442,88
327,121,445,96
332,127,444,89
439,101,322,122
436,85,335,125
445,99,339,130
341,130,448,91
438,104,340,139
441,98,340,130
334,133,440,113
444,116,335,126
461,110,340,133
442,115,332,132
329,111,451,115
337,120,451,128
342,132,455,121
344,111,444,112
346,107,446,115
444,128,330,115
346,114,444,133
446,129,343,111
351,108,448,124
453,139,350,113
359,118,465,119
352,106,472,122
468,120,351,109
355,122,456,133
470,139,352,113
467,119,359,128
463,130,349,108
450,129,350,109
354,116,466,119
356,121,462,130
353,120,464,133
355,115,459,123
349,124,446,132
446,123,344,101
461,122,359,117
341,110,441,134
455,119,351,113
343,124,460,127
356,133,459,122
348,136,450,130
456,130,345,118
344,129,443,139
348,126,448,128
453,130,353,135
353,121,460,128
457,130,357,133
459,128,362,117
332,109,433,150
361,140,462,129
444,135,349,122
435,132,336,115
459,128,347,121
359,135,462,122
341,113,442,143
455,141,347,118
453,141,353,119
457,123,349,119
442,146,340,119
441,123,340,120
347,119,454,127
456,136,357,121
457,124,352,127
449,134,348,114
455,128,351,138
347,119,457,124
357,128,463,114
447,131,338,118
466,133,362,127
445,146,344,119
445,138,346,121
447,142,341,107
343,105,467,130
345,108,455,132
455,127,354,122
470,130,339,112
468,128,340,115
350,121,462,126
344,120,449,125
467,126,358,116
347,112,472,113
340,125,462,122
459,118,354,114
346,123,455,112
357,127,470,112
351,112,449,120
353,110,462,115
348,109,458,118
341,107,468,112
453,108,345,113
479,131,363,109
468,116,357,113
469,106,358,112
475,115,364,126
450,105,348,115
353,114,458,113
350,106,464,114
357,106,466,109
352,102,455,115
362,107,464,114
462,117,353,99
458,116,361,125
358,102,461,108
441,118,343,108
361,105,462,114
440,121,335,100
421,153,326,93
334,117,433,130
441,123,337,111
334,142,457,119
322,142,437,124
448,120,318,189
NaN,NaN,318,246
322,268,NaN,NaN
320,287,NaN,NaN
325,331,NaN,NaN
NaN,NaN,320,345
NaN,NaN,325,362
313,364,NaN,NaN
319,362,NaN,NaN
NaN,NaN,313,360
307,379,NaN,NaN
NaN,NaN,314,368
309,358,NaN,NaN
NaN,NaN,306,376
311,379,NaN,NaN
306,374,NaN,NaN
300,379,NaN,NaN
NaN,NaN,304,366
NaN,NaN,310,371
NaN,NaN,306,375
310,379,NaN,NaN
NaN,NaN,300,379
308,377,NaN,NaN
NaN,NaN,305,376
NaN,NaN,309,369
306,364,NaN,NaN
NaN,NaN,303,364
NaN,NaN,302,349
313,342,NaN,NaN
NaN,NaN,300,301
NaN,NaN,294,279
NaN,NaN,301,265
NaN,NaN,295,237
NaN,NaN,303,205
NaN,NaN,289,184
NaN,NaN,NaN,NaN
NaN,NaN,278,151
NaN,NaN,277,146
NaN,NaN,NaN,NaN
NaN,NaN,NaN,NaN
295,152,NaN,NaN
NaN,NaN,281,123
NaN,NaN,286,116
286,113,NaN,NaN
NaN,NaN,289,116
296,116,NaN,NaN
294,118,NaN,NaN
294,108,NaN,NaN
NaN,NaN,296,108
296,120,NaN,NaN
293,105,NaN,NaN
NaN,NaN,297,115
NaN,NaN,NaN,NaN
NaN,NaN,NaN,NaN
NaN,NaN,303,116
NaN,NaN,294,110
NaN,NaN,306,110
NaN,NaN,283,90
287,90,NaN,NaN
NaN,NaN,296,108
NaN,NaN,295,103
289,96,NaN,NaN
289,105,NaN,NaN
NaN,NaN,308,101
NaN,NaN,313,107
NaN,NaN,310,113
NaN,NaN,310,99
318,115,NaN,NaN
NaN,NaN,323,111
316,101,NaN,NaN
312,96,NaN,NaN
320,90,NaN,NaN
323,99,NaN,NaN
434,152,325,102
320,103,429,127
420,139,320,108
316,99,424,137
425,112,321,108
310,106,426,130
306,101,410,132
419,121,306,110
306,103,433,127
433,123,307,107
410,129,300,105
423,122,301,113
303,90,428,125
300,105,428,117
435,124,300,106
304,86,427,124
310,109,437,114
307,109,NaN,NaN
421,119,310,103
NaN,NaN,320,105
409,108,308,97
NaN,NaN,334,107
NaN,NaN,335,97
NaN,NaN,331,106
341,105,NaN,NaN
333,103,NaN,NaN
344,93,NaN,NaN
432,132,330,110
340,93,NaN,NaN
440,131,340,90
427,129,327,86
NaN,NaN,337,103
NaN,NaN,340,109
NaN,NaN,339,96
324,89,422,133
327,112,431,133
434,129,336,99
318,92,419,129
330,70,419,126
338,77,418,129
418,135,335,70
367,68,418,157
372,100,435,163
396,121,453,204
419,114,466,229
471,238,NaN,NaN
NaN,NaN,494,289
505,288,NaN,NaN
NaN,NaN,519,316
523,333,NaN,NaN
NaN,NaN,518,348
NaN,NaN,519,356
NaN,NaN,513,357
514,348,NaN,NaN
520,410,NaN,NaN
NaN,NaN,512,367
NaN,NaN,507,362
NaN,NaN,507,371
514,377,NaN,NaN
503,378,NaN,NaN
NaN,NaN,505,372
505,371,NaN,NaN
NaN,NaN,505,367
510,379,NaN,NaN
NaN,NaN,512,368
513,366,NaN,NaN
512,372,NaN,NaN
NaN,NaN,NaN,NaN
NaN,NaN,NaN,NaN
517,357,NaN,NaN
516,344,NaN,NaN
NaN,NaN,507,316
NaN,NaN,494,292
480,285,NaN,NaN
NaN,NaN,470,274
NaN,NaN,NaN,NaN
NaN,NaN,NaN,NaN
NaN,NaN,NaN,NaN
NaN,NaN,343,115
NaN,NaN,338,115
NaN,NaN,320,96
NaN,NaN,324,79
317,78,NaN,NaN
NaN,NaN,NaN,NaN
NaN,NaN,NaN,NaN
NaN,NaN,NaN,NaN
315,77,NaN,NaN
302,75,NaN,NaN
305,74,NaN,NaN
NaN,NaN,302,71
NaN,NaN,302,82
NaN,NaN,297,75
NaN,NaN,301,76
NaN,NaN,304,77
296,73,NaN,NaN
NaN,NaN,304,77
NaN,NaN,303,78
307,75,NaN,NaN
296,81,NaN,NaN
NaN,NaN,302,92
NaN,NaN,302,86
NaN,NaN,295,91
NaN,NaN,NaN,NaN
292,90,NaN,NaN
284,101,NaN,NaN
NaN,NaN,287,105
NaN,NaN,284,109
NaN,NaN,NaN,NaN
280,105,NaN,NaN
NaN,NaN,NaN,NaN
NaN,NaN,NaN,NaN
NaN,NaN,NaN,NaN
NaN,NaN,NaN,NaN
NaN,NaN,NaN,NaN
NaN,NaN,NaN,NaN
NaN,NaN,NaN,NaN
NaN,NaN,NaN,NaN
NaN,NaN,NaN,NaN
NaN,NaN,NaN,NaN
NaN,NaN,NaN,NaN
NaN,NaN,NaN,NaN
NaN,NaN,NaN,NaN
NaN,NaN,NaN,NaN
NaN,NaN,NaN,NaN
NaN,NaN,NaN,NaN
NaN,NaN,NaN,NaN
NaN,NaN,NaN,NaN
NaN,NaN,NaN,NaN
NaN,NaN,NaN,NaN
NaN,NaN,NaN,NaN
NaN,NaN,NaN,NaN
NaN,NaN,NaN,NaN
NaN,NaN,NaN,NaN
NaN,NaN,NaN,NaN
NaN,NaN,NaN,NaN
NaN,NaN,NaN,NaN
284,122,NaN,NaN
290,125,NaN,NaN
298,122,NaN,NaN
NaN,NaN,330,142
340,149,NaN,NaN
405,184,NaN,NaN
424,211,364,112
454,237,NaN,NaN
473,249,NaN,NaN
NaN,NaN,505,292
NaN,NaN,524,333
NaN,NaN,506,308
NaN,NaN,531,340
533,385,NaN,NaN
529,358,NaN,NaN
NaN,NaN,521,364
524,370,NaN,NaN
523,370,NaN,NaN
521,367,NaN,NaN
NaN,NaN,518,364
518,368,NaN,NaN
516,366,NaN,NaN
NaN,NaN,519,369
NaN,NaN,520,375
NaN,NaN,518,373
515,374,NaN,NaN
518,373,NaN,NaN
515,359,NaN,NaN
NaN,NaN,509,349
NaN,NaN,513,352
NaN,NaN,512,348
NaN,NaN,NaN,NaN
NaN,NaN,495,321
497,300,NaN,NaN
479,266,NaN,NaN
462,243,NaN,NaN
442,213,NaN,NaN
421,209,NaN,NaN
346,101,423,181
NaN,NaN,340,107
321,99,422,111
309,77,NaN,NaN
318,95,NaN,NaN
NaN,NaN,306,79
NaN,NaN,302,75
301,76,NaN,NaN
NaN,NaN,297,80
NaN,NaN,294,68
NaN,NaN,295,70
290,69,NaN,NaN
NaN,NaN,294,74
NaN,NaN,296,71
295,71,NaN,NaN
NaN,NaN,296,73
NaN,NaN,293,71
NaN,NaN,294,69
NaN,NaN,295,78
NaN,NaN,295,80
293,75,NaN,NaN
296,74,NaN,NaN
NaN,NaN,294,71
NaN,NaN,299,78
NaN,NaN,298,66
NaN,NaN,296,73
297,76,NaN,NaN
NaN,NaN,295,75
NaN,NaN,283,61
NaN,NaN,286,75
NaN,NaN,281,70
NaN,NaN,280,75
NaN,NaN,281,68
NaN,NaN,281,74
281,77,NaN,NaN
283,76,NaN,NaN
280,72,NaN,NaN
NaN,NaN,285,82
NaN,NaN,284,79
NaN,NaN,278,77
NaN,NaN,285,76
NaN,NaN,284,76
NaN,NaN,287,80
281,75,NaN,NaN
284,84,NaN,NaN
NaN,NaN,283,72
289,85,NaN,NaN
290,85,NaN,NaN
NaN,NaN,289,82
283,80,NaN,NaN
290,84,NaN,NaN
NaN,NaN,292,87
289,88,NaN,NaN
281,77,NaN,NaN
NaN,NaN,284,82
281,80,NaN,NaN
NaN,NaN,288,89
282,82,NaN,NaN
278,82,NaN,NaN
NaN,NaN,290,82
NaN,NaN,289,88
NaN,NaN,287,70
334,165,272,71
NaN,NaN,311,124
342,180,NaN,NaN
371,218,NaN,NaN
376,225,NaN,NaN
386,254,NaN,NaN
NaN,NaN,392,287
422,369,NaN,NaN
424,372,NaN,NaN
408,368,NaN,NaN
415,406,NaN,NaN
416,397,NaN,NaN
NaN,NaN,416,406
413,396,406,120
414,399,406,122
414,404,397,117
412,120,427,406
417,120,427,405
412,405,402,118
410,107,423,407
407,117,426,408
415,410,398,116
424,409,410,106
407,112,422,409
414,410,NaN,NaN
415,107,419,408
410,115,420,408
416,405,424,120
418,409,415,116
NaN,NaN,415,413
414,110,416,405
418,412,NaN,NaN
NaN,NaN,417,405
415,398,NaN,NaN
416,384,NaN,NaN
420,377,NaN,NaN
NaN,NaN,399,330
382,290,NaN,NaN
NaN,NaN,NaN,NaN
338,195,NaN,NaN
NaN,NaN,NaN,NaN
NaN,NaN,321,156
NaN,NaN,308,130
NaN,NaN,310,117
307,89,417,132
320,104,425,123
412,127,302,82
416,126,310,88
312,98,431,115
420,117,312,82
418,132,303,85
414,119,307,79
313,84,415,112
416,117,316,83
437,116,319,79
425,117,324,79
339,86,437,126
329,73,430,112
329,72,425,116
439,120,337,73
332,77,431,115
337,64,431,121
420,120,352,75
436,122,333,68
332,74,427,113
423,120,337,66
337,71,418,110
343,90,443,114
432,116,334,71
429,124,335,68
333,72,432,111
340,88,440,124
341,86,440,110
332,91,432,121
338,98,440,123
437,121,344,77
338,81,430,122
433,105,334,93
426,120,346,86
441,125,342,92
423,133,338,70
344,69,424,131
424,125,337,64
430,119,338,61
348,80,439,111
428,119,329,82
415,113,338,65
427,116,329,68
436,116,338,76
430,128,334,77
440,124,345,86
327,70,427,131
440,133,339,99
425,113,324,79
336,91,448,121
428,132,325,86
329,88,428,122
329,92,434,126
335,79,443,129
326,90,436,119
332,83,434,128
333,79,433,126
435,115,332,83
430,125,325,76
326,78,426,113
333,84,432,116
432,140,323,80
326,67,436,143
430,129,334,83
444,132,329,92
434,116,324,83
327,77,427,135
316,80,425,137
319,79,428,125
325,78,436,122
439,120,328,93
432,126,318,86
331,76,432,143
432,115,330,73
423,129,319,73
326,61,429,138
433,113,329,90
332,75,436,121
433,122,329,73
320,83,439,119
319,73,441,127
330,80,432,130
428,131,327,73
420,136,318,65
444,125,319,73
433,129,312,75
320,75,419,141
441,128,313,76
319,67,428,131
429,123,331,94
432,140,330,73
421,135,320,75
341,83,441,124
320,78,422,124
420,125,325,82
443,132,342,78
331,75,427,122
420,136,328,70
329,86,430,137
441,125,338,84
438,129,336,90
436,137,334,96
324,74,428,122
338,95,438,129
428,126,327,87
435,127,328,73
325,72,424,133
332,86,434,118
435,120,329,74
340,75,439,116
325,70,429,139
439,135,337,77
333,89,428,129
339,82,435,138
331,72,429,120
323,72,428,130
422,126,320,79
425,129,326,98
431,138,330,97
439,115,342,88
324,100,421,134
345,101,447,134
336,93,436,119
436,125,335,93
340,85,444,124
331,86,429,126
330,95,430,109
329,72,426,131
422,138,320,75
429,126,325,91
424,131,325,90
339,89,439,122
332,76,434,113
442,127,339,91
334,81,437,117
318,82,418,131
331,93,436,118
432,124,328,84
329,93,431,136
332,92,433,127
431,121,330,93
325,85,425,121
422,111,321,94
336,86,431,112
435,118,333,82
327,78,426,113
332,102,430,117
331,94,440,117
440,123,326,85
327,92,442,125
330,98,428,127
329,88,437,118
431,128,333,106
343,106,451,117
437,117,334,82
328,90,430,131
343,95,NaN,NaN
330,94,430,115
338,100,436,116
334,107,437,118
433,113,333,78
346,102,NaN,NaN
441,130,340,105
441,126,336,96
334,92,436,115
333,90,440,109
436,115,330,90
438,108,334,95
341,104,439,111
342,88,441,111
335,94,439,122
446,119,340,93
440,118,330,97
448,113,347,89
442,119,343,84
334,88,442,107
335,84,433,121
338,82,444,106
441,116,327,79
334,100,448,128
441,110,327,101
344,87,449,109
337,96,447,102
434,107,331,91
447,127,329,96
438,114,339,106
341,104,446,123
333,101,433,106
447,111,337,98
447,106,347,103
449,116,350,108
342,122,445,111
442,110,339,106
347,102,449,116
335,110,436,111
339,113,437,108
338,115,446,116
338,103,450,118
457,134,348,111
447,131,344,99
NaN,NaN,344,107
442,110,341,105
345,101,444,121
440,103,333,98
338,102,437,112
442,119,343,107
444,109,342,107
341,103,446,101
432,95,334,91
429,121,324,74
432,113,339,65
331,73,442,87
416,114,309,73
416,97,315,79
326,72,422,92
402,99,302,79
439,95,326,85
323,81,428,87
318,76,422,96
304,67,425,87
306,92,416,74
430,78,316,83
310,85,419,84
423,78,325,90
319,98,421,77
322,87,423,90
418,73,316,98
314,91,421,87
315,101,418,89
313,98,429,96
313,106,420,106
321,93,422,106
426,103,322,99
315,102,420,99
310,89,414,115
324,96,426,104
316,108,417,118
306,97,425,118
314,96,432,108
317,96,426,108
429,120,322,104
314,99,437,105
329,88,428,111
428,112,323,95
324,94,424,92
322,85,426,106
429,118,326,91
428,107,320,88
430,115,321,97
425,106,327,99
333,105,431,109
438,102,334,90
425,103,317,97
316,78,420,120
439,106,334,96
426,125,327,92
436,121,338,99
439,113,327,101
443,108,337,97
328,85,445,117
438,104,332,91
420,92,320,99
424,111,321,119
305,114,425,123
427,116,311,122
430,123,290,108
282,138,421,118
425,117,286,155
433,116,290,166
283,198,425,120
280,186,429,123
285,223,427,114
429,118,294,239
294,308,424,121
308,341,NaN,NaN
422,128,310,350
322,370,424,115
424,126,312,365
317,366,427,125
421,126,320,391
420,115,309,383
321,379,420,113
314,381,422,128
424,122,319,380
422,105,317,380
420,114,318,394
421,113,303,385
424,130,305,385
419,114,310,385
419,121,307,380
309,378,425,119
421,118,325,386
321,389,425,112
307,367,424,127
317,398,427,119
415,122,303,391
424,121,308,403
292,389,418,119
422,115,303,412
422,132,296,393
292,402,425,125
423,107,291,400
417,120,285,405
292,400,422,120
295,395,420,125
296,399,421,114
419,131,297,402
297,389,422,116
420,132,294,394
415,118,297,393
414,123,296,395
422,130,298,389
414,120,305,395
420,124,294,391
305,414,424,130
302,390,421,113
305,390,424,113
423,119,303,384
311,375,414,112
309,373,418,118
416,119,303,377
305,372,416,117
416,113,311,368
423,123,324,384
419,118,314,365
305,363,417,118
312,371,417,111
308,368,422,128
310,367,417,127
313,370,418,112
416,115,314,392
423,131,317,367
422,130,301,372
423,124,322,387
419,120,310,397
422,125,306,389
306,358,419,131
306,346,421,114
311,328,424,130
420,123,304,280
289,237,419,110
421,124,NaN,NaN
NaN,NaN,422,126
424,124,NaN,NaN
288,147,424,117
311,154,424,123
308,142,417,119
428,113,327,150
418,133,322,117
427,135,321,121
418,128,319,116
424,127,322,122
329,102,443,113
423,122,323,118
331,99,431,130
430,130,330,109
430,128,329,117
333,111,437,125
444,123,333,116
329,100,430,113
427,126,327,119
328,106,430,133
434,126,334,103
324,106,426,125
332,122,433,125
432,141,333,123
333,111,431,138
329,96,426,139
336,95,437,140
435,138,335,114
336,100,434,113
434,134,334,121
336,104,434,134
339,102,439,138
326,98,425,139
422,136,322,91
333,114,433,134
437,127,333,100
440,107,338,103
329,109,427,135
327,102,430,129
422,140,326,100
434,128,332,93
323,93,422,127
442,113,339,115
324,114,424,132
330,111,428,140
324,116,426,131
427,128,324,112
329,113,428,129
323,114,422,128
336,107,434,139
330,103,429,115
430,128,325,113
326,96,423,134
428,136,334,92
428,132,327,91
323,115,426,133
426,137,327,96
440,133,333,118
330,104,429,139
424,139,324,90
434,125,334,113
335,104,436,129
327,100,426,143
321,107,421,128
432,120,331,98
426,137,327,95
325,97,423,131
431,123,331,124
334,98,435,129
427,128,328,109
329,93,426,126
428,120,331,105
338,97,438,109
329,110,427,103
440,119,336,111
438,114,337,109
438,103,338,110
326,109,425,131
326,103,427,129
332,105,430,117
429,133,329,94
342,118,442,118
429,133,327,108
323,131,429,131
413,125,303,132
421,117,291,143
419,129,270,156
421,126,242,160
NaN,NaN,NaN,NaN
NaN,NaN,NaN,NaN
NaN,NaN,168,318
412,121,155,339
418,116,140,361
NaN,NaN,134,368
113,418,121,297
416,123,120,400
112,399,421,111
121,387,424,115
417,111,122,385
419,115,124,393
415,122,122,400
118,401,419,135
418,126,111,405
117,405,419,127
109,404,415,118
418,113,118,393
416,123,114,404
97,412,414,111
96,414,117,305
114,294,92,420
98,413,107,290
114,268,84,388
116,275,110,395
113,375,133,263
151,233,121,360
96,293,171,193
115,269,180,175
424,116,192,150
421,123,211,121
420,126,216,94
412,131,244,106
415,126,260,94
272,68,418,113
289,74,NaN,NaN
298,74,NaN,NaN
NaN,NaN,308,66
NaN,NaN,308,63
316,73,NaN,NaN
NaN,NaN,314,71
NaN,NaN,318,75
311,72,NaN,NaN
312,73,NaN,NaN
NaN,NaN,307,63
307,61,NaN,NaN
303,63,NaN,NaN
305,76,NaN,NaN
297,61,NaN,NaN
307,75,NaN,NaN
306,76,NaN,NaN
293,68,NaN,NaN
NaN,NaN,304,68
311,73,NaN,NaN
NaN,NaN,313,72
NaN,NaN,316,79
309,75,NaN,NaN
315,77,NaN,NaN
321,79,NaN,NaN
NaN,NaN,317,77
306,89,407,116
326,88,NaN,NaN
323,83,NaN,NaN
NaN,NaN,325,83
NaN,NaN,324,78
416,112,314,71
322,79,NaN,NaN
414,126,316,79
315,85,NaN,NaN
305,80,405,131
323,82,NaN,NaN
322,80,NaN,NaN
311,95,NaN,NaN
324,104,NaN,NaN
311,103,NaN,NaN
NaN,NaN,302,102
NaN,NaN,288,113
258,103,NaN,NaN
NaN,NaN,236,128
NaN,NaN,210,152
195,218,NaN,NaN
185,259,NaN,NaN
160,301,NaN,NaN
140,317,NaN,NaN
131,338,NaN,NaN
102,387,105,265
118,412,119,283
117,408,87,293
120,400,89,278
113,399,NaN,NaN
110,397,422,119
113,403,NaN,NaN
111,412,NaN,NaN
106,411,416,113
106,403,NaN,NaN
NaN,NaN,103,410
108,403,418,119
422,121,101,412
88,406,420,120
423,117,101,394
95,400,416,115
94,391,415,121
NaN,NaN,95,393
91,395,422,108
426,115,83,394
417,122,95,387
92,387,414,121
417,112,88,407
94,387,424,113
NaN,NaN,88,407
420,108,94,382
89,409,416,119
90,404,NaN,NaN
94,396,74,271
62,415,72,293
70,279,67,401
77,405,64,282
63,415,75,290
62,387,92,261
106,244,63,360
114,231,93,348
135,178,105,295
NaN,NaN,124,268
169,130,154,248
NaN,NaN,178,208
NaN,NaN,213,194
NaN,NaN,238,179
NaN,NaN,NaN,NaN
NaN,NaN,NaN,NaN
274,130,NaN,NaN
292,143,NaN,NaN
NaN,NaN,303,118
NaN,NaN,NaN,NaN
NaN,NaN,309,124
307,115,NaN,NaN
314,129,NaN,NaN
313,122,NaN,NaN
NaN,NaN,305,112
327,131,NaN,NaN
328,131,NaN,NaN
NaN,NaN,330,134
NaN,NaN,331,125
NaN,NaN,NaN,NaN
NaN,NaN,339,135
NaN,NaN,NaN,NaN
NaN,NaN,NaN,NaN
NaN,NaN,332,126
NaN,NaN,338,135
323,117,NaN,NaN
NaN,NaN,319,119
NaN,NaN,327,120
NaN,NaN,NaN,NaN
325,123,NaN,NaN
NaN,NaN,323,116
NaN,NaN,325,122
NaN,NaN,330,120
NaN,NaN,326,122
NaN,NaN,NaN,NaN
324,120,NaN,NaN
NaN,NaN,318,118
NaN,NaN,321,116
NaN,NaN,318,117
314,102,415,135
420,125,323,108
420,115,318,95
319,116,421,119
425,120,323,106
421,119,323,111
318,114,419,129
323,111,425,115
333,118,NaN,NaN
423,129,326,116
324,114,NaN,NaN
323,119,NaN,NaN
314,108,414,122
NaN,NaN,331,110
334,115,NaN,NaN
NaN,NaN,335,117
NaN,NaN,312,117
339,119,NaN,NaN
NaN,NaN,333,120
NaN,NaN,337,120
312,129,NaN,NaN
333,141,NaN,NaN
NaN,NaN,334,123
329,126,NaN,NaN
NaN,NaN,329,134
NaN,NaN,325,127
NaN,NaN,323,121
328,142,NaN,NaN
323,130,NaN,NaN
320,132,NaN,NaN
NaN,NaN,325,142
NaN,NaN,321,129
NaN,NaN,322,151
NaN,NaN,323,133
NaN,NaN,325,151
324,125,NaN,NaN
NaN,NaN,328,141
NaN,NaN,321,131
NaN,NaN,318,123
318,134,NaN,NaN
316,130,NaN,NaN
NaN,NaN,321,136
NaN,NaN,320,131
NaN,NaN,328,136
NaN,NaN,324,123
333,135,NaN,NaN
NaN,NaN,330,122
312,139,NaN,NaN
NaN,NaN,335,134
314,137,NaN,NaN
NaN,NaN,335,132
NaN,NaN,335,134
NaN,NaN,314,138
NaN,NaN,336,135
339,143,NaN,NaN
337,127,NaN,NaN
NaN,NaN,339,137
341,146,NaN,NaN
NaN,NaN,NaN,NaN
NaN,NaN,NaN,NaN
NaN,NaN,NaN,NaN
344,137,NaN,NaN
NaN,NaN,NaN,NaN
NaN,NaN,NaN,NaN
NaN,NaN,NaN,NaN
NaN,NaN,NaN,NaN
NaN,NaN,NaN,NaN
NaN,NaN,NaN,NaN
NaN,NaN,346,134
NaN,NaN,NaN,NaN
NaN,NaN,347,138
NaN,NaN,NaN,NaN
NaN,NaN,NaN,NaN
NaN,NaN,345,127
NaN,NaN,344,123
NaN,NaN,347,133
344,147,NaN,NaN
NaN,NaN,346,151
347,136,NaN,NaN
NaN,NaN,344,134
NaN,NaN,344,133
NaN,NaN,344,132
343,130,NaN,NaN
344,134,NaN,NaN
NaN,NaN,NaN,NaN
NaN,NaN,342,129
344,133,NaN,NaN
NaN,NaN,NaN,NaN
NaN,NaN,NaN,NaN
NaN,NaN,NaN,NaN
NaN,NaN,NaN,NaN
NaN,NaN,344,134
NaN,NaN,NaN,NaN
NaN,NaN,NaN,NaN
NaN,NaN,NaN,NaN
NaN,NaN,NaN,NaN
NaN,NaN,NaN,NaN
332,149,NaN,NaN
329,148,NaN,NaN
331,156,NaN,NaN
NaN,NaN,323,137
324,155,NaN,NaN
307,155,NaN,NaN
NaN,NaN,301,130
303,130,NaN,NaN
NaN,NaN,304,128
307,131,NaN,NaN
NaN,NaN,NaN,NaN
NaN,NaN,NaN,NaN
NaN,NaN,NaN,NaN
NaN,NaN,NaN,NaN
NaN,NaN,NaN,NaN
NaN,NaN,NaN,NaN
NaN,NaN,NaN,NaN
NaN,NaN,NaN,NaN
NaN,NaN,NaN,NaN
NaN,NaN,NaN,NaN
NaN,NaN,NaN,NaN
NaN,NaN,NaN,NaN
NaN,NaN,NaN,NaN
NaN,NaN,NaN,NaN
NaN,NaN,NaN,NaN
NaN,NaN,NaN,NaN
NaN,NaN,NaN,NaN
NaN,NaN,NaN,NaN
NaN,NaN,NaN,NaN
NaN,NaN,NaN,NaN
NaN,NaN,NaN,NaN
NaN,NaN,NaN,NaN
NaN,NaN,NaN,NaN
NaN,NaN,NaN,NaN
NaN,NaN,NaN,NaN
NaN,NaN,NaN,NaN
NaN,NaN,NaN,NaN
NaN,NaN,NaN,NaN
NaN,NaN,NaN,NaN
NaN,NaN,NaN,NaN
NaN,NaN,NaN,NaN
NaN,NaN,NaN,NaN
NaN,NaN,NaN,NaN
NaN,NaN,NaN,NaN
NaN,NaN,NaN,NaN
NaN,NaN,NaN,NaN
NaN,NaN,NaN,NaN
318,130,NaN,NaN
NaN,NaN,NaN,NaN
NaN,NaN,NaN,NaN
NaN,NaN,321,121
NaN,NaN,321,114
319,113,NaN,NaN
330,134,NaN,NaN
333,141,NaN,NaN
NaN,NaN,317,117
NaN,NaN,NaN,NaN
NaN,NaN,NaN,NaN
NaN,NaN,337,177
338,177,NaN,NaN
353,197,NaN,NaN
NaN,NaN,378,249
NaN,NaN,390,265
NaN,NaN,389,282
400,315,NaN,NaN
410,340,NaN,NaN
419,362,NaN,NaN
419,377,NaN,NaN
374,86,421,392
416,396,NaN,NaN
NaN,NaN,417,400
NaN,NaN,421,400
NaN,NaN,421,399
NaN,NaN,415,405
414,403,NaN,NaN
376,95,416,401
NaN,NaN,414,407
411,404,376,93
NaN,NaN,424,411
383,114,414,405
418,404,NaN,NaN
NaN,NaN,416,408
375,106,410,409
398,120,419,413
397,112,427,413
NaN,NaN,417,406
420,417,NaN,NaN
424,414,407,122
375,95,426,420
NaN,NaN,419,411
415,411,NaN,NaN
414,416,398,107
414,409,355,88
409,404,366,81
410,371,362,76
NaN,NaN,402,352
393,317,NaN,NaN
381,275,NaN,NaN
NaN,NaN,365,248
NaN,NaN,347,202
NaN,NaN,335,183
NaN,NaN,319,159
328,146,NaN,NaN
318,132,418,124
NaN,NaN,313,124
318,109,NaN,NaN
NaN,NaN,330,102
NaN,NaN,333,111
326,102,NaN,NaN
334,106,NaN,NaN
NaN,NaN,340,99
332,77,420,137
421,129,335,89
428,127,328,88
420,136,328,77
354,90,455,116
439,120,340,85
435,120,335,86
429,123,333,94
336,79,432,118
347,92,441,121
351,82,444,121
447,124,351,97
437,118,335,73
344,67,444,130
346,90,446,123
437,121,337,73
435,115,332,78
422,125,335,70
443,126,351,81
434,118,344,73
348,81,443,126
444,122,343,96
341,92,441,122
450,128,356,92
351,93,444,122
442,127,347,93
441,122,340,94
352,99,449,114
NaN,NaN,358,100
341,106,441,122
353,106,NaN,NaN
362,92,NaN,NaN
353,102,NaN,NaN
445,125,348,96
345,84,428,122
445,131,348,83
346,69,435,122
425,122,336,75
441,107,341,80
442,131,344,79
424,124,341,76
351,95,450,124
445,125,344,93
442,128,345,91
NaN,NaN,354,102
NaN,NaN,353,96
346,85,447,128
433,118,337,82
443,119,344,92
443,107,342,91
344,83,446,130
433,113,334,85
436,108,337,91
339,96,438,142
339,87,438,144
342,108,442,126
442,121,342,100
329,97,427,120
345,105,446,123
447,130,343,100
351,94,451,119
346,97,444,108
344,93,448,118
445,128,339,102
445,118,345,83
343,109,444,115
347,101,446,110
328,89,418,123
439,118,344,102
328,96,423,123
338,103,435,135
337,92,444,118
441,121,326,105
335,108,NaN,NaN
334,98,441,124
328,101,426,129
NaN,NaN,342,101
334,94,436,131
NaN,NaN,338,105
326,96,433,120
442,130,334,105
442,119,328,101
443,125,339,94
437,111,334,106
NaN,NaN,342,99
337,98,441,101
448,108,347,107
338,95,438,120
340,109,NaN,NaN
334,94,434,106
341,112,445,103
447,117,347,109
434,98,335,100
437,107,337,95
348,107,448,111
344,103,450,115
346,107,446,112
450,120,341,100
443,104,340,94
NaN,NaN,352,110
331,101,432,111
330,96,430,109
333,111,442,112
446,92,330,120
319,94,448,88
317,99,471,76
504,67,320,106
519,65,323,104
316,95,559,63
NaN,NaN,303,114
303,80,NaN,NaN
NaN,NaN,315,96
329,109,NaN,NaN
318,120,NaN,NaN
315,115,589,63
332,120,589,62
319,97,590,62
589,68,324,120
330,112,590,80
323,99,586,77
306,102,590,74
305,105,589,72
588,81,306,102
325,113,NaN,NaN
321,111,587,81
319,89,586,67
588,73,319,113
320,115,590,68
307,102,588,80
588,66,324,72
339,150,312,63
NaN,NaN,309,71
318,103,NaN,NaN
292,75,341,134
322,113,NaN,NaN
320,110,NaN,NaN
348,136,293,84
324,109,NaN,NaN
NaN,NaN,325,115
296,75,353,141
293,76,350,147
NaN,NaN,324,110
355,150,297,89
321,104,NaN,NaN
NaN,NaN,328,108
330,108,NaN,NaN
296,87,350,140
NaN,NaN,317,66
NaN,NaN,314,69
316,72,NaN,NaN
353,149,294,91
NaN,NaN,327,110
NaN,NaN,331,117
585,74,359,125
332,104,574,68
334,118,532,92
328,102,510,105
334,112,484,125
479,138,332,122
336,122,469,135
446,147,330,124
434,150,333,116
333,110,433,143
444,142,337,111
341,115,450,155
342,107,452,142
336,110,451,141
331,102,439,142
346,111,NaN,NaN
335,109,443,149
343,107,466,144
484,144,353,114
348,100,488,155
352,106,510,145
339,102,520,140
531,158,335,107
336,115,531,139
537,141,325,99
329,119,540,139
533,130,326,121
319,106,534,150
317,116,530,150
303,115,532,140
294,106,531,143
305,122,537,133
293,113,526,140
289,114,537,149
296,108,530,150
535,135,296,122
518,148,286,126
287,118,529,136
279,129,530,143
536,138,273,113
269,119,540,128
535,138,268,135
536,140,272,119
273,129,546,120
529,148,260,132
270,149,534,143
262,137,542,137
541,133,260,132
268,144,519,143
250,132,528,152
255,130,529,147
267,123,521,154
265,127,530,139
278,130,525,146
541,130,271,124
262,125,534,120
538,122,268,146
532,123,265,136
266,131,529,139
273,127,544,129
275,128,539,138
273,130,551,141
282,140,540,142
265,144,538,140
273,123,551,136
560,123,276,126
555,139,276,130
282,134,559,120
541,137,283,130
276,128,536,123
278,124,553,132
264,142,557,123
268,136,570,118
557,132,260,142
253,141,539,141
558,116,254,150
549,135,248,163
550,125,238,158
232,174,551,140
568,122,232,235
217,255,561,126
554,122,215,282
562,121,215,312
542,124,211,342
221,364,536,134
550,130,221,380
544,140,212,392
555,118,211,395
210,396,525,125
217,400,548,132
223,397,549,122
215,395,535,135
538,138,217,396
533,122,215,397
211,399,545,125
216,401,530,134
211,396,537,129
529,133,216,402
219,403,541,133
553,134,215,400
542,131,212,401
542,129,209,412
551,126,216,407
531,130,212,407
218,402,561,112
209,396,550,124
538,128,218,396
537,127,215,398
538,127,213,387
550,134,210,375
544,135,214,366
541,128,217,331
546,127,221,318
NaN,NaN,553,141
NaN,NaN,555,149
NaN,NaN,557,132
NaN,NaN,548,149
NaN,NaN,551,140
557,135,NaN,NaN
560,123,288,138
308,127,550,132
NaN,NaN,320,124
NaN,NaN,318,113
NaN,NaN,NaN,NaN
345,112,564,114
553,127,351,133
555,130,366,149
355,122,540,149
364,139,528,157
527,163,365,136
363,138,514,158
378,147,508,158
502,159,366,136
364,143,499,156
371,151,500,167
367,139,495,161
NaN,NaN,504,162
376,142,494,153
385,149,505,161
375,145,499,156
500,159,378,153
494,164,378,145
383,142,495,163
368,135,499,159
503,155,386,148
385,138,506,163
377,138,500,152
506,163,387,146
502,161,388,143
385,150,504,163
499,164,376,143
508,160,385,138
371,140,503,157
502,151,381,146
381,138,500,156
384,152,494,163
499,156,382,141
493,158,381,146
378,143,498,173
494,152,379,155
377,139,494,155
385,139,490,161
490,151,373,141
377,150,495,161
381,144,494,150
384,137,496,157
375,138,501,155
383,133,502,154
499,159,380,140
376,135,513,156
497,157,391,159
378,146,492,146
494,140,390,141
515,153,373,143
378,120,496,147
492,143,378,140
380,134,492,167
382,130,498,147
495,155,390,147
383,123,497,153
495,159,374,121
495,154,387,132
382,130,496,160
494,141,373,135
496,145,376,130
380,137,490,163
384,145,495,169
496,139,380,142
381,132,493,138
388,134,513,151
491,159,386,135
379,131,516,155
514,152,382,139
501,155,381,144
516,150,377,127
380,129,498,138
389,135,494,163
378,139,499,168
383,134,492,169
385,142,493,141
495,142,375,135
513,153,373,119
387,129,494,138
373,127,494,143
376,121,492,142
495,142,377,137
382,127,508,172
378,129,488,143
396,143,497,134
381,130,489,141
481,163,380,130
372,121,492,165
382,132,498,138
491,162,388,130
492,164,388,126
501,135,387,132
495,163,388,141
390,132,499,165
375,122,481,169
490,164,387,138
488,160,389,128
498,163,394,127
492,163,386,128
484,165,380,130
384,126,494,142
500,133,375,125
484,161,385,129
396,124,502,157
508,160,371,117
518,147,384,130
539,154,376,134
384,134,563,150
588,154,374,125
NaN,NaN,377,132
375,136,NaN,NaN
380,119,NaN,NaN
NaN,NaN,384,123
381,130,NaN,NaN
NaN,NaN,388,138
NaN,NaN,388,139
378,125,NaN,NaN
387,135,NaN,NaN
NaN,NaN,374,128
NaN,NaN,383,131
NaN,NaN,380,140
385,131,NaN,NaN
586,88,385,113
585,93,384,136
394,139,557,105
524,133,399,122
397,128,509,127
396,122,508,111
390,123,490,116
504,116,401,136
402,132,504,125
403,120,505,120
401,137,506,127
398,120,509,122
504,120,396,124
414,142,514,125
503,123,403,115
407,129,514,123
392,137,502,121
509,126,405,121
414,142,515,127
405,140,511,123
508,128,406,120
499,127,389,118
398,131,500,119
507,122,409,133
395,131,497,127
409,133,510,126
504,122,405,129
501,124,400,148
500,118,402,130
503,124,396,134
501,126,401,120
415,143,516,122
502,117,397,139
500,127,404,137
501,120,398,136
400,135,500,120
406,137,513,120
410,131,505,125
506,126,405,127
498,120,402,139
397,114,499,119
504,120,398,132
501,130,399,129
397,135,505,119
403,136,502,124
503,119,400,137
414,141,512,123
400,134,499,116
496,129,391,126
513,120,408,146
407,134,512,125
401,149,500,121
508,122,402,126
404,140,501,125
496,129,394,137
514,127,406,144
504,123,404,148
398,124,498,122
412,143,511,125
388,128,494,124
511,123,408,126
410,131,510,129
406,137,506,132
514,117,414,118
503,120,404,115
400,102,499,130
503,138,403,113
499,128,407,104
395,106,493,123
503,133,400,102
511,129,406,108
399,113,505,129
503,125,403,101
389,105,499,122
398,104,505,127
498,124,398,117
397,121,501,115
494,128,386,106
399,116,504,119
484,119,384,119
392,110,503,122
386,114,492,133
379,109,486,132
390,131,491,128
492,130,373,124
489,133,383,119
492,134,389,121
388,119,485,134
371,111,486,122
379,121,482,137
488,136,382,134
385,123,486,125
379,129,493,127
496,123,374,125
371,130,492,124
497,125,358,132
503,126,362,145
346,138,496,129
494,126,346,137
345,145,500,123
491,125,333,148
493,126,334,171
495,123,317,154
493,129,333,154
494,125,312,143
511,143,309,157
319,152,546,128
530,117,307,165
559,110,315,160
576,117,316,163
310,161,NaN,NaN
NaN,NaN,302,141
NaN,NaN,287,147
294,153,NaN,NaN
279,146,NaN,NaN
NaN,NaN,NaN,NaN
NaN,NaN,589,161
585,158,NaN,NaN
586,151,NaN,NaN
584,157,NaN,NaN
587,158,NaN,NaN
NaN,NaN,581,154
583,157,NaN,NaN
588,156,NaN,NaN
NaN,NaN,588,152
588,159,NaN,NaN
590,154,NaN,NaN
588,155,NaN,NaN
589,157,NaN,NaN
NaN,NaN,589,156
NaN,NaN,588,157
584,154,NaN,NaN
588,157,NaN,NaN
590,153,NaN,NaN
NaN,NaN,583,150
NaN,NaN,590,156
NaN,NaN,587,148
590,153,NaN,NaN
NaN,NaN,584,152
NaN,NaN,588,150
587,164,NaN,NaN
590,156,NaN,NaN
NaN,NaN,587,172
NaN,NaN,590,161
NaN,NaN,590,164
588,171,NaN,NaN
NaN,NaN,587,160
589,155,NaN,NaN
NaN,NaN,587,166
589,167,NaN,NaN
NaN,NaN,589,153
589,159,NaN,NaN
589,159,NaN,NaN
590,165,NaN,NaN
589,154,NaN,NaN
588,160,NaN,NaN
588,154,NaN,NaN
NaN,NaN,589,153
NaN,NaN,589,154
NaN,NaN,590,156
587,169,NaN,NaN
588,165,NaN,NaN
590,159,NaN,NaN
586,169,NaN,NaN
589,155,NaN,NaN
586,161,NaN,NaN
590,164,NaN,NaN
588,152,NaN,NaN
590,149,NaN,NaN
586,168,NaN,NaN
NaN,NaN,590,150
NaN,NaN,590,166
NaN,NaN,590,149
NaN,NaN,587,159
NaN,NaN,590,152
590,159,NaN,NaN
585,152,NaN,NaN
