416,151,295,155
414,155,283,152
289,145,415,151
421,148,279,153
293,153,418,148
414,161,292,157
284,155,413,158
429,155,282,152
426,164,283,147
283,154,414,154
427,149,293,156
426,151,279,159
288,144,416,157
293,158,427,158
419,149,283,162
428,162,281,154
286,150,430,162
280,157,426,156
280,158,422,145
428,154,282,156
428,157,275,154
422,153,290,147
412,164,282,155
417,156,279,155
282,156,414,151
278,160,427,158
420,152,288,149
422,168,292,153
411,161,284,153
282,152,418,153
287,150,425,154
282,150,419,174
419,168,278,163
421,169,281,154
296,147,425,165
278,154,415,161
429,166,282,167
284,145,413,159
412,174,281,151
422,176,286,154
287,153,434,187
450,185,299,154
283,157,465,182
495,185,279,151
283,157,501,223
NaN,NaN,526,382
299,158,538,373
295,154,539,392
293,149,545,387
285,141,546,396
288,153,556,364
286,145,551,378
283,153,545,376
288,144,539,399
278,147,536,390
558,388,285,148
534,402,287,151
542,396,279,142
285,142,537,401
536,386,286,146
278,155,557,385
540,393,282,155
281,147,544,386
279,149,548,387
296,155,549,392
552,395,280,144
549,403,282,155
282,148,558,401
566,368,283,139
568,370,283,155
281,143,588,330
289,157,588,302
289,146,586,289
586,252,277,151
588,220,291,161
567,198,283,139
549,168,288,154
514,167,294,153
489,158,282,149
466,133,288,145
289,151,438,130
290,140,424,145
416,134,286,141
281,118,404,135
291,141,402,137
280,113,381,136
394,135,281,113
387,131,280,126
390,129,283,125
381,121,280,108
283,108,386,117
278,104,386,116
276,111,379,132
391,108,292,118
286,134,385,122
392,133,281,125
281,121,395,141
403,138,271,134
271,118,404,140
268,125,407,133
405,139,NaN,NaN
NaN,NaN,403,142
NaN,NaN,402,136
NaN,NaN,399,135
408,132,NaN,NaN
404,124,NaN,NaN
402,136,NaN,NaN
400,135,272,127
268,123,426,138
272,137,450,157
466,173,273,135
274,133,NaN,NaN
512,237,274,127
547,376,524,246
544,399,539,278
542,395,279,135
535,391,282,151
278,123,534,397
537,401,279,130
281,128,541,394
557,394,276,127
282,143,541,387
279,153,539,403
279,153,536,386
284,126,539,398
276,127,547,393
535,387,275,127
283,134,533,386
284,136,545,383
546,369,280,133
285,139,544,384
548,364,280,135
283,132,547,373
275,130,555,339
561,314,282,152
554,290,NaN,NaN
281,142,551,277
551,242,282,147
281,132,534,216
533,201,259,140
526,185,281,139
276,128,507,187
281,132,507,173
277,141,509,180
509,168,285,143
506,172,NaN,NaN
516,171,278,148
280,147,515,175
NaN,NaN,502,183
277,133,494,189
NaN,NaN,512,189
504,191,NaN,NaN
NaN,NaN,515,186
492,190,NaN,NaN
505,190,NaN,NaN
506,195,NaN,NaN
NaN,NaN,487,210
487,208,NaN,NaN
487,208,NaN,NaN
NaN,NaN,467,205
NaN,NaN,475,202
NaN,NaN,472,201
NaN,NaN,470,211
NaN,NaN,480,191
NaN,NaN,475,184
NaN,NaN,NaN,NaN
NaN,NaN,462,175
NaN,NaN,272,138
NaN,NaN,460,154
NaN,NaN,NaN,NaN
NaN,NaN,NaN,NaN
NaN,NaN,432,131
NaN,NaN,429,129
NaN,NaN,415,131
NaN,NaN,409,131
405,134,NaN,NaN
408,131,NaN,NaN
404,127,NaN,NaN
411,121,NaN,NaN
424,126,NaN,NaN
NaN,NaN,413,119
NaN,NaN,427,128
424,135,NaN,NaN
NaN,NaN,425,131
422,131,NaN,NaN
418,135,NaN,NaN
NaN,NaN,411,121
426,129,NaN,NaN
419,135,NaN,NaN
424,134,NaN,NaN
414,120,NaN,NaN
418,114,NaN,NaN
270,134,415,125
424,131,275,145
282,123,416,117
415,131,294,119
424,108,297,116
423,110,309,114
310,117,417,127
419,117,312,117
NaN,NaN,411,120
NaN,NaN,413,116
NaN,NaN,414,108
NaN,NaN,417,107
413,130,NaN,NaN
NaN,NaN,414,130
NaN,NaN,404,131
410,126,NaN,NaN
NaN,NaN,399,122
308,123,407,129
398,136,NaN,NaN
303,122,404,134
NaN,NaN,407,125
399,118,NaN,NaN
401,135,NaN,NaN
NaN,NaN,409,129
NaN,NaN,413,121
401,139,NaN,NaN
402,130,NaN,NaN
409,135,NaN,NaN
NaN,NaN,403,123
414,142,NaN,NaN
NaN,NaN,411,136
416,148,NaN,NaN
433,141,NaN,NaN
NaN,NaN,436,155
NaN,NaN,NaN,NaN
NaN,NaN,NaN,NaN
NaN,NaN,NaN,NaN
NaN,NaN,NaN,NaN
NaN,NaN,NaN,NaN
NaN,NaN,NaN,NaN
NaN,NaN,NaN,NaN
453,163,NaN,NaN
NaN,NaN,NaN,NaN
NaN,NaN,NaN,NaN
NaN,NaN,NaN,NaN
NaN,NaN,NaN,NaN
NaN,NaN,NaN,NaN
NaN,NaN,455,160
NaN,NaN,444,161
NaN,NaN,NaN,NaN
451,156,NaN,NaN
NaN,NaN,NaN,NaN
NaN,NaN,NaN,NaN
NaN,NaN,NaN,NaN
452,166,NaN,NaN
458,165,NaN,NaN
457,161,NaN,NaN
NaN,NaN,445,163
459,168,NaN,NaN
NaN,NaN,448,162
NaN,NaN,448,170
NaN,NaN,453,167
450,168,NaN,NaN
445,165,NaN,NaN
NaN,NaN,451,168
NaN,NaN,441,161
439,174,NaN,NaN
440,169,NaN,NaN
439,170,NaN,NaN
428,164,NaN,NaN
NaN,NaN,432,160
427,176,NaN,NaN
NaN,NaN,422,166
NaN,NaN,416,199
397,191,NaN,NaN
NaN,NaN,261,130
NaN,NaN,NaN,NaN
NaN,NaN,NaN,NaN
NaN,NaN,NaN,NaN
333,357,NaN,NaN
NaN,NaN,327,389
NaN,NaN,NaN,NaN
NaN,NaN,NaN,NaN
NaN,NaN,NaN,NaN
253,132,325,400
259,133,311,387
330,395,256,128
262,130,317,403
318,395,259,120
263,129,329,388
317,404,262,127
325,401,260,133
320,393,258,129
325,389,260,124
327,394,256,123
260,123,327,387
315,385,257,129
339,373,258,122
340,349,NaN,NaN
256,127,NaN,NaN
NaN,NaN,NaN,NaN
NaN,NaN,364,266
NaN,NaN,376,235
NaN,NaN,384,229
NaN,NaN,388,224
NaN,NaN,404,198
260,136,414,198
414,188,NaN,NaN
413,191,NaN,NaN
430,191,259,136
429,201,254,120
434,194,262,130
262,121,430,180
259,118,425,184
263,120,422,196
265,140,428,183
259,130,426,183
265,139,415,183
267,126,419,207
264,125,415,206
268,131,419,201
422,207,267,129
419,211,264,126
266,130,420,203
268,131,427,187
420,186,262,127
264,128,417,186
264,131,424,158
269,127,417,152
408,137,265,137
394,150,260,129
396,130,267,136
274,134,389,149
271,123,379,143
390,141,270,132
387,143,265,123
264,125,371,139
391,135,270,134
382,141,266,125
382,140,276,134
271,136,384,143
384,148,284,145
270,133,375,144
385,150,276,126
272,130,379,140
377,155,271,133
267,134,373,140
376,151,273,128
374,142,271,122
279,129,379,151
379,148,265,127
381,147,271,126
378,145,278,132
273,131,375,152
269,130,381,139
268,134,374,144
276,139,376,155
373,138,273,126
359,159,264,131
274,128,377,144
370,147,266,124
374,146,270,126
367,156,266,131
377,149,267,126
262,131,371,145
369,149,265,128
261,125,359,151
268,127,373,148
375,153,271,122
268,140,371,149
267,117,367,137
269,130,368,142
270,127,379,134
373,141,270,113
375,133,271,118
272,124,375,153
276,116,392,148
369,154,260,103
262,119,NaN,NaN
NaN,NaN,264,122
NaN,NaN,271,124
390,164,263,102
385,165,269,119
390,164,266,101
268,106,380,163
384,159,270,112
NaN,NaN,273,109
279,109,NaN,NaN
NaN,NaN,275,117
275,100,NaN,NaN
276,96,NaN,NaN
378,144,277,96
387,158,282,115
266,103,380,144
272,110,375,145
275,119,382,149
270,104,376,158
287,123,389,141
384,145,282,125
284,124,389,159
392,161,288,134
392,153,279,127
284,130,394,155
401,162,292,119
405,162,294,140
281,132,390,149
394,153,276,132
294,147,393,150
385,153,287,129
385,151,286,147
276,125,378,139
290,138,395,151
376,158,275,118
379,149,277,126
382,149,283,129
389,155,279,125
269,131,370,144
370,160,270,129
367,165,267,151
266,144,365,162
376,150,275,133
267,148,372,166
359,161,259,146
374,156,274,139
270,139,377,163
272,138,374,161
280,147,381,166
371,156,270,158
368,158,265,131
378,149,277,140
371,161,268,159
274,142,375,151
259,133,365,161
270,129,374,160
264,150,363,155
268,131,368,152
270,161,370,165
267,135,375,160
270,142,370,153
370,149,266,129
267,127,370,155
269,136,368,160
261,134,363,167
376,148,271,130
371,161,269,135
265,148,365,172
372,161,277,139
273,158,374,162
366,162,265,131
277,142,380,158
380,156,279,139
367,163,264,146
375,168,267,130
262,134,362,157
362,155,263,127
373,146,274,137
368,159,268,145
275,124,372,159
372,162,270,133
283,160,392,152
401,147,285,166
402,146,299,186
298,194,411,154
303,226,413,159
415,152,315,256
415,153,351,292
363,320,413,164
377,343,418,158
401,386,410,163
420,154,415,414
407,416,NaN,NaN
429,412,398,161
407,158,401,407
405,409,413,160
403,164,405,418
404,416,410,158
400,416,420,160
425,153,398,419
399,420,418,174
423,147,398,414
423,154,397,417
407,160,370,413
388,414,415,153
419,141,361,409
355,388,414,158
382,400,414,159
414,160,377,383
372,371,415,162
409,157,362,328
352,296,411,158
410,155,357,290
332,237,431,162
318,207,419,159
423,157,324,195
413,168,310,187
415,164,313,165
309,159,413,155
417,159,309,152
411,157,311,171
393,164,291,141
406,151,305,140
419,158,320,148
417,149,317,146
420,159,321,133
307,127,408,159
420,160,317,139
320,146,420,152
426,161,324,123
315,138,415,158
311,134,413,158
311,124,410,152
420,164,320,116
424,160,326,116
324,121,422,170
424,163,324,130
321,129,417,162
423,160,322,129
411,161,317,125
421,158,321,129
406,154,NaN,NaN
418,163,NaN,NaN
327,141,423,159
NaN,NaN,421,157
439,165,340,145
NaN,NaN,416,154
319,128,420,166
323,125,422,153
327,118,415,160
426,158,325,120
408,157,312,104
327,110,422,162
414,163,322,94
405,160,307,87
407,160,304,76
318,63,419,159
417,159,331,64
332,69,432,139
330,64,425,160
326,63,423,168
422,160,328,73
323,70,424,153
420,161,319,78
416,153,319,68
410,158,311,70
410,164,310,75
412,162,307,70
407,159,306,76
303,80,419,168
308,80,413,153
414,150,306,87
408,157,305,88
406,157,296,89
297,96,409,159
399,159,300,103
303,100,403,161
415,155,298,96
406,152,298,108
306,109,412,161
418,160,299,101
304,132,410,160
300,113,403,168
307,121,408,157
410,160,310,123
304,123,407,156
318,134,419,156
423,159,325,141
423,154,321,126
426,164,323,133
409,166,312,132
411,163,312,132
416,165,325,124
319,119,419,159
316,113,417,154
316,114,420,156
326,122,427,165
318,118,416,148
420,146,320,112
318,111,410,160
420,156,323,123
NaN,NaN,416,159
410,160,NaN,NaN
NaN,NaN,415,161
338,141,437,169
424,160,323,134
NaN,NaN,422,158
421,152,NaN,NaN
NaN,NaN,415,164
NaN,NaN,422,165
319,126,420,168
429,162,328,125
412,163,327,108
417,153,319,110
421,164,325,111
424,158,328,120
412,163,312,110
421,158,321,107
321,113,418,146
315,112,415,149
320,105,421,154
420,163,322,99
323,107,417,157
319,116,419,148
318,103,416,151
410,153,308,112
316,109,414,145
404,159,307,97
409,154,315,108
318,116,413,155
311,107,406,151
308,106,403,151
415,152,307,110
308,110,406,152
311,113,409,156
415,159,314,101
317,111,415,164
410,147,307,107
312,95,410,152
404,166,304,105
416,151,317,120
412,161,313,127
312,113,409,151
304,107,402,155
409,163,308,109
313,103,414,164
420,157,316,123
406,154,305,100
322,125,422,156
417,157,317,118
403,164,303,111
311,119,412,155
422,154,324,112
310,109,406,161
319,118,422,153
317,117,421,159
312,119,411,157
403,163,305,111
311,116,411,159
411,150,310,124
309,109,414,155
307,111,407,164
309,121,405,163
410,156,309,110
406,161,308,119
306,122,411,151
309,112,416,150
309,131,411,150
301,117,399,163
411,149,310,126
414,150,310,126
309,138,408,161
405,159,307,122
412,165,311,130
401,161,303,132
422,159,309,118
403,167,304,111
410,150,306,121
303,116,411,162
314,122,420,151
406,163,307,113
298,127,401,158
402,159,298,115
314,142,413,152
305,131,407,159
318,129,421,155
401,158,299,119
306,134,408,158
317,138,418,163
414,170,314,120
311,118,410,163
312,139,412,162
316,123,415,144
315,126,417,164
308,124,408,153
310,128,412,156
310,134,409,160
416,155,314,132
414,157,314,122
400,166,303,121
413,157,312,136
315,145,420,152
314,127,415,153
317,144,416,151
415,156,316,136
306,132,407,153
316,142,416,161
424,159,324,136
312,133,418,156
308,139,409,163
313,136,414,138
313,123,414,153
310,128,416,159
413,146,315,138
316,130,418,162
316,144,418,155
414,161,315,133
416,163,308,130
409,147,306,127
308,140,409,150
306,122,405,158
307,137,409,156
414,145,311,135
302,132,404,160
305,117,405,151
422,161,324,132
313,134,415,155
412,158,308,129
316,129,417,155
415,162,309,126
412,160,309,142
410,152,312,137
311,139,414,155
314,133,416,145
415,156,314,133
413,168,313,134
309,124,410,155
413,155,314,124
316,111,416,148
409,140,309,129
406,152,305,117
400,149,NaN,NaN
NaN,NaN,397,152
311,115,409,148
306,127,406,149
NaN,NaN,405,140
404,144,305,125
412,140,315,115
399,143,300,111
417,137,317,120
312,115,411,153
303,115,404,144
323,130,432,137
426,137,326,116
311,126,410,157
310,115,413,153
409,152,311,114
409,145,308,113
NaN,NaN,313,102
NaN,NaN,312,108
NaN,NaN,313,108
301,97,NaN,NaN
316,109,NaN,NaN
315,101,NaN,NaN
NaN,NaN,317,102
311,106,NaN,NaN
318,111,NaN,NaN
314,102,NaN,NaN
316,102,NaN,NaN
323,117,NaN,NaN
313,112,NaN,NaN
NaN,NaN,310,96
NaN,NaN,NaN,NaN
NaN,NaN,NaN,NaN
NaN,NaN,NaN,NaN
NaN,NaN,NaN,NaN
NaN,NaN,NaN,NaN
NaN,NaN,NaN,NaN
NaN,NaN,NaN,NaN
NaN,NaN,NaN,NaN
NaN,NaN,NaN,NaN
NaN,NaN,NaN,NaN
NaN,NaN,NaN,NaN
NaN,NaN,NaN,NaN
NaN,NaN,NaN,NaN
320,97,NaN,NaN
NaN,NaN,NaN,NaN
NaN,NaN,NaN,NaN
NaN,NaN,NaN,NaN
NaN,NaN,NaN,NaN
NaN,NaN,NaN,NaN
NaN,NaN,NaN,NaN
NaN,NaN,NaN,NaN
NaN,NaN,NaN,NaN
NaN,NaN,NaN,NaN
NaN,NaN,435,99
NaN,NaN,425,110
434,92,NaN,NaN
NaN,NaN,432,120
NaN,NaN,422,117
323,120,421,118
327,125,428,109
425,111,NaN,NaN
NaN,NaN,412,113
NaN,NaN,408,114
NaN,NaN,418,114
NaN,NaN,421,107
NaN,NaN,423,103
NaN,NaN,401,108
406,106,NaN,NaN
NaN,NaN,398,102
311,118,411,97
404,100,304,117
412,100,309,117
407,107,305,117
298,104,398,96
310,103,416,90
304,122,404,97
304,122,406,99
410,92,307,118
413,101,NaN,NaN
413,90,314,121
408,92,305,114
309,119,414,85
414,88,309,124
410,83,307,117
430,80,317,118
309,120,409,94
407,102,306,106
419,93,318,121
325,121,430,83
320,120,428,95
430,86,321,126
432,100,317,89
315,121,423,108
319,126,428,112
317,121,434,101
304,119,416,114
314,123,430,90
315,93,426,104
318,121,428,93
NaN,NaN,431,104
NaN,NaN,421,107
NaN,NaN,423,92
427,110,NaN,NaN
307,109,428,98
430,91,NaN,NaN
NaN,NaN,430,92
312,112,420,97
NaN,NaN,427,100
436,111,NaN,NaN
430,106,310,100
NaN,NaN,421,128
438,119,NaN,NaN
NaN,NaN,428,122
NaN,NaN,435,120
NaN,NaN,429,126
436,140,NaN,NaN
441,132,NaN,NaN
440,127,277,129
433,144,270,127
274,132,437,147
436,143,NaN,NaN
NaN,NaN,436,124
443,145,NaN,NaN
NaN,NaN,443,144
NaN,NaN,436,127
445,128,NaN,NaN
NaN,NaN,443,150
437,128,NaN,NaN
NaN,NaN,447,141
447,144,NaN,NaN
445,144,NaN,NaN
444,152,NaN,NaN
448,145,NaN,NaN
446,140,NaN,NaN
441,150,NaN,NaN
NaN,NaN,448,143
443,154,NaN,NaN
444,143,NaN,NaN
NaN,NaN,456,129
NaN,NaN,453,135
462,133,NaN,NaN
457,139,NaN,NaN
NaN,NaN,451,174
445,152,291,139
NaN,NaN,445,167
290,148,430,179
419,192,284,128
286,139,406,203
NaN,NaN,NaN,NaN
NaN,NaN,NaN,NaN
295,152,350,330
293,152,329,370
328,380,289,140
314,390,286,141
296,149,316,403
289,135,317,411
NaN,NaN,NaN,NaN
NaN,NaN,NaN,NaN
NaN,NaN,291,148
318,419,284,138
307,416,292,149
296,149,318,415
315,417,290,131
315,412,284,129
321,409,290,147
322,415,288,149
331,408,291,142
319,417,288,135
325,413,292,149
325,406,289,135
336,405,293,153
341,399,293,145
348,398,286,125
362,377,285,124
286,145,361,362
290,149,375,340
NaN,NaN,287,136
NaN,NaN,288,146
289,128,418,210
407,207,293,150
397,183,294,137
293,144,400,152
400,145,296,140
290,139,397,135
395,130,295,134
NaN,NaN,NaN,NaN
395,145,293,133
395,141,291,117
268,129,370,141
287,118,388,151
288,119,389,147
NaN,NaN,369,144
372,131,NaN,NaN
387,134,283,151
NaN,NaN,364,144
292,130,397,135
295,125,392,135
NaN,NaN,372,147
294,119,394,135
393,150,294,130
394,140,294,133
282,146,382,152
276,142,376,155
400,138,300,134
400,129,296,122
294,127,399,131
397,131,294,133
295,135,393,140
275,141,377,143
397,130,295,125
387,143,285,151
278,144,381,142
396,130,295,123
387,140,280,139
394,126,291,125
NaN,NaN,378,139
389,139,281,140
393,140,294,125
391,128,281,142
NaN,NaN,373,141
NaN,NaN,373,145
NaN,NaN,370,141
392,126,293,122
293,123,396,118
NaN,NaN,398,132
397,137,296,127
401,140,NaN,NaN
NaN,NaN,389,130
406,120,NaN,NaN
296,122,395,154
292,125,391,157
NaN,NaN,294,120
NaN,NaN,290,123
292,110,NaN,NaN
287,122,NaN,NaN
279,113,NaN,NaN
NaN,NaN,287,126
288,123,NaN,NaN
284,113,NaN,NaN
NaN,NaN,282,119
287,138,NaN,NaN
NaN,NaN,292,148
290,123,NaN,NaN
283,112,NaN,NaN
NaN,NaN,284,121
NaN,NaN,269,131
NaN,NaN,286,122
291,147,NaN,NaN
297,144,NaN,NaN
405,150,286,129
405,134,297,138
299,148,406,135
300,139,403,138
293,129,NaN,NaN
NaN,NaN,287,122
NaN,NaN,299,149
NaN,NaN,287,121
284,119,NaN,NaN
NaN,NaN,287,130
285,121,NaN,NaN
282,117,NaN,NaN
NaN,NaN,283,118
NaN,NaN,288,123
NaN,NaN,294,130
NaN,NaN,288,122
NaN,NaN,300,148
287,119,NaN,NaN
NaN,NaN,298,142
NaN,NaN,286,128
283,119,400,156
396,135,287,126
288,126,392,139
NaN,NaN,398,144
268,141,392,140
275,148,389,147
400,138,287,158
282,150,385,148
392,149,291,158
403,149,290,156
290,154,401,140
288,156,388,150
391,144,278,150
390,146,281,151
290,126,396,146
397,147,290,129
384,151,282,153
278,147,391,163
393,138,280,152
404,181,289,135
421,175,292,129
431,178,287,158
286,159,NaN,NaN
NaN,NaN,NaN,NaN
NaN,NaN,NaN,NaN
NaN,NaN,450,373
287,159,448,367
435,348,NaN,NaN
NaN,NaN,450,372
450,380,284,155
428,374,293,127
446,386,279,152
NaN,NaN,430,367
286,161,435,365
442,362,NaN,NaN
448,343,NaN,NaN
452,299,NaN,NaN
NaN,NaN,NaN,NaN
NaN,NaN,NaN,NaN
NaN,NaN,NaN,NaN
NaN,NaN,NaN,NaN
NaN,NaN,NaN,NaN
NaN,NaN,377,162
369,157,265,153
261,135,361,141
361,151,260,137
260,142,358,139
263,132,366,144
254,113,355,143
265,119,368,136
254,117,359,140
NaN,NaN,258,128
NaN,NaN,NaN,NaN
NaN,NaN,NaN,NaN
NaN,NaN,NaN,NaN
NaN,NaN,NaN,NaN
NaN,NaN,NaN,NaN
NaN,NaN,NaN,NaN
NaN,NaN,NaN,NaN
NaN,NaN,NaN,NaN
NaN,NaN,NaN,NaN
NaN,NaN,NaN,NaN
NaN,NaN,392,162
392,162,NaN,NaN
NaN,NaN,NaN,NaN
NaN,NaN,393,161
400,160,NaN,NaN
NaN,NaN,NaN,NaN
NaN,NaN,NaN,NaN
NaN,NaN,NaN,NaN
NaN,NaN,391,164
400,158,NaN,NaN
405,150,NaN,NaN
408,154,NaN,NaN
398,161,NaN,NaN
409,156,NaN,NaN
395,147,NaN,NaN
NaN,NaN,NaN,NaN
NaN,NaN,NaN,NaN
NaN,NaN,NaN,NaN
NaN,NaN,NaN,NaN
NaN,NaN,NaN,NaN
NaN,NaN,NaN,NaN
NaN,NaN,NaN,NaN
NaN,NaN,NaN,NaN
398,159,NaN,NaN
404,140,260,137
NaN,NaN,281,154
280,145,401,159
289,150,NaN,NaN
287,145,NaN,NaN
NaN,NaN,284,142
399,150,293,154
273,134,384,154
277,142,381,152
NaN,NaN,284,150
273,137,372,150
283,143,382,151
392,140,282,149
289,157,392,136
284,152,389,140
279,152,394,136
378,152,271,141
385,153,276,147
389,152,280,152
390,154,273,145
379,152,270,144
388,151,275,157
394,141,266,143
392,141,276,150
391,142,271,150
NaN,NaN,385,150
NaN,NaN,379,154
NaN,NaN,383,152
385,151,NaN,NaN
NaN,NaN,372,151
371,150,NaN,NaN
380,154,NaN,NaN
NaN,NaN,388,139
252,136,369,149
389,147,272,140
273,131,390,142
394,139,276,135
389,150,288,139
286,146,390,144
293,146,401,133
390,138,281,122
287,135,390,145
296,151,393,130
297,146,397,149
386,148,285,140
394,144,290,137
393,141,293,142
388,150,289,144
289,134,389,147
389,159,282,134
283,138,392,148
279,128,387,156
393,151,284,130
389,155,280,133
269,122,389,154
386,152,276,116
393,143,292,120
286,112,392,148
391,164,292,112
373,158,273,112
372,148,267,93
383,139,280,106
280,104,383,163
276,112,372,149
384,147,284,106
276,102,368,156
364,152,274,93
366,155,271,96
381,156,282,98
274,107,370,155
279,112,377,144
373,159,274,104
287,121,385,155
271,119,372,152
368,149,278,113
290,127,394,156
386,159,286,133
294,142,393,156
279,116,377,163
383,162,283,120
287,107,386,157
382,154,288,116
390,158,292,109
369,149,274,114
300,135,396,161
386,160,294,125
391,155,291,127
288,120,386,150
293,123,384,151
394,161,296,111
292,112,384,153
378,163,284,111
386,150,285,121
376,143,NaN,NaN
284,128,390,156
380,139,280,130
292,121,385,151
288,122,385,152
390,154,302,115
389,164,289,129
291,134,390,163
391,160,292,127
294,123,389,157
390,152,287,124
396,156,301,124
392,151,293,110
284,114,376,157
397,161,302,131
376,157,NaN,NaN
299,127,391,156
383,158,302,127
389,164,299,125
293,117,382,162
301,120,391,162
385,150,285,108
393,161,296,125
358,155,NaN,NaN
291,125,386,153
303,105,395,156
383,158,301,106
387,153,288,102
392,159,294,113
283,117,380,142
383,156,293,120
296,123,396,151
288,115,371,158
296,110,391,162
386,161,298,108
385,156,291,114
374,162,275,117
290,126,388,153
377,160,287,118
390,154,296,109
277,106,375,154
374,156,278,104
282,121,374,158
386,164,283,122
375,146,274,121
286,128,383,151
383,156,284,115
378,166,288,113
393,151,295,113
393,161,292,128
380,149,284,125
289,125,391,150
281,122,384,153
385,150,287,130
374,161,276,128
279,133,380,154
291,140,386,156
294,126,387,160
390,154,290,111
394,149,293,130
393,152,290,123
395,151,295,127
385,159,282,123
289,141,387,162
386,164,283,116
390,156,285,119
NaN,NaN,371,157
393,158,292,135
276,132,374,151
385,160,285,133
290,126,380,144
385,154,291,123
NaN,NaN,378,157
286,133,388,157
395,157,293,130
284,125,385,159
395,155,295,131
269,120,369,156
376,155,281,124
379,150,279,138
368,151,NaN,NaN
289,139,392,152
NaN,NaN,367,157
380,157,284,132
384,161,283,122
380,147,278,121
290,139,390,157
283,131,380,155
NaN,NaN,368,160
NaN,NaN,361,154
376,140,276,133
282,139,384,160
278,124,376,153
373,152,272,131
371,147,267,130
268,132,367,151
280,113,377,158
387,153,284,125
368,157,272,136
277,113,375,153
381,155,280,141
390,151,287,118
371,159,277,128
389,155,286,133
277,127,377,159
389,147,289,125
274,136,376,161
275,128,376,154
278,125,376,160
276,128,381,149
268,132,370,157
283,133,381,155
370,164,269,123
378,155,277,142
277,140,383,160
378,165,267,129
366,154,267,144
266,144,367,163
273,155,377,158
266,145,365,163
371,162,265,139
371,146,269,128
272,153,373,155
369,161,267,143
369,156,270,146
268,147,377,150
368,155,261,138
274,143,376,138
264,128,365,158
376,143,274,154
266,135,374,148
388,153,288,143
385,153,275,129
379,146,274,135
271,130,377,151
274,124,379,150
271,124,375,149
382,154,266,134
386,148,277,130
392,152,285,140
270,130,386,154
274,124,372,158
382,141,282,139
388,154,278,137
387,148,288,142
389,144,282,146
373,157,269,148
267,140,372,152
375,157,270,127
367,164,268,135
370,161,269,138
266,136,367,183
288,144,NaN,NaN
NaN,NaN,281,145
288,138,NaN,NaN
291,151,NaN,NaN
285,146,332,377
335,397,290,148
284,147,330,385
283,141,NaN,NaN
NaN,NaN,281,140
NaN,NaN,292,149
292,143,NaN,NaN
287,139,NaN,NaN
290,150,NaN,NaN
NaN,NaN,287,138
283,144,NaN,NaN
283,140,328,404
281,137,331,404
328,410,282,148
290,134,318,392
322,389,289,125
321,391,288,139
338,408,289,142
288,135,323,391
325,386,290,152
324,383,286,148
289,147,319,389
315,390,277,126
314,392,286,136
318,368,289,140
285,141,319,384
309,368,288,140
319,397,290,136
290,146,322,389
NaN,NaN,276,134
325,404,288,149
291,151,339,406
289,131,338,392
281,140,343,384
286,134,NaN,NaN
NaN,NaN,262,125
252,128,NaN,NaN
NaN,NaN,241,145
NaN,NaN,220,149
NaN,NaN,224,137
NaN,NaN,256,161
NaN,NaN,248,133
360,138,261,154
263,145,362,135
362,130,255,130
274,130,374,146
366,137,265,130
262,142,369,139
362,139,256,148
261,143,362,130
266,137,368,132
262,150,376,145
367,139,255,145
375,129,251,142
247,144,377,157
249,147,376,143
252,153,384,131
379,142,269,164
260,153,395,129
384,139,266,160
394,144,254,136
254,131,382,149
378,141,271,142
386,140,247,126
249,118,389,134
257,123,380,148
263,122,388,143
382,153,262,130
385,138,246,116
262,153,388,139
248,134,389,146
385,135,257,137
252,137,380,140
257,143,371,136
369,152,255,142
249,136,374,147
260,142,367,144
363,155,258,140
377,148,255,133
379,144,263,136
375,156,272,151
267,130,367,147
380,135,277,153
261,135,385,152
274,143,379,150
270,162,372,162
384,140,269,146
376,140,276,143
378,131,266,149
375,142,263,149
279,156,379,148
375,145,273,134
268,156,376,157
270,152,381,146
369,140,271,160
376,150,262,140
371,131,265,147
273,138,375,143
377,136,277,148
375,142,275,137
386,137,285,155
279,151,379,149
379,153,275,144
267,137,367,137
273,158,377,137
383,136,273,151
373,148,263,146
266,131,375,132
271,137,371,134
264,145,377,135
382,134,283,142
376,130,274,134
270,145,371,149
269,133,381,121
374,141,264,141
278,142,376,135
263,142,375,139
366,147,265,137
259,139,378,141
271,137,374,149
265,137,367,149
378,140,275,122
269,134,375,140
259,134,375,147
373,132,267,143
268,131,377,136
372,157,262,143
378,140,263,147
371,131,269,125
269,131,380,132
263,136,362,148
377,138,270,135
280,148,383,138
272,142,380,139
271,129,378,142
267,147,370,144
273,135,377,134
266,125,371,140
379,147,263,148
369,145,266,132
272,152,376,154
380,148,275,132
279,143,381,146
264,133,378,139
373,130,271,121
280,140,383,146
382,139,270,148
274,137,381,143
370,138,266,138
266,129,369,142
377,145,269,136
377,135,276,134
279,121,376,141
272,123,374,158
381,130,281,145
373,134,270,131
271,132,371,134
268,124,379,141
270,124,372,137
265,130,365,124
273,129,381,139
276,137,376,136
378,126,270,121
382,147,283,144
383,133,278,132
284,135,386,143
271,127,372,142
266,145,375,139
374,148,267,124
371,145,261,136
366,139,267,124
269,147,372,144
376,146,273,133
380,127,267,141
376,139,270,134
264,129,374,124
265,118,376,143
269,121,371,131
384,137,279,144
285,129,384,128
374,126,268,136
269,127,369,117
273,133,381,133
378,126,276,122
377,143,276,145
272,119,376,130
277,128,378,133
261,135,369,139
267,142,371,119
273,131,374,120
271,123,375,143
377,135,270,144
378,130,274,142
266,142,369,140
375,137,274,148
267,132,371,122
267,131,378,139
380,129,266,140
264,132,382,127
265,132,399,138
412,136,254,133
257,125,432,128
450,135,249,135
437,149,244,142
441,149,258,131
245,141,454,144
252,138,448,135
460,138,254,141
253,151,438,140
254,147,461,140
258,156,442,144
250,133,448,141
253,149,443,146
261,158,457,145
264,137,435,149
259,149,442,136
437,129,267,155
251,145,445,130
260,133,456,134
261,144,451,129
264,150,442,151
445,145,272,151
455,121,265,155
262,135,444,132
257,132,445,133
438,154,268,154
263,136,453,138
451,147,266,145
440,146,264,133
447,140,266,144
458,131,274,142
452,137,266,146
444,132,262,142
268,140,448,125
270,144,450,130
260,142,444,148
267,147,445,139
441,140,262,135
268,146,440,132
264,141,447,138
453,130,269,153
450,130,267,140
264,138,445,155
443,147,261,137
273,151,440,135
444,137,275,152
261,133,434,138
272,131,438,133
272,127,442,115
262,128,444,128
265,106,431,123
449,106,262,106
262,93,442,110
434,100,277,86
260,96,429,105
270,75,440,89
269,78,446,85
440,89,263,61
267,83,423,81
NaN,NaN,264,76
430,83,265,82
264,73,431,78
410,81,262,66
260,72,425,61
413,73,269,73
412,79,263,66
420,62,NaN,NaN
NaN,NaN,413,73
264,62,415,70
417,67,NaN,NaN
NaN,NaN,263,66
NaN,NaN,276,65
NaN,NaN,274,62
276,65,NaN,NaN
282,63,NaN,NaN
NaN,NaN,281,61
NaN,NaN,272,63
NaN,NaN,280,67
NaN,NaN,294,65
274,62,NaN,NaN
269,67,NaN,NaN
NaN,NaN,284,68
NaN,NaN,301,62
296,71,NaN,NaN
NaN,NaN,279,68
NaN,NaN,273,64
NaN,NaN,NaN,NaN
NaN,NaN,NaN,NaN
NaN,NaN,285,81
281,79,NaN,NaN
NaN,NaN,297,61
NaN,NaN,291,66
NaN,NaN,283,62
NaN,NaN,296,66
NaN,NaN,264,65
NaN,NaN,285,72
272,61,NaN,NaN
299,62,NaN,NaN
304,66,NaN,NaN
296,66,NaN,NaN
NaN,NaN,295,69
275,63,NaN,NaN
NaN,NaN,274,72
NaN,NaN,290,61
NaN,NaN,295,66
NaN,NaN,295,63
NaN,NaN,278,66
296,67,NaN,NaN
297,61,NaN,NaN
278,66,NaN,NaN
295,65,NaN,NaN
NaN,NaN,267,67
NaN,NaN,304,62
NaN,NaN,297,62
NaN,NaN,292,61
NaN,NaN,NaN,NaN
NaN,NaN,NaN,NaN
NaN,NaN,277,69
NaN,NaN,281,64
NaN,NaN,280,65
NaN,NaN,280,65
NaN,NaN,293,65
289,65,NaN,NaN
NaN,NaN,NaN,NaN
NaN,NaN,NaN,NaN
NaN,NaN,NaN,NaN
NaN,NaN,NaN,NaN
NaN,NaN,NaN,NaN
NaN,NaN,NaN,NaN
NaN,NaN,NaN,NaN
NaN,NaN,NaN,NaN
NaN,NaN,NaN,NaN
NaN,NaN,NaN,NaN
NaN,NaN,NaN,NaN
NaN,NaN,NaN,NaN
NaN,NaN,NaN,NaN
NaN,NaN,NaN,NaN
NaN,NaN,NaN,NaN
NaN,NaN,NaN,NaN
NaN,NaN,NaN,NaN
NaN,NaN,NaN,NaN
NaN,NaN,NaN,NaN
NaN,NaN,NaN,NaN
NaN,NaN,NaN,NaN
NaN,NaN,NaN,NaN
NaN,NaN,405,62
399,63,NaN,NaN
NaN,NaN,410,66
407,68,NaN,NaN
NaN,NaN,423,62
NaN,NaN,406,71
NaN,NaN,413,74
405,68,208,69
205,68,401,70
204,64,391,74
206,69,402,74
395,62,204,62
202,71,408,66
400,62,208,69
206,68,416,65
406,79,204,66
407,61,207,75
420,71,210,66
414,87,208,69
425,72,210,65
210,72,417,81
212,69,426,63
212,69,424,61
422,65,215,61
215,72,429,83
433,81,215,74
438,82,217,76
220,87,438,63
217,73,448,77
454,77,223,72
452,68,206,84
NaN,NaN,235,67
222,64,NaN,NaN
230,63,NaN,NaN
235,73,NaN,NaN
NaN,NaN,226,78
NaN,NaN,217,68
231,69,NaN,NaN
NaN,NaN,244,76
244,67,NaN,NaN
NaN,NaN,250,70
253,68,NaN,NaN
NaN,NaN,264,67
NaN,NaN,271,62
NaN,NaN,277,63
NaN,NaN,285,68
NaN,NaN,296,61
297,61,NaN,NaN
308,61,NaN,NaN
NaN,NaN,308,61
306,63,NaN,NaN
302,62,NaN,NaN
304,63,NaN,NaN
NaN,NaN,295,61
298,61,NaN,NaN
294,65,NaN,NaN
NaN,NaN,295,67
NaN,NaN,298,64
NaN,NaN,293,70
NaN,NaN,292,63
NaN,NaN,291,67
NaN,NaN,289,68
NaN,NaN,288,66
NaN,NaN,295,65
290,65,NaN,NaN
NaN,NaN,291,66
NaN,NaN,291,61
287,69,NaN,NaN
NaN,NaN,283,63
NaN,NaN,288,62
NaN,NaN,275,61
NaN,NaN,291,64
288,70,NaN,NaN
294,68,NaN,NaN
NaN,NaN,290,61
289,61,NaN,NaN
NaN,NaN,293,61
NaN,NaN,292,63
NaN,NaN,290,65
NaN,NaN,290,62
299,70,NaN,NaN
285,61,NaN,NaN
NaN,NaN,292,68
287,62,NaN,NaN
291,63,NaN,NaN
NaN,NaN,289,65
NaN,NaN,275,61
288,61,NaN,NaN
282,66,NaN,NaN
NaN,NaN,286,61
279,61,NaN,NaN
287,68,NaN,NaN
NaN,NaN,286,62
NaN,NaN,287,65
NaN,NaN,285,61
NaN,NaN,288,61
NaN,NaN,284,62
NaN,NaN,285,66
287,62,NaN,NaN
299,71,NaN,NaN
NaN,NaN,285,66
294,64,NaN,NaN
293,70,NaN,NaN
292,71,NaN,NaN
NaN,NaN,292,73
NaN,NaN,288,70
286,73,NaN,NaN
269,73,NaN,NaN
273,92,NaN,NaN
NaN,NaN,NaN,NaN
260,137,NaN,NaN
259,160,NaN,NaN
269,199,NaN,NaN
263,229,NaN,NaN
274,268,NaN,NaN
NaN,NaN,NaN,NaN
NaN,NaN,NaN,NaN
292,347,NaN,NaN
NaN,NaN,292,355
NaN,NaN,298,379
300,390,NaN,NaN
NaN,NaN,306,408
NaN,NaN,303,402
NaN,NaN,305,413
NaN,NaN,308,413
308,414,NaN,NaN
NaN,NaN,306,417
NaN,NaN,300,414
NaN,NaN,308,420
311,419,NaN,NaN
309,417,NaN,NaN
NaN,NaN,308,415
NaN,NaN,312,407
NaN,NaN,NaN,NaN
NaN,NaN,NaN,NaN
NaN,NaN,NaN,NaN
NaN,NaN,NaN,NaN
NaN,NaN,NaN,NaN
NaN,NaN,NaN,NaN
NaN,NaN,NaN,NaN
NaN,NaN,NaN,NaN
NaN,NaN,NaN,NaN
NaN,NaN,NaN,NaN
NaN,NaN,NaN,NaN
NaN,NaN,NaN,NaN
NaN,NaN,NaN,NaN
309,419,NaN,NaN
NaN,NaN,310,419
308,417,NaN,NaN
306,416,NaN,NaN
NaN,NaN,304,420
NaN,NaN,298,416
NaN,NaN,300,417
303,414,NaN,NaN
NaN,NaN,301,402
303,394,NaN,NaN
NaN,NaN,297,348
NaN,NaN,294,332
NaN,NaN,296,303
295,276,NaN,NaN
291,254,NaN,NaN
306,222,NaN,NaN
NaN,NaN,NaN,NaN
NaN,NaN,NaN,NaN
NaN,NaN,NaN,NaN
NaN,NaN,NaN,NaN
NaN,NaN,NaN,NaN
NaN,NaN,NaN,NaN
NaN,NaN,294,173
NaN,NaN,NaN,NaN
NaN,NaN,NaN,NaN
NaN,NaN,NaN,NaN
NaN,NaN,NaN,NaN
NaN,NaN,301,186
NaN,NaN,312,174
301,185,NaN,NaN
NaN,NaN,301,174
303,182,NaN,NaN
NaN,NaN,304,173
302,159,NaN,NaN
309,172,NaN,NaN
301,161,NaN,NaN
NaN,NaN,300,151
NaN,NaN,NaN,NaN
NaN,NaN,NaN,NaN
NaN,NaN,NaN,NaN
NaN,NaN,NaN,NaN
NaN,NaN,NaN,NaN
NaN,NaN,NaN,NaN
NaN,NaN,NaN,NaN
NaN,NaN,NaN,NaN
NaN,NaN,NaN,NaN
NaN,NaN,NaN,NaN
NaN,NaN,NaN,NaN
NaN,NaN,298,163
388,136,NaN,NaN
NaN,NaN,390,133
397,131,296,141
294,140,400,135
292,148,396,132
301,161,NaN,NaN
289,160,392,141
272,161,394,139
274,184,NaN,NaN
NaN,NaN,256,191
NaN,NaN,253,225
245,244,NaN,NaN
NaN,NaN,NaN,NaN
NaN,NaN,NaN,NaN
NaN,NaN,NaN,NaN
392,138,209,318
205,331,392,142
205,336,392,139
402,133,206,346
392,136,205,357
210,368,402,143
208,365,392,128
390,138,213,358
207,361,391,135
398,133,215,363
220,366,394,133
211,369,405,134
217,365,394,137
216,368,390,127
219,367,393,148
389,135,222,373
216,372,393,136
222,356,389,141
237,315,398,138
246,289,397,133
393,134,253,267
399,145,251,225
257,205,401,135
405,131,278,187
274,167,392,142
291,164,396,140
395,146,286,150
280,133,397,131
283,129,400,140
400,139,292,126
284,118,399,150
295,113,403,136
400,146,288,113
297,111,395,139
286,125,387,148
296,130,399,133
394,143,293,131
392,141,290,123
297,108,397,136
294,111,397,138
404,131,303,131
397,133,296,119
299,125,399,148
401,144,300,131
303,128,404,137
400,131,300,128
294,114,394,139
299,126,401,127
403,143,304,123
294,135,394,148
392,150,292,132
402,140,301,138
300,126,400,126
290,132,396,139
283,121,385,140
398,129,300,127
303,127,401,143
401,133,299,124
299,128,402,128
298,122,400,136
302,125,400,132
303,136,403,145
298,135,399,156
NaN,NaN,388,139
297,132,398,131
NaN,NaN,386,145
305,129,NaN,NaN
310,136,NaN,NaN
NaN,NaN,305,128
NaN,NaN,309,126
NaN,NaN,315,132
NaN,NaN,306,128
302,134,NaN,NaN
NaN,NaN,291,136
289,137,390,142
NaN,NaN,282,161
269,178,NaN,NaN
NaN,NaN,NaN,NaN
NaN,NaN,NaN,NaN
NaN,NaN,NaN,NaN
NaN,NaN,248,302
233,327,NaN,NaN
231,354,NaN,NaN
219,373,NaN,NaN
217,379,NaN,NaN
214,399,NaN,NaN
222,397,NaN,NaN
209,391,NaN,NaN
221,401,NaN,NaN
218,410,NaN,NaN
212,397,NaN,NaN
212,408,NaN,NaN
NaN,NaN,214,415
212,399,NaN,NaN
NaN,NaN,213,403
217,400,NaN,NaN
NaN,NaN,221,398
NaN,NaN,218,398
NaN,NaN,218,395
221,370,NaN,NaN
221,370,NaN,NaN
NaN,NaN,228,334
NaN,NaN,NaN,NaN
NaN,NaN,NaN,NaN
NaN,NaN,NaN,NaN
NaN,NaN,NaN,NaN
NaN,NaN,NaN,NaN
NaN,NaN,NaN,NaN
NaN,NaN,NaN,NaN
NaN,NaN,278,149
272,130,NaN,NaN
NaN,NaN,281,131
NaN,NaN,287,127
279,121,NaN,NaN
288,133,NaN,NaN
387,135,284,116
289,128,389,136
NaN,NaN,385,141
295,127,NaN,NaN
396,123,296,118
397,127,294,124
NaN,NaN,302,125
NaN,NaN,393,132
NaN,NaN,386,131
NaN,NaN,391,133
299,105,NaN,NaN
NaN,NaN,301,107
399,118,299,111
302,114,NaN,NaN
NaN,NaN,NaN,NaN
NaN,NaN,295,110
NaN,NaN,381,136
NaN,NaN,300,126
294,127,NaN,NaN
NaN,NaN,293,106
301,110,NaN,NaN
302,117,NaN,NaN
NaN,NaN,303,108
302,114,NaN,NaN
NaN,NaN,303,110
306,118,NaN,NaN
299,121,NaN,NaN
299,104,NaN,NaN
391,142,291,107
284,121,385,135
296,120,NaN,NaN
293,125,NaN,NaN
290,110,NaN,NaN
NaN,NaN,305,107
NaN,NaN,300,117
NaN,NaN,303,117
NaN,NaN,NaN,NaN
NaN,NaN,298,136
NaN,NaN,297,132
386,124,NaN,NaN
288,129,391,130
NaN,NaN,295,138
389,135,288,133
NaN,NaN,297,135
390,136,286,126
297,129,397,133
383,115,283,118
395,114,295,121
381,121,279,100
280,115,383,121
NaN,NaN,371,133
372,130,NaN,NaN
291,116,391,124
288,123,391,140
290,125,389,125
384,132,284,108
292,125,392,134
378,124,280,117
392,121,290,112
391,136,291,113
279,106,380,126
382,133,283,114
381,129,282,110
293,125,395,126
384,132,280,121
284,124,385,121
376,135,277,112
277,113,378,128
279,110,381,127
284,107,382,127
282,111,381,127
382,126,283,102
276,105,377,136
378,129,278,118
381,122,281,120
280,111,379,135
289,123,390,119
279,113,380,133
378,135,278,111
387,134,288,108
280,107,379,135
393,128,293,116
287,114,387,126
381,129,282,105
286,112,384,124
NaN,NaN,374,124
376,137,277,118
385,137,287,125
389,126,287,107
392,120,291,115
285,108,384,123
NaN,NaN,375,124
377,133,NaN,NaN
NaN,NaN,375,135
388,138,283,113
278,108,379,133
385,132,287,106
NaN,NaN,372,133
NaN,NaN,380,139
390,145,290,114
NaN,NaN,381,140
292,119,393,146
292,122,393,126
391,130,290,113
297,110,NaN,NaN
391,130,290,119
397,137,297,119
290,116,391,133
290,117,389,119
386,121,286,118
301,127,NaN,NaN
299,128,400,117
395,115,294,121
NaN,NaN,294,126
303,121,401,122
396,115,295,109
390,127,289,123
295,134,NaN,NaN
300,124,NaN,NaN
NaN,NaN,384,126
301,128,NaN,NaN
300,117,NaN,NaN
NaN,NaN,298,122
NaN,NaN,297,127
388,125,NaN,NaN
297,133,397,119
291,127,389,132
291,127,391,128
NaN,NaN,383,134
396,135,297,124
385,143,282,133
NaN,NaN,300,137
NaN,NaN,292,130
NaN,NaN,287,135
NaN,NaN,307,141
NaN,NaN,310,146
NaN,NaN,291,128
278,128,NaN,NaN
294,141,NaN,NaN
276,139,NaN,NaN
289,139,NaN,NaN
NaN,NaN,291,134
276,133,NaN,NaN
291,134,NaN,NaN
293,138,NaN,NaN
NaN,NaN,273,143
307,155,NaN,NaN
278,140,NaN,NaN
NaN,NaN,285,135
283,133,NaN,NaN
NaN,NaN,284,143
282,131,NaN,NaN
294,145,NaN,NaN
289,143,NaN,NaN
NaN,NaN,293,148
NaN,NaN,291,143
292,143,NaN,NaN
NaN,NaN,297,145
286,142,NaN,NaN
NaN,NaN,282,140
298,151,NaN,NaN
294,147,NaN,NaN
NaN,NaN,NaN,NaN
NaN,NaN,NaN,NaN
307,161,NaN,NaN
293,149,NaN,NaN
NaN,NaN,287,136
NaN,NaN,NaN,NaN
NaN,NaN,383,141
NaN,NaN,392,140
395,138,NaN,NaN
NaN,NaN,317,145
NaN,NaN,409,144
341,168,NaN,NaN
398,207,NaN,NaN
NaN,NaN,411,235
NaN,NaN,NaN,NaN
461,260,NaN,NaN
NaN,NaN,471,280
496,319,446,145
503,339,453,137
441,146,521,368
520,381,456,140
521,388,454,143
527,393,451,147
516,398,447,117
516,392,448,115
520,393,444,107
513,409,448,115
513,390,452,116
526,393,449,111
518,410,446,109
452,116,518,392
509,385,443,109
444,113,511,379
446,120,518,388
517,384,438,148
511,371,459,140
512,355,442,150
463,140,489,306
459,130,475,284
465,262,NaN,NaN
NaN,NaN,449,234
439,211,NaN,NaN
433,201,NaN,NaN
NaN,NaN,NaN,NaN
NaN,NaN,NaN,NaN
NaN,NaN,NaN,NaN
NaN,NaN,368,172
NaN,NaN,364,163
NaN,NaN,361,152
NaN,NaN,438,149
439,134,NaN,NaN
342,165,442,137
NaN,NaN,345,156
NaN,NaN,344,157
NaN,NaN,341,152
336,163,NaN,NaN
329,155,NaN,NaN
343,159,NaN,NaN
344,159,NaN,NaN
337,155,NaN,NaN
NaN,NaN,NaN,NaN
NaN,NaN,NaN,NaN
331,152,NaN,NaN
NaN,NaN,328,157
327,160,NaN,NaN
332,159,NaN,NaN
NaN,NaN,NaN,NaN
332,164,NaN,NaN
NaN,NaN,NaN,NaN
NaN,NaN,327,167
NaN,NaN,317,168
NaN,NaN,324,169
443,144,316,165
429,144,311,178
314,168,422,146
426,144,305,165
312,171,419,141
313,174,414,145
420,136,317,167
420,140,308,170
306,172,428,137
310,178,427,133
321,185,430,143
310,170,437,137
309,177,425,130
444,154,307,180
NaN,NaN,477,133
479,124,306,188
500,143,316,183
311,180,524,173
313,190,530,193
310,190,540,221
NaN,NaN,537,260
NaN,NaN,540,288
556,304,311,182
537,315,316,186
318,187,540,344
315,193,532,341
310,175,536,363
316,187,537,380
311,178,532,375
295,184,532,369
525,364,312,177
525,365,314,202
320,190,532,368
311,182,527,377
315,189,530,368
531,377,313,181
296,190,523,364
529,364,321,187
532,368,298,188
309,179,527,367
314,177,537,364
535,358,313,186
298,188,545,344
313,183,551,352
571,357,312,176
577,328,311,180
569,292,NaN,NaN
NaN,NaN,590,273
NaN,NaN,586,247
NaN,NaN,555,227
NaN,NaN,545,204
545,175,NaN,NaN
520,161,NaN,NaN
505,165,NaN,NaN
498,159,NaN,NaN
NaN,NaN,488,170
NaN,NaN,486,162
478,178,NaN,NaN
NaN,NaN,483,167
NaN,NaN,481,170
NaN,NaN,480,167
476,179,NaN,NaN
NaN,NaN,473,173
470,192,NaN,NaN
464,188,NaN,NaN
NaN,NaN,467,186
474,191,NaN,NaN
462,177,NaN,NaN
478,192,NaN,NaN
NaN,NaN,461,196
469,173,NaN,NaN
NaN,NaN,476,193
NaN,NaN,NaN,NaN
NaN,NaN,NaN,NaN
NaN,NaN,NaN,NaN
NaN,NaN,NaN,NaN
NaN,NaN,NaN,NaN
NaN,NaN,NaN,NaN
NaN,NaN,NaN,NaN
NaN,NaN,NaN,NaN
NaN,NaN,NaN,NaN
NaN,NaN,NaN,NaN
NaN,NaN,NaN,NaN
NaN,NaN,NaN,NaN
NaN,NaN,NaN,NaN
216,320,NaN,NaN
218,363,NaN,NaN
NaN,NaN,221,368
216,370,NaN,NaN
211,369,NaN,NaN
215,372,NaN,NaN
NaN,NaN,212,369
211,369,NaN,NaN
214,369,NaN,NaN
NaN,NaN,214,374
NaN,NaN,213,377
210,378,NaN,NaN
NaN,NaN,218,384
212,374,NaN,NaN
NaN,NaN,211,381
215,391,NaN,NaN
218,396,NaN,NaN
NaN,NaN,215,384
NaN,NaN,224,389
NaN,NaN,211,386
NaN,NaN,212,383
NaN,NaN,227,385
223,390,NaN,NaN
209,386,NaN,NaN
217,381,NaN,NaN
NaN,NaN,218,394
NaN,NaN,211,398
NaN,NaN,215,385
NaN,NaN,224,374
210,342,NaN,NaN
NaN,NaN,216,347
216,302,486,172
NaN,NaN,NaN,NaN
NaN,NaN,NaN,NaN
NaN,NaN,NaN,NaN
NaN,NaN,NaN,NaN
NaN,NaN,NaN,NaN
NaN,NaN,NaN,NaN
NaN,NaN,NaN,NaN
NaN,NaN,NaN,NaN
NaN,NaN,NaN,NaN
307,156,NaN,NaN
314,156,NaN,NaN
NaN,NaN,330,170
336,169,NaN,NaN
NaN,NaN,341,176
353,171,NaN,NaN
NaN,NaN,347,160
339,146,NaN,NaN
NaN,NaN,359,157
NaN,NaN,353,148
364,155,NaN,NaN
353,147,NaN,NaN
NaN,NaN,359,151
359,153,NaN,NaN
NaN,NaN,350,140
NaN,NaN,353,151
343,141,NaN,NaN
NaN,NaN,332,135
345,134,NaN,NaN
340,143,NaN,NaN
NaN,NaN,350,138
339,134,439,155
NaN,NaN,345,146
333,139,439,166
340,136,437,163
342,134,441,159
338,130,438,166
335,146,435,163
339,137,437,159
338,137,437,151
341,137,NaN,NaN
NaN,NaN,333,142
NaN,NaN,335,145
347,136,447,162
335,139,437,172
444,163,340,145
443,162,342,154
333,139,441,167
333,135,NaN,NaN
426,155,323,133
435,156,333,135
439,162,329,137
NaN,NaN,339,133
438,160,336,139
351,138,NaN,NaN
NaN,NaN,428,153
448,160,345,133
340,138,442,172
436,158,336,134
442,156,343,137
439,154,339,137
436,170,335,135
441,165,342,144
342,137,444,149
451,158,347,143
335,142,435,148
340,140,440,158
NaN,NaN,431,156
339,150,439,159
NaN,NaN,431,156
NaN,NaN,428,149
443,149,344,154
442,146,342,147
NaN,NaN,435,143
436,155,NaN,NaN
426,149,NaN,NaN
NaN,NaN,430,153
NaN,NaN,435,150
NaN,NaN,432,149
432,147,NaN,NaN
NaN,NaN,409,155
NaN,NaN,NaN,NaN
340,139,NaN,NaN
NaN,NaN,NaN,NaN
NaN,NaN,NaN,NaN
NaN,NaN,341,138
NaN,NaN,336,131
NaN,NaN,NaN,NaN
NaN,NaN,340,140
NaN,NaN,NaN,NaN
NaN,NaN,NaN,NaN
NaN,NaN,NaN,NaN
NaN,NaN,335,131
NaN,NaN,334,131
NaN,NaN,335,139
338,133,NaN,NaN
NaN,NaN,345,129
NaN,NaN,432,147
345,125,447,149
342,138,443,157
NaN,NaN,438,156
340,133,444,158
439,161,340,133
NaN,NaN,423,159
NaN,NaN,347,132
NaN,NaN,342,138
342,136,NaN,NaN
NaN,NaN,NaN,NaN
339,132,NaN,NaN
NaN,NaN,345,141
NaN,NaN,NaN,NaN
NaN,NaN,NaN,NaN
344,140,NaN,NaN
NaN,NaN,343,136
NaN,NaN,345,136
NaN,NaN,NaN,NaN
NaN,NaN,342,143
NaN,NaN,339,137
340,130,NaN,NaN
NaN,NaN,344,145
NaN,NaN,344,143
NaN,NaN,NaN,NaN
348,152,NaN,NaN
NaN,NaN,346,149
NaN,NaN,NaN,NaN
NaN,NaN,NaN,NaN
444,153,NaN,NaN
NaN,NaN,NaN,NaN
NaN,NaN,NaN,NaN
NaN,NaN,NaN,NaN
NaN,NaN,NaN,NaN
NaN,NaN,NaN,NaN
NaN,NaN,NaN,NaN
NaN,NaN,NaN,NaN
NaN,NaN,427,142
427,141,NaN,NaN
NaN,NaN,425,140
448,142,348,157
NaN,NaN,347,155
NaN,NaN,NaN,NaN
NaN,NaN,NaN,NaN
NaN,NaN,NaN,NaN
NaN,NaN,444,156
NaN,NaN,446,136
NaN,NaN,NaN,NaN
NaN,NaN,NaN,NaN
NaN,NaN,NaN,NaN
NaN,NaN,NaN,NaN
NaN,NaN,364,155
NaN,NaN,370,152
NaN,NaN,438,155
445,145,NaN,NaN
357,156,NaN,NaN
NaN,NaN,NaN,NaN
NaN,NaN,NaN,NaN
NaN,NaN,NaN,NaN
NaN,NaN,NaN,NaN
NaN,NaN,NaN,NaN
NaN,NaN,445,153
NaN,NaN,441,157
NaN,NaN,NaN,NaN
NaN,NaN,NaN,NaN
NaN,NaN,NaN,NaN
NaN,NaN,NaN,NaN
NaN,NaN,NaN,NaN
NaN,NaN,NaN,NaN
NaN,NaN,NaN,NaN
NaN,NaN,NaN,NaN
NaN,NaN,NaN,NaN
NaN,NaN,NaN,NaN
NaN,NaN,NaN,NaN
NaN,NaN,NaN,NaN
NaN,NaN,NaN,NaN
NaN,NaN,NaN,NaN
NaN,NaN,NaN,NaN
NaN,NaN,371,155
NaN,NaN,NaN,NaN
NaN,NaN,NaN,NaN
NaN,NaN,NaN,NaN
NaN,NaN,NaN,NaN
370,149,NaN,NaN
NaN,NaN,NaN,NaN
NaN,NaN,NaN,NaN
NaN,NaN,NaN,NaN
NaN,NaN,NaN,NaN
NaN,NaN,NaN,NaN
NaN,NaN,440,160
432,143,NaN,NaN
NaN,NaN,356,142
NaN,NaN,NaN,NaN
NaN,NaN,NaN,NaN
NaN,NaN,358,133
NaN,NaN,439,142
NaN,NaN,437,139
NaN,NaN,437,141
NaN,NaN,NaN,NaN
NaN,NaN,NaN,NaN
NaN,NaN,NaN,NaN
NaN,NaN,NaN,NaN
NaN,NaN,NaN,NaN
NaN,NaN,NaN,NaN
NaN,NaN,NaN,NaN
NaN,NaN,NaN,NaN
NaN,NaN,NaN,NaN
351,139,NaN,NaN
NaN,NaN,NaN,NaN
NaN,NaN,351,146
NaN,NaN,352,139
NaN,NaN,NaN,NaN
NaN,NaN,NaN,NaN
NaN,NaN,NaN,NaN
NaN,NaN,NaN,NaN
NaN,NaN,NaN,NaN
NaN,NaN,NaN,NaN
NaN,NaN,NaN,NaN
NaN,NaN,NaN,NaN
NaN,NaN,NaN,NaN
NaN,NaN,NaN,NaN
NaN,NaN,NaN,NaN
NaN,NaN,NaN,NaN
NaN,NaN,NaN,NaN
NaN,NaN,350,119
366,117,NaN,NaN
NaN,NaN,NaN,NaN
NaN,NaN,365,112
NaN,NaN,364,109
368,115,NaN,NaN
NaN,NaN,NaN,NaN
NaN,NaN,NaN,NaN
NaN,NaN,NaN,NaN
NaN,NaN,NaN,NaN
NaN,NaN,NaN,NaN
NaN,NaN,NaN,NaN
NaN,NaN,NaN,NaN
NaN,NaN,NaN,NaN
NaN,NaN,NaN,NaN
NaN,NaN,NaN,NaN
NaN,NaN,NaN,NaN
NaN,NaN,NaN,NaN
NaN,NaN,NaN,NaN
NaN,NaN,NaN,NaN
NaN,NaN,NaN,NaN
NaN,NaN,NaN,NaN
NaN,NaN,NaN,NaN
NaN,NaN,NaN,NaN
NaN,NaN,NaN,NaN
NaN,NaN,NaN,NaN
NaN,NaN,NaN,NaN
NaN,NaN,NaN,NaN
NaN,NaN,NaN,NaN
NaN,NaN,NaN,NaN
NaN,NaN,NaN,NaN
NaN,NaN,NaN,NaN
NaN,NaN,NaN,NaN
NaN,NaN,NaN,NaN
NaN,NaN,NaN,NaN
NaN,NaN,NaN,NaN
NaN,NaN,NaN,NaN
NaN,NaN,NaN,NaN
NaN,NaN,NaN,NaN
NaN,NaN,NaN,NaN
NaN,NaN,NaN,NaN
NaN,NaN,NaN,NaN
NaN,NaN,NaN,NaN
NaN,NaN,NaN,NaN
331,182,NaN,NaN
NaN,NaN,NaN,NaN
NaN,NaN,338,182
344,185,NaN,NaN
NaN,NaN,340,183
357,173,NaN,NaN
NaN,NaN,355,164
NaN,NaN,348,172
343,170,NaN,NaN
350,170,NaN,NaN
NaN,NaN,344,164
NaN,NaN,348,153
NaN,NaN,350,158
NaN,NaN,352,163
NaN,NaN,353,161
354,162,NaN,NaN
347,157,NaN,NaN
349,155,NaN,NaN
NaN,NaN,353,164
349,159,NaN,NaN
NaN,NaN,353,163
NaN,NaN,349,164
362,178,NaN,NaN
354,177,NaN,NaN
353,169,NaN,NaN
350,169,NaN,NaN
347,174,NaN,NaN
345,176,NaN,NaN
NaN,NaN,334,163
NaN,NaN,343,183
335,167,NaN,NaN
341,173,NaN,NaN
343,177,NaN,NaN
334,168,NaN,NaN
340,173,NaN,NaN
NaN,NaN,NaN,NaN
NaN,NaN,NaN,NaN
NaN,NaN,NaN,NaN
NaN,NaN,NaN,NaN
NaN,NaN,NaN,NaN
NaN,NaN,343,175
NaN,NaN,338,173
NaN,NaN,338,175
NaN,NaN,347,178
337,175,NaN,NaN
348,176,NaN,NaN
NaN,NaN,340,152
NaN,NaN,345,171
NaN,NaN,349,168
NaN,NaN,353,169
NaN,NaN,351,162
351,159,NaN,NaN
348,140,449,147
440,160,337,132
447,140,346,147
351,151,NaN,NaN
348,160,448,144
436,146,336,130
NaN,NaN,328,127
NaN,NaN,NaN,NaN
NaN,NaN,343,155
NaN,NaN,325,140
NaN,NaN,319,137
321,147,NaN,NaN
345,152,NaN,NaN
325,173,NaN,NaN
NaN,NaN,NaN,NaN
NaN,NaN,NaN,NaN
NaN,NaN,NaN,NaN
NaN,NaN,NaN,NaN
NaN,NaN,NaN,NaN
315,295,NaN,NaN
324,337,NaN,NaN
NaN,NaN,NaN,NaN
NaN,NaN,326,372
NaN,NaN,NaN,NaN
NaN,NaN,326,387
320,388,NaN,NaN
NaN,NaN,320,396
318,387,NaN,NaN
NaN,NaN,315,384
317,383,NaN,NaN
NaN,NaN,320,393
NaN,NaN,319,396
314,389,NaN,NaN
310,394,NaN,NaN
306,380,NaN,NaN
311,394,NaN,NaN
313,400,NaN,NaN
312,402,NaN,NaN
321,404,NaN,NaN
NaN,NaN,310,398
305,398,NaN,NaN
NaN,NaN,316,399
NaN,NaN,313,397
NaN,NaN,313,395
NaN,NaN,302,373
NaN,NaN,303,367
NaN,NaN,303,366
300,353,NaN,NaN
NaN,NaN,297,346
NaN,NaN,298,333
NaN,NaN,304,327
NaN,NaN,299,309
299,279,NaN,NaN
NaN,NaN,NaN,NaN
NaN,NaN,NaN,NaN
NaN,NaN,NaN,NaN
NaN,NaN,NaN,NaN
NaN,NaN,NaN,NaN
NaN,NaN,NaN,NaN
NaN,NaN,NaN,NaN
NaN,NaN,NaN,NaN
NaN,NaN,NaN,NaN
NaN,NaN,NaN,NaN
NaN,NaN,NaN,NaN
NaN,NaN,NaN,NaN
NaN,NaN,NaN,NaN
NaN,NaN,NaN,NaN
NaN,NaN,NaN,NaN
319,172,NaN,NaN
NaN,NaN,314,171
314,167,NaN,NaN
NaN,NaN,NaN,NaN
318,167,NaN,NaN
397,158,NaN,NaN
NaN,NaN,393,156
393,153,NaN,NaN
NaN,NaN,400,157
NaN,NaN,391,149
386,156,NaN,NaN
392,153,NaN,NaN
NaN,NaN,395,155
NaN,NaN,388,152
382,151,NaN,NaN
388,143,NaN,NaN
397,153,NaN,NaN
393,152,NaN,NaN
NaN,NaN,390,148
NaN,NaN,402,155
NaN,NaN,397,155
403,152,NaN,NaN
NaN,NaN,385,146
395,150,NaN,NaN
390,146,NaN,NaN
NaN,NaN,405,153
395,148,NaN,NaN
390,150,NaN,NaN
396,154,NaN,NaN
NaN,NaN,391,147
385,146,NaN,NaN
NaN,NaN,NaN,NaN
NaN,NaN,NaN,NaN
NaN,NaN,392,151
388,152,NaN,NaN
NaN,NaN,395,153
NaN,NaN,382,151
308,140,NaN,NaN
387,151,NaN,NaN
NaN,NaN,390,151
383,149,NaN,NaN
385,152,NaN,NaN
NaN,NaN,390,151
380,154,NaN,NaN
310,146,NaN,NaN
NaN,NaN,307,147
NaN,NaN,308,136
315,145,NaN,NaN
312,132,NaN,NaN
NaN,NaN,NaN,NaN
319,136,NaN,NaN
312,135,NaN,NaN
NaN,NaN,319,140
NaN,NaN,314,142
NaN,NaN,310,140
304,129,NaN,NaN
NaN,NaN,299,129
309,137,409,133
316,136,419,125
427,124,326,129
425,127,326,124
315,116,420,125
309,121,411,124
NaN,NaN,307,115
318,102,421,145
323,103,430,109
306,93,414,124
432,136,330,97
320,83,423,137
331,95,430,135
329,89,429,102
336,85,437,103
317,78,423,106
328,80,427,115
424,117,324,75
422,119,321,85
437,104,334,84
426,116,329,81
324,89,424,124
322,96,420,115
337,106,437,103
438,98,335,104
432,103,321,96
325,84,428,113
322,107,434,109
321,87,422,99
322,91,422,113
420,111,319,92
413,106,313,80
NaN,NaN,317,93
418,96,316,98
NaN,NaN,317,100
NaN,NaN,338,95
311,97,NaN,NaN
321,81,NaN,NaN
311,87,NaN,NaN
NaN,NaN,313,99
292,106,NaN,NaN
289,117,NaN,NaN
NaN,NaN,NaN,NaN
NaN,NaN,NaN,NaN
NaN,NaN,NaN,NaN
NaN,NaN,NaN,NaN
NaN,NaN,NaN,NaN
NaN,NaN,NaN,NaN
240,326,NaN,NaN
NaN,NaN,231,319
NaN,NaN,220,352
NaN,NaN,224,363
NaN,NaN,210,376
211,366,NaN,NaN
NaN,NaN,213,384
211,389,NaN,NaN
NaN,NaN,217,379
214,380,NaN,NaN
223,379,NaN,NaN
227,385,NaN,NaN
NaN,NaN,217,392
221,396,NaN,NaN
NaN,NaN,222,395
NaN,NaN,211,387
215,388,NaN,NaN
NaN,NaN,225,389
216,390,NaN,NaN
220,391,NaN,NaN
217,388,NaN,NaN
217,395,NaN,NaN
NaN,NaN,205,375
223,378,NaN,NaN
222,382,NaN,NaN
221,371,NaN,NaN
NaN,NaN,224,332
225,318,NaN,NaN
NaN,NaN,242,286
NaN,NaN,NaN,NaN
NaN,NaN,NaN,NaN
NaN,NaN,NaN,NaN
NaN,NaN,NaN,NaN
NaN,NaN,NaN,NaN
NaN,NaN,NaN,NaN
NaN,NaN,NaN,NaN
NaN,NaN,NaN,NaN
NaN,NaN,297,123
NaN,NaN,300,119
299,120,NaN,NaN
NaN,NaN,300,120
294,121,NaN,NaN
NaN,NaN,NaN,NaN
NaN,NaN,NaN,NaN
NaN,NaN,NaN,NaN
NaN,NaN,NaN,NaN
NaN,NaN,302,130
301,122,NaN,NaN
NaN,NaN,NaN,NaN
298,122,NaN,NaN
NaN,NaN,299,118
302,116,NaN,NaN
NaN,NaN,NaN,NaN
NaN,NaN,298,112
298,108,NaN,NaN
NaN,NaN,298,110
305,113,NaN,NaN
NaN,NaN,311,114
NaN,NaN,NaN,NaN
NaN,NaN,300,115
NaN,NaN,318,119
NaN,NaN,301,99
301,101,NaN,NaN
301,102,NaN,NaN
NaN,NaN,305,97
NaN,NaN,302,109
399,108,296,99
410,119,306,94
400,111,299,93
422,104,315,106
420,96,317,105
416,117,306,115
426,104,303,100
312,95,424,88
NaN,NaN,316,102
424,88,313,98
NaN,NaN,319,112
308,101,423,94
317,100,427,109
312,105,415,111
421,87,306,99
318,102,421,96
316,104,423,82
440,104,333,114
328,119,448,87
329,121,450,98
447,105,329,117
444,85,315,110
322,116,452,113
444,106,326,125
317,107,444,103
333,117,445,102
448,111,337,123
439,109,329,133
446,115,328,117
445,116,326,116
323,117,449,108
448,102,335,119
328,126,451,93
444,100,341,121
450,84,339,125
446,88,325,128
327,112,467,90
337,119,455,90
333,124,436,87
415,103,312,103
319,117,423,108
305,108,425,108
302,108,422,100
415,106,316,113
418,94,307,100
326,120,427,109
321,92,423,86
313,70,421,100
342,64,448,80
NaN,NaN,436,104
NaN,NaN,NaN,NaN
NaN,NaN,NaN,NaN
NaN,NaN,NaN,NaN
NaN,NaN,NaN,NaN
NaN,NaN,NaN,NaN
NaN,NaN,NaN,NaN
NaN,NaN,NaN,NaN
NaN,NaN,NaN,NaN
NaN,NaN,NaN,NaN
NaN,NaN,NaN,NaN
NaN,NaN,NaN,NaN
NaN,NaN,NaN,NaN
NaN,NaN,NaN,NaN
NaN,NaN,NaN,NaN
NaN,NaN,NaN,NaN
NaN,NaN,NaN,NaN
NaN,NaN,NaN,NaN
NaN,NaN,NaN,NaN
NaN,NaN,NaN,NaN
NaN,NaN,NaN,NaN
NaN,NaN,NaN,NaN
NaN,NaN,NaN,NaN
NaN,NaN,NaN,NaN
NaN,NaN,NaN,NaN
NaN,NaN,NaN,NaN
NaN,NaN,429,100
NaN,NaN,429,100
237,63,NaN,NaN
NaN,NaN,211,101
NaN,NaN,NaN,NaN
NaN,NaN,NaN,NaN
NaN,NaN,NaN,NaN
NaN,NaN,224,355
NaN,NaN,225,374
NaN,NaN,214,389
NaN,NaN,219,392
NaN,NaN,NaN,NaN
NaN,NaN,211,379
217,404,NaN,NaN
NaN,NaN,213,400
214,399,NaN,NaN
210,396,NaN,NaN
213,399,NaN,NaN
NaN,NaN,205,404
NaN,NaN,207,408
NaN,NaN,209,401
NaN,NaN,206,407
NaN,NaN,211,399
203,408,NaN,NaN
NaN,NaN,214,392
213,392,431,105
202,392,NaN,NaN
213,406,NaN,NaN
NaN,NaN,215,396
208,396,430,98
NaN,NaN,217,374
NaN,NaN,221,358
NaN,NaN,222,338
NaN,NaN,NaN,NaN
NaN,NaN,NaN,NaN
NaN,NaN,NaN,NaN
NaN,NaN,NaN,NaN
273,175,NaN,NaN
284,149,441,118
300,139,443,93
301,131,425,111
316,121,422,119
319,117,441,123
318,114,440,124
321,122,425,117
320,126,443,111
324,132,439,99
459,97,325,129
437,118,323,135
440,119,318,125
332,137,449,117
444,119,323,128
445,126,326,130
443,119,NaN,NaN
NaN,NaN,443,115
330,134,442,117
433,122,332,134
445,114,332,145
335,143,436,116
326,134,440,120
328,135,435,115
324,135,450,104
330,143,450,109
332,138,437,108
440,120,NaN,NaN
NaN,NaN,444,122
NaN,NaN,438,125
NaN,NaN,441,120
445,119,NaN,NaN
443,116,NaN,NaN
NaN,NaN,438,123
437,129,NaN,NaN
443,126,NaN,NaN
437,128,NaN,NaN
440,131,NaN,NaN
NaN,NaN,437,129
NaN,NaN,439,102
439,133,NaN,NaN
NaN,NaN,442,128
436,130,NaN,NaN
438,114,NaN,NaN
439,128,NaN,NaN
NaN,NaN,447,124
438,120,NaN,NaN
440,128,NaN,NaN
NaN,NaN,433,116
NaN,NaN,429,119
422,128,NaN,NaN
433,121,NaN,NaN
NaN,NaN,440,124
NaN,NaN,437,122
435,121,NaN,NaN
447,119,345,143
329,132,433,118
428,126,329,141
435,118,331,139
437,116,329,133
440,121,NaN,NaN
NaN,NaN,431,125
NaN,NaN,436,118
NaN,NaN,435,126
NaN,NaN,440,122
436,110,NaN,NaN
NaN,NaN,446,117
425,119,NaN,NaN
424,121,323,134
436,111,NaN,NaN
429,119,329,141
NaN,NaN,439,116
320,139,431,113
430,99,314,142
327,151,433,112
435,122,304,139
321,147,436,121
443,121,307,131
319,137,440,125
312,143,435,126
313,127,436,120
321,158,438,119
439,122,316,157
316,161,443,118
305,139,442,123
447,119,320,146
320,142,442,120
319,141,442,125
325,125,435,105
321,121,439,117
439,117,325,155
436,120,323,155
442,118,309,139
436,121,308,130
443,115,315,132
438,117,317,137
322,126,439,124
327,125,435,125
441,120,319,138
438,120,321,147
305,128,440,118
314,128,431,120
434,119,320,135
435,119,326,129
442,121,318,121
435,126,329,120
434,123,332,148
329,135,440,120
433,120,320,153
458,110,322,150
435,122,328,137
309,135,438,118
317,128,417,120
435,98,327,123
421,121,318,139
326,143,436,128
325,146,441,114
322,142,438,125
324,143,448,124
432,129,324,138
443,123,317,123
330,122,437,125
432,124,318,125
451,121,331,146
323,143,436,116
434,120,333,151
329,140,425,130
332,153,434,124
440,125,341,141
442,120,330,129
328,125,443,120
316,118,419,118
317,111,418,122
442,130,341,123
419,114,319,115
435,129,331,142
434,125,336,136
442,127,341,144
335,140,NaN,NaN
335,126,437,127
422,107,320,125
439,131,329,123
436,131,336,124
332,120,435,124
328,140,428,130
429,125,327,120
NaN,NaN,342,131
330,129,433,121
328,126,431,123
438,113,338,137
455,117,355,137
338,125,449,117
333,122,437,114
329,121,433,115
431,120,329,112
444,118,339,136
344,142,443,114
433,126,328,125
436,113,336,145
338,123,442,118
324,125,436,116
448,110,334,126
328,129,440,106
441,112,328,135
334,137,437,97
323,128,423,117
331,121,439,97
444,96,339,119
444,95,342,141
326,128,435,94
504,61,391,128
328,134,433,104
475,77,362,140
437,97,337,142
481,78,380,142
459,94,359,133
471,86,344,131
357,134,471,85
459,93,356,135
366,139,469,81
374,136,469,78
473,76,346,143
457,90,344,155
426,102,327,137
454,77,342,140
450,82,347,151
329,129,430,101
348,142,454,91
337,136,448,92
455,98,350,145
478,87,377,145
325,126,451,98
342,142,443,123
331,134,451,98
434,120,321,111
449,113,339,138
418,133,318,96
345,125,454,119
441,123,322,98
439,121,321,84
442,113,340,89
435,116,327,92
336,78,435,111
325,80,426,113
429,115,329,101
440,102,336,80
329,80,429,111
330,81,439,103
332,77,432,91
430,106,325,79
334,81,433,118
437,110,325,72
436,114,332,83
433,109,328,88
336,80,438,113
323,74,429,108
314,96,430,75
429,75,325,107
NaN,NaN,319,99
328,100,NaN,NaN
327,108,NaN,NaN
NaN,NaN,328,110
NaN,NaN,327,112
NaN,NaN,322,111
NaN,NaN,330,107
NaN,NaN,324,109
322,111,NaN,NaN
NaN,NaN,332,111
NaN,NaN,325,116
NaN,NaN,313,110
NaN,NaN,330,112
322,103,NaN,NaN
321,104,NaN,NaN
324,125,NaN,NaN
319,125,NaN,NaN
320,107,NaN,NaN
328,119,NaN,NaN
323,113,NaN,NaN
325,112,NaN,NaN
315,111,421,111
413,118,313,109
NaN,NaN,324,110
322,111,NaN,NaN
316,97,419,95
426,82,326,123
418,118,313,106
321,107,419,90
312,107,413,96
408,111,308,128
412,106,305,129
284,153,413,97
NaN,NaN,412,98
409,103,NaN,NaN
229,236,410,110
198,273,399,101
413,91,170,314
411,95,139,333
408,101,137,350
133,357,NaN,NaN
414,94,134,362
413,112,119,387
132,375,408,102
412,111,123,395
409,102,120,393
116,395,NaN,NaN
413,116,118,401
120,412,411,106
115,403,421,90
127,383,407,105
409,114,115,398
NaN,NaN,122,392
413,114,114,395
109,399,416,115
112,396,416,104
104,394,418,96
412,117,110,386
412,117,102,379
89,385,413,112
412,109,101,348
124,321,NaN,NaN
410,111,147,292
415,104,170,279
182,207,412,115
190,179,418,104
NaN,NaN,217,139
224,132,420,94
NaN,NaN,242,126
281,131,NaN,NaN
NaN,NaN,285,122
NaN,NaN,277,107
274,101,NaN,NaN
288,96,NaN,NaN
385,135,285,106
275,99,382,132
292,98,NaN,NaN
380,130,280,106
381,133,281,95
297,108,NaN,NaN
382,129,277,103
284,98,NaN,NaN
383,130,278,102
NaN,NaN,302,110
NaN,NaN,290,103
NaN,NaN,301,109
NaN,NaN,297,102
293,97,NaN,NaN
300,104,NaN,NaN
NaN,NaN,282,101
284,100,NaN,NaN
NaN,NaN,299,102
284,98,382,132
291,104,NaN,NaN
NaN,NaN,297,94
NaN,NaN,285,93
277,95,377,131
298,104,NaN,NaN
282,99,NaN,NaN
292,93,NaN,NaN
299,95,NaN,NaN
NaN,NaN,292,102
294,95,NaN,NaN
NaN,NaN,302,97
NaN,NaN,304,100
302,96,NaN,NaN
389,128,293,94
374,119,NaN,NaN
289,104,388,137
378,126,280,108
NaN,NaN,292,136
262,130,NaN,NaN
NaN,NaN,NaN,NaN
NaN,NaN,NaN,NaN
NaN,NaN,NaN,NaN
NaN,NaN,NaN,NaN
NaN,NaN,178,297
99,257,152,376
NaN,NaN,121,380
NaN,NaN,114,385
NaN,NaN,117,387
109,411,NaN,NaN
107,407,NaN,NaN
111,415,NaN,NaN
112,419,NaN,NaN
115,416,NaN,NaN
117,415,NaN,NaN
NaN,NaN,116,420
121,413,NaN,NaN
125,413,NaN,NaN
123,414,NaN,NaN
123,418,NaN,NaN
NaN,NaN,124,420
NaN,NaN,125,419
NaN,NaN,123,418
NaN,NaN,118,415
NaN,NaN,119,420
NaN,NaN,114,416
116,409,NaN,NaN
91,418,NaN,NaN
96,414,NaN,NaN
NaN,NaN,94,398
NaN,NaN,91,406
107,298,89,417
103,281,96,400
99,362,108,257
125,224,112,338
133,235,NaN,NaN
158,178,85,270
NaN,NaN,161,154
176,127,NaN,NaN
181,116,NaN,NaN
NaN,NaN,173,113
NaN,NaN,197,111
NaN,NaN,202,98
225,98,NaN,NaN
217,75,NaN,NaN
226,77,NaN,NaN
NaN,NaN,NaN,NaN
NaN,NaN,241,78
273,104,NaN,NaN
NaN,NaN,NaN,NaN
275,106,NaN,NaN
NaN,NaN,278,110
278,109,NaN,NaN
298,99,NaN,NaN
283,115,NaN,NaN
282,115,NaN,NaN
291,122,NaN,NaN
NaN,NaN,303,102
NaN,NaN,266,100
NaN,NaN,275,115
NaN,NaN,268,96
283,114,NaN,NaN
274,105,NaN,NaN
282,115,NaN,NaN
NaN,NaN,281,116
NaN,NaN,280,111
285,120,NaN,NaN
NaN,NaN,284,121
NaN,NaN,NaN,NaN
NaN,NaN,NaN,NaN
NaN,NaN,NaN,NaN
NaN,NaN,NaN,NaN
NaN,NaN,NaN,NaN
NaN,NaN,NaN,NaN
NaN,NaN,NaN,NaN
NaN,NaN,NaN,NaN
NaN,NaN,NaN,NaN
NaN,NaN,NaN,NaN
NaN,NaN,NaN,NaN
NaN,NaN,NaN,NaN
NaN,NaN,NaN,NaN
NaN,NaN,NaN,NaN
NaN,NaN,NaN,NaN
275,121,NaN,NaN
NaN,NaN,281,139
280,140,NaN,NaN
275,133,NaN,NaN
NaN,NaN,270,118
273,121,NaN,NaN
NaN,NaN,NaN,NaN
278,110,NaN,NaN
NaN,NaN,276,108
284,130,NaN,NaN
NaN,NaN,263,106
NaN,NaN,NaN,NaN
NaN,NaN,NaN,NaN
NaN,NaN,NaN,NaN
NaN,NaN,NaN,NaN
NaN,NaN,163,212
NaN,NaN,126,252
91,297,NaN,NaN
89,335,NaN,NaN
77,375,NaN,NaN
NaN,NaN,77,377
NaN,NaN,82,380
NaN,NaN,77,395
NaN,NaN,81,409
82,412,NaN,NaN
NaN,NaN,87,411
NaN,NaN,89,385
NaN,NaN,88,376
NaN,NaN,81,387
84,365,NaN,NaN
NaN,NaN,88,360
89,344,NaN,NaN
NaN,NaN,92,339
110,273,NaN,NaN
NaN,NaN,171,214
NaN,NaN,183,196
NaN,NaN,202,164
NaN,NaN,NaN,NaN
NaN,NaN,NaN,NaN
NaN,NaN,250,100
NaN,NaN,266,105
267,97,NaN,NaN
NaN,NaN,270,109
272,102,NaN,NaN
NaN,NaN,290,123
NaN,NaN,278,118
NaN,NaN,272,104
NaN,NaN,268,98
NaN,NaN,263,100
265,102,NaN,NaN
274,104,NaN,NaN
NaN,NaN,NaN,NaN
NaN,NaN,267,113
262,104,NaN,NaN
260,106,NaN,NaN
NaN,NaN,257,111
256,116,NaN,NaN
253,112,NaN,NaN
NaN,NaN,256,113
NaN,NaN,252,99
258,94,NaN,NaN
266,92,NaN,NaN
NaN,NaN,274,88
NaN,NaN,293,95
295,92,NaN,NaN
301,89,NaN,NaN
NaN,NaN,300,76
NaN,NaN,NaN,NaN
331,79,NaN,NaN
NaN,NaN,333,85
NaN,NaN,332,86
332,84,NaN,NaN
333,82,NaN,NaN
NaN,NaN,335,80
337,92,NaN,NaN
NaN,NaN,334,90
331,84,NaN,NaN
331,90,NaN,NaN
334,90,NaN,NaN
NaN,NaN,330,84
NaN,NaN,330,86
NaN,NaN,329,83
NaN,NaN,324,73
326,82,NaN,NaN
326,78,NaN,NaN
326,92,NaN,NaN
NaN,NaN,327,92
NaN,NaN,311,106
307,105,NaN,NaN
328,81,NaN,NaN
307,94,NaN,NaN
328,91,NaN,NaN
327,81,NaN,NaN
306,88,NaN,NaN
314,106,NaN,NaN
NaN,NaN,311,96
NaN,NaN,308,88
NaN,NaN,334,83
NaN,NaN,310,88
323,106,NaN,NaN
309,85,NaN,NaN
319,102,NaN,NaN
NaN,NaN,310,101
NaN,NaN,313,96
299,86,NaN,NaN
NaN,NaN,311,86
NaN,NaN,318,96
NaN,NaN,313,90
315,96,NaN,NaN
NaN,NaN,317,95
NaN,NaN,308,77
NaN,NaN,318,83
NaN,NaN,307,82
NaN,NaN,318,88
NaN,NaN,307,80
NaN,NaN,319,80
NaN,NaN,311,83
NaN,NaN,319,85
317,78,NaN,NaN
NaN,NaN,313,82
NaN,NaN,310,82
312,86,NaN,NaN
415,98,315,78
413,93,311,79
312,85,417,99
283,81,NaN,NaN
NaN,NaN,281,92
NaN,NaN,266,109
244,124,NaN,NaN
NaN,NaN,NaN,NaN
NaN,NaN,NaN,NaN
NaN,NaN,NaN,NaN
NaN,NaN,NaN,NaN
NaN,NaN,NaN,NaN
421,98,210,329
437,98,221,359
NaN,NaN,211,365
208,374,NaN,NaN
NaN,NaN,214,385
206,381,NaN,NaN
NaN,NaN,213,385
212,391,NaN,NaN
212,389,NaN,NaN
212,390,NaN,NaN
NaN,NaN,209,389
NaN,NaN,215,394
NaN,NaN,209,398
213,392,NaN,NaN
210,391,NaN,NaN
NaN,NaN,211,390
NaN,NaN,212,390
NaN,NaN,207,390
NaN,NaN,211,379
NaN,NaN,201,352
NaN,NaN,225,349
NaN,NaN,NaN,NaN
NaN,NaN,NaN,NaN
NaN,NaN,NaN,NaN
NaN,NaN,NaN,NaN
NaN,NaN,NaN,NaN
NaN,NaN,NaN,NaN
NaN,NaN,271,122
281,107,NaN,NaN
289,96,NaN,NaN
NaN,NaN,302,117
301,92,NaN,NaN
308,117,NaN,NaN
NaN,NaN,304,108
NaN,NaN,306,113
NaN,NaN,302,113
313,120,NaN,NaN
NaN,NaN,319,126
305,103,NaN,NaN
NaN,NaN,314,121
NaN,NaN,322,127
NaN,NaN,313,122
310,104,NaN,NaN
315,125,NaN,NaN
NaN,NaN,305,103
NaN,NaN,310,104
NaN,NaN,317,128
311,106,NaN,NaN
312,101,NaN,NaN
307,103,NaN,NaN
301,107,NaN,NaN
NaN,NaN,307,108
313,128,NaN,NaN
NaN,NaN,314,126
310,106,NaN,NaN
NaN,NaN,309,123
NaN,NaN,309,106
NaN,NaN,306,108
311,123,NaN,NaN
304,123,NaN,NaN
297,105,NaN,NaN
316,126,NaN,NaN
NaN,NaN,299,110
NaN,NaN,301,107
309,124,NaN,NaN
NaN,NaN,314,123
NaN,NaN,320,129
301,100,NaN,NaN
295,104,NaN,NaN
300,107,NaN,NaN
NaN,NaN,313,124
304,117,411,121
NaN,NaN,316,133
319,127,NaN,NaN
407,123,299,116
NaN,NaN,306,121
403,113,301,115
324,132,NaN,NaN
305,124,407,126
322,133,NaN,NaN
422,122,316,132
NaN,NaN,314,130
334,135,NaN,NaN
312,120,416,109
315,123,414,125
NaN,NaN,319,127
NaN,NaN,318,127
NaN,NaN,321,133
311,114,NaN,NaN
325,135,NaN,NaN
317,129,NaN,NaN
NaN,NaN,315,125
NaN,NaN,312,125
NaN,NaN,321,137
411,123,311,120
NaN,NaN,315,132
315,124,NaN,NaN
319,133,NaN,NaN
305,107,NaN,NaN
320,125,NaN,NaN
NaN,NaN,318,127
315,124,NaN,NaN
318,133,NaN,NaN
307,127,NaN,NaN
302,117,NaN,NaN
307,130,NaN,NaN
NaN,NaN,314,127
NaN,NaN,318,127
321,129,NaN,NaN
NaN,NaN,317,130
NaN,NaN,308,119
NaN,NaN,311,126
NaN,NaN,313,133
311,128,NaN,NaN
317,138,NaN,NaN
309,128,NaN,NaN
NaN,NaN,324,136
NaN,NaN,321,127
320,126,NaN,NaN
303,113,NaN,NaN
311,113,412,112
312,123,411,108
421,102,309,112
419,102,315,111
421,113,316,122
439,104,326,131
423,104,321,127
313,115,420,116
317,111,418,108
435,99,330,129
328,126,432,104
430,115,321,112
434,101,330,129
316,113,424,106
340,119,447,92
321,109,435,94
429,109,322,119
438,95,339,123
425,118,323,99
447,94,337,118
426,115,322,124
332,110,453,102
444,87,333,122
310,100,418,117
398,136,299,122
295,112,NaN,NaN
298,116,NaN,NaN
310,124,NaN,NaN
NaN,NaN,315,136
NaN,NaN,311,140
NaN,NaN,308,139
298,163,NaN,NaN
NaN,NaN,297,153
296,160,NaN,NaN
NaN,NaN,299,162
NaN,NaN,300,160
NaN,NaN,297,162
NaN,NaN,295,162
290,161,NaN,NaN
294,163,NaN,NaN
292,166,NaN,NaN
NaN,NaN,289,163
283,157,NaN,NaN
285,157,NaN,NaN
290,159,NaN,NaN
285,155,NaN,NaN
301,168,NaN,NaN
NaN,NaN,301,154
NaN,NaN,292,155
NaN,NaN,286,146
293,153,NaN,NaN
NaN,NaN,291,152
293,153,NaN,NaN
289,154,NaN,NaN
289,151,NaN,NaN
NaN,NaN,291,161
NaN,NaN,288,155
NaN,NaN,289,154
NaN,NaN,290,160
292,168,NaN,NaN
294,161,NaN,NaN
289,171,NaN,NaN
NaN,NaN,288,159
294,159,461,120
451,134,297,158
298,156,434,151
441,140,291,154
NaN,NaN,291,160
NaN,NaN,297,165
290,160,NaN,NaN
NaN,NaN,289,158
292,164,NaN,NaN
NaN,NaN,291,162
NaN,NaN,283,165
NaN,NaN,286,172
286,170,NaN,NaN
276,195,464,116
464,86,275,189
265,185,444,109
441,111,271,189
458,101,266,189
266,170,453,117
265,182,450,110
268,192,444,121
458,116,263,175
266,178,460,112
249,188,448,122
471,110,255,171
247,183,465,130
463,123,257,176
461,127,253,172
255,174,478,132
485,132,255,164
475,129,252,162
478,114,261,151
478,117,262,149
265,144,482,111
480,129,263,141
476,132,268,136
278,128,491,132
266,131,495,129
269,131,495,131
482,142,275,133
502,143,270,133
274,135,492,151
281,132,490,144
271,130,501,144
276,134,489,133
272,129,494,149
275,137,494,132
493,136,285,127
272,128,NaN,NaN
286,148,NaN,NaN
281,148,NaN,NaN
280,144,NaN,NaN
278,151,NaN,NaN
NaN,NaN,277,148
NaN,NaN,274,150
276,142,NaN,NaN
271,147,NaN,NaN
266,143,NaN,NaN
NaN,NaN,272,145
265,149,NaN,NaN
268,151,NaN,NaN
261,152,NaN,NaN
258,157,NaN,NaN
244,165,NaN,NaN
NaN,NaN,231,190
NaN,NaN,235,221
NaN,NaN,230,249
NaN,NaN,227,271
NaN,NaN,NaN,NaN
219,325,NaN,NaN
NaN,NaN,217,339
NaN,NaN,224,357
226,361,NaN,NaN
221,372,NaN,NaN
211,377,NaN,NaN
NaN,NaN,204,368
207,371,NaN,NaN
NaN,NaN,207,366
NaN,NaN,215,383
207,376,NaN,NaN
NaN,NaN,209,377
NaN,NaN,209,366
NaN,NaN,211,370
210,372,NaN,NaN
NaN,NaN,212,367
211,365,NaN,NaN
213,373,NaN,NaN
213,370,NaN,NaN
215,377,NaN,NaN
NaN,NaN,209,367
NaN,NaN,229,384
NaN,NaN,222,367
223,359,NaN,NaN
208,339,NaN,NaN
211,339,NaN,NaN
NaN,NaN,210,302
NaN,NaN,213,280
220,249,NaN,NaN
NaN,NaN,226,227
228,206,NaN,NaN
248,195,NaN,NaN
251,173,NaN,NaN
NaN,NaN,263,187
264,165,NaN,NaN
273,168,NaN,NaN
NaN,NaN,271,174
NaN,NaN,273,170
NaN,NaN,269,174
269,177,NaN,NaN
264,175,NaN,NaN
NaN,NaN,269,186
NaN,NaN,266,183
NaN,NaN,266,185
NaN,NaN,255,174
NaN,NaN,255,172
NaN,NaN,256,186
260,175,NaN,NaN
263,186,NaN,NaN
NaN,NaN,257,177
NaN,NaN,258,184
260,182,NaN,NaN
NaN,NaN,268,193
265,198,NaN,NaN
255,176,NaN,NaN
250,181,NaN,NaN
NaN,NaN,264,199
254,183,NaN,NaN
254,187,NaN,NaN
NaN,NaN,NaN,NaN
NaN,NaN,NaN,NaN
NaN,NaN,NaN,NaN
NaN,NaN,NaN,NaN
NaN,NaN,NaN,NaN
NaN,NaN,NaN,NaN
NaN,NaN,NaN,NaN
NaN,NaN,NaN,NaN
NaN,NaN,NaN,NaN
NaN,NaN,NaN,NaN
NaN,NaN,NaN,NaN
NaN,NaN,NaN,NaN
NaN,NaN,NaN,NaN
NaN,NaN,NaN,NaN
NaN,NaN,NaN,NaN
266,219,NaN,NaN
NaN,NaN,NaN,NaN
NaN,NaN,NaN,NaN
NaN,NaN,NaN,NaN
NaN,NaN,NaN,NaN
NaN,NaN,NaN,NaN
444,125,NaN,NaN
434,135,NaN,NaN
NaN,NaN,424,141
421,148,NaN,NaN
NaN,NaN,422,154
413,153,NaN,NaN
411,149,NaN,NaN
NaN,NaN,408,154
NaN,NaN,403,148
NaN,NaN,413,142
NaN,NaN,404,145
404,130,NaN,NaN
NaN,NaN,NaN,NaN
NaN,NaN,NaN,NaN
NaN,NaN,NaN,NaN
NaN,NaN,NaN,NaN
NaN,NaN,NaN,NaN
NaN,NaN,NaN,NaN
NaN,NaN,NaN,NaN
NaN,NaN,NaN,NaN
410,145,NaN,NaN
NaN,NaN,NaN,NaN
NaN,NaN,409,140
NaN,NaN,NaN,NaN
NaN,NaN,NaN,NaN
NaN,NaN,NaN,NaN
NaN,NaN,NaN,NaN
402,135,NaN,NaN
NaN,NaN,398,137
NaN,NaN,400,137
401,136,NaN,NaN
NaN,NaN,NaN,NaN
404,134,NaN,NaN
NaN,NaN,NaN,NaN
NaN,NaN,NaN,NaN
NaN,NaN,NaN,NaN
NaN,NaN,NaN,NaN
NaN,NaN,404,130
NaN,NaN,400,131
409,127,NaN,NaN
NaN,NaN,395,132
NaN,NaN,NaN,NaN
NaN,NaN,412,127
392,135,NaN,NaN
NaN,NaN,396,134
399,133,NaN,NaN
402,132,NaN,NaN
398,133,NaN,NaN
394,134,NaN,NaN
398,134,NaN,NaN
410,130,NaN,NaN
406,130,NaN,NaN
NaN,NaN,400,130
415,125,NaN,NaN
266,138,395,111
252,116,396,131
266,118,NaN,NaN
NaN,NaN,264,113
277,117,406,128
390,130,284,128
400,130,288,118
287,126,398,134
NaN,NaN,283,121
267,111,398,133
276,121,NaN,NaN
NaN,NaN,272,111
266,109,NaN,NaN
283,117,394,117
278,117,395,112
NaN,NaN,290,124
273,112,NaN,NaN
399,110,271,108
NaN,NaN,289,117
282,119,NaN,NaN
398,131,279,109
287,118,395,132
399,142,276,109
407,141,271,106
272,95,403,140
286,108,403,138
275,117,405,133
284,107,392,136
386,125,281,103
287,122,397,136
406,132,276,112
390,134,273,111
287,121,397,136
393,145,276,119
394,139,285,111
394,134,274,98
394,136,274,113
390,140,276,126
257,119,410,136
411,130,251,128
243,132,404,121
237,125,410,148
235,130,386,154
236,127,385,131
390,149,233,122
388,162,236,124
241,136,385,159
384,148,241,125
240,124,382,151
374,143,243,131
253,131,375,141
253,132,373,148
258,128,378,138
265,137,NaN,NaN
NaN,NaN,271,135
NaN,NaN,266,130
NaN,NaN,277,131
273,125,NaN,NaN
279,132,NaN,NaN
NaN,NaN,273,122
277,116,NaN,NaN
387,132,274,114
280,117,384,130
382,143,281,121
289,118,389,144
NaN,NaN,282,121
282,112,NaN,NaN
277,118,NaN,NaN
NaN,NaN,278,123
275,115,NaN,NaN
403,141,264,123
265,129,405,139
264,132,401,132
267,146,394,135
394,116,255,133
395,136,271,149
387,138,262,140
271,143,388,135
271,145,393,131
277,149,388,141
262,138,393,133
393,131,283,152
389,129,276,146
397,136,272,144
393,114,275,142
284,145,396,113
276,136,399,126
410,140,291,137
296,138,416,127
290,128,412,134
423,131,302,131
425,132,293,135
423,121,310,141
319,151,419,122
320,147,424,121
422,128,321,140
420,137,320,131
423,139,320,126
433,137,332,154
426,135,326,155
329,152,426,123
427,134,327,147
NaN,NaN,333,157
425,136,325,135
329,150,426,140
324,137,428,138
430,127,324,146
333,153,431,130
323,139,426,142
426,139,324,152
323,142,430,121
422,131,321,145
430,138,328,146
430,136,330,137
334,156,436,144
326,137,432,127
328,146,430,141
428,149,328,143
425,141,323,142
330,151,434,118
429,127,326,147
326,140,427,132
329,143,431,144
429,137,322,135
429,142,325,142
326,152,430,134
424,135,321,132
331,156,433,132
430,136,328,152
428,125,323,153
329,159,429,137
322,154,425,128
323,162,424,125
430,127,324,143
428,131,323,145
331,145,434,135
338,151,438,113
325,145,425,138
429,126,329,143
325,146,426,129
329,159,429,119
432,130,326,158
329,138,430,134
327,147,430,123
331,159,436,120
321,146,437,136
428,139,324,145
435,135,331,157
447,122,339,152
325,152,432,122
432,126,325,158
447,117,335,153
331,142,436,114
329,159,442,116
334,152,446,119
455,112,321,162
NaN,NaN,324,161
NaN,NaN,316,161
306,166,NaN,NaN
300,160,NaN,NaN
294,160,NaN,NaN
293,169,544,109
275,162,NaN,NaN
NaN,NaN,NaN,NaN
NaN,NaN,NaN,NaN
NaN,NaN,NaN,NaN
NaN,NaN,NaN,NaN
NaN,NaN,NaN,NaN
NaN,NaN,510,141
241,141,502,135
227,144,500,133
497,136,242,138
497,136,228,142
505,138,226,139
494,144,238,155
248,158,513,148
504,131,244,158
515,141,248,148
511,139,243,148
241,154,502,141
246,142,496,138
255,154,490,134
504,133,236,147
242,150,496,134
250,147,493,133
250,153,497,127
259,157,496,120
485,123,248,154
246,155,502,119
489,113,245,160
255,159,491,121
249,159,498,114
231,148,487,125
246,160,483,118
237,143,491,125
489,123,226,140
500,121,235,145
220,130,496,120
224,133,498,119
218,130,487,131
234,115,492,117
493,119,225,146
214,132,497,127
499,124,223,149
491,116,226,131
220,149,494,114
507,121,229,154
222,143,505,116
494,111,215,130
224,127,506,117
217,129,502,107
231,153,500,113
501,121,226,128
227,151,497,113
227,127,504,116
497,106,225,125
226,130,503,110
230,125,494,107
223,135,505,104
498,117,224,133
505,116,219,125
514,109,221,138
230,127,501,114
495,114,228,136
495,107,229,139
491,120,228,135
224,133,491,119
217,128,496,115
