NaN,NaN,NaN,NaN
NaN,NaN,NaN,NaN
NaN,NaN,NaN,NaN
NaN,NaN,NaN,NaN
NaN,NaN,NaN,NaN
NaN,NaN,NaN,NaN
NaN,NaN,NaN,NaN
NaN,NaN,NaN,NaN
NaN,NaN,NaN,NaN
NaN,NaN,NaN,NaN
NaN,NaN,399,127
NaN,NaN,402,127
406,125,NaN,NaN
NaN,NaN,383,137
400,126,NaN,NaN
NaN,NaN,NaN,NaN
NaN,NaN,387,138
389,138,NaN,NaN
NaN,NaN,NaN,NaN
NaN,NaN,NaN,NaN
NaN,NaN,NaN,NaN
NaN,NaN,NaN,NaN
NaN,NaN,NaN,NaN
NaN,NaN,NaN,NaN
NaN,NaN,NaN,NaN
NaN,NaN,NaN,NaN
NaN,NaN,NaN,NaN
NaN,NaN,NaN,NaN
NaN,NaN,NaN,NaN
NaN,NaN,NaN,NaN
NaN,NaN,NaN,NaN
NaN,NaN,NaN,NaN
NaN,NaN,NaN,NaN
NaN,NaN,NaN,NaN
NaN,NaN,NaN,NaN
NaN,NaN,NaN,NaN
NaN,NaN,NaN,NaN
NaN,NaN,NaN,NaN
NaN,NaN,NaN,NaN
NaN,NaN,NaN,NaN
NaN,NaN,NaN,NaN
NaN,NaN,NaN,NaN
NaN,NaN,NaN,NaN
NaN,NaN,NaN,NaN
NaN,NaN,NaN,NaN
NaN,NaN,NaN,NaN
NaN,NaN,NaN,NaN
NaN,NaN,NaN,NaN
NaN,NaN,NaN,NaN
NaN,NaN,NaN,NaN
NaN,NaN,NaN,NaN
NaN,NaN,NaN,NaN
NaN,NaN,NaN,NaN
NaN,NaN,NaN,NaN
NaN,NaN,NaN,NaN
NaN,NaN,NaN,NaN
NaN,NaN,NaN,NaN
NaN,NaN,NaN,NaN
NaN,NaN,NaN,NaN
NaN,NaN,NaN,NaN
NaN,NaN,NaN,NaN
NaN,NaN,NaN,NaN
NaN,NaN,NaN,NaN
NaN,NaN,NaN,NaN
NaN,NaN,NaN,NaN
NaN,NaN,NaN,NaN
NaN,NaN,NaN,NaN
NaN,NaN,NaN,NaN
NaN,NaN,NaN,NaN
NaN,NaN,NaN,NaN
NaN,NaN,NaN,NaN
NaN,NaN,NaN,NaN
NaN,NaN,NaN,NaN
NaN,NaN,NaN,NaN
NaN,NaN,NaN,NaN
NaN,NaN,NaN,NaN
NaN,NaN,NaN,NaN
NaN,NaN,NaN,NaN
NaN,NaN,NaN,NaN
NaN,NaN,NaN,NaN
NaN,NaN,NaN,NaN
468,108,NaN,NaN
NaN,NaN,469,117
466,113,NaN,NaN
NaN,NaN,NaN,NaN
466,110,NaN,NaN
463,115,NaN,NaN
471,122,NaN,NaN
460,122,NaN,NaN
455,137,NaN,NaN
461,131,NaN,NaN
NaN,NaN,463,138
NaN,NaN,457,131
455,138,NaN,NaN
452,143,NaN,NaN
455,130,NaN,NaN
459,128,NaN,NaN
456,126,NaN,NaN
458,131,NaN,NaN
NaN,NaN,451,129
462,130,NaN,NaN
NaN,NaN,NaN,NaN
NaN,NaN,NaN,NaN
NaN,NaN,457,132
302,317,457,139
454,132,309,321
NaN,NaN,458,139
464,120,NaN,NaN
459,135,NaN,NaN
NaN,NaN,458,130
NaN,NaN,460,127
NaN,NaN,451,130
NaN,NaN,463,126
NaN,NaN,453,134
453,127,NaN,NaN
298,324,454,130
450,140,296,315
292,320,456,121
454,135,294,327
296,320,456,127
300,328,456,134
459,127,298,323
297,325,457,123
457,131,298,321
470,122,297,320
454,127,300,328
294,327,468,127
468,120,297,323
460,137,302,328
297,325,452,128
453,132,298,321
300,324,455,138
456,127,309,331
307,326,458,138
307,331,460,132
300,323,465,121
455,131,311,336
305,326,452,129
457,124,306,334
305,327,457,123
307,331,454,124
308,334,460,126
306,328,452,129
305,326,473,123
447,133,309,326
455,127,307,333
459,132,304,330
311,333,473,118
306,323,464,117
449,142,304,323
461,122,309,331
305,316,456,140
304,301,451,141
NaN,NaN,467,123
NaN,NaN,468,120
477,117,NaN,NaN
NaN,NaN,469,112
NaN,NaN,NaN,NaN
473,85,NaN,NaN
484,72,386,125
NaN,NaN,431,91
438,84,NaN,NaN
433,74,NaN,NaN
429,70,NaN,NaN
421,61,NaN,NaN
411,74,NaN,NaN
406,64,NaN,NaN
398,71,NaN,NaN
NaN,NaN,410,67
NaN,NaN,401,62
NaN,NaN,398,74
407,66,NaN,NaN
396,61,NaN,NaN
NaN,NaN,392,73
396,74,NaN,NaN
407,71,NaN,NaN
347,93,450,62
440,72,NaN,NaN
NaN,NaN,444,80
387,112,NaN,NaN
398,115,NaN,NaN
421,120,NaN,NaN
NaN,NaN,416,129
NaN,NaN,406,124
413,119,NaN,NaN
410,120,NaN,NaN
412,111,NaN,NaN
396,125,NaN,NaN
409,121,NaN,NaN
NaN,NaN,410,127
NaN,NaN,408,125
408,114,NaN,NaN
NaN,NaN,423,130
NaN,NaN,447,128
NaN,NaN,415,107
446,129,NaN,NaN
NaN,NaN,443,135
442,110,NaN,NaN
455,129,357,70
438,119,NaN,NaN
NaN,NaN,440,107
NaN,NaN,442,124
437,124,NaN,NaN
NaN,NaN,432,123
NaN,NaN,434,127
NaN,NaN,439,126
436,121,NaN,NaN
NaN,NaN,430,118
NaN,NaN,442,120
436,130,NaN,NaN
NaN,NaN,435,126
NaN,NaN,428,126
433,125,NaN,NaN
NaN,NaN,432,131
436,125,NaN,NaN
438,128,NaN,NaN
NaN,NaN,443,123
440,119,NaN,NaN
NaN,NaN,440,122
435,124,NaN,NaN
NaN,NaN,436,123
NaN,NaN,436,124
443,121,NaN,NaN
434,124,NaN,NaN
NaN,NaN,436,118
NaN,NaN,429,129
NaN,NaN,438,130
445,127,NaN,NaN
461,141,NaN,NaN
NaN,NaN,NaN,NaN
NaN,NaN,NaN,NaN
NaN,NaN,NaN,NaN
NaN,NaN,NaN,NaN
540,246,NaN,NaN
544,268,551,389
545,274,569,395
554,409,NaN,NaN
NaN,NaN,551,416
NaN,NaN,563,412
550,414,NaN,NaN
570,419,NaN,NaN
550,413,NaN,NaN
560,416,NaN,NaN
558,418,NaN,NaN
545,420,NaN,NaN
NaN,NaN,554,418
549,418,NaN,NaN
NaN,NaN,564,420
NaN,NaN,560,411
539,325,572,420
568,410,536,310
552,306,571,420
554,287,559,400
549,283,574,403
570,368,NaN,NaN
NaN,NaN,563,351
557,291,NaN,NaN
560,247,NaN,NaN
560,247,NaN,NaN
NaN,NaN,NaN,NaN
NaN,NaN,NaN,NaN
NaN,NaN,NaN,NaN
NaN,NaN,NaN,NaN
NaN,NaN,NaN,NaN
NaN,NaN,NaN,NaN
NaN,NaN,NaN,NaN
NaN,NaN,NaN,NaN
NaN,NaN,NaN,NaN
NaN,NaN,NaN,NaN
NaN,NaN,NaN,NaN
NaN,NaN,NaN,NaN
NaN,NaN,NaN,NaN
NaN,NaN,NaN,NaN
NaN,NaN,NaN,NaN
NaN,NaN,NaN,NaN
NaN,NaN,NaN,NaN
NaN,NaN,NaN,NaN
NaN,NaN,NaN,NaN
NaN,NaN,NaN,NaN
NaN,NaN,NaN,NaN
NaN,NaN,NaN,NaN
NaN,NaN,NaN,NaN
NaN,NaN,NaN,NaN
NaN,NaN,NaN,NaN
NaN,NaN,NaN,NaN
NaN,NaN,NaN,NaN
NaN,NaN,NaN,NaN
NaN,NaN,NaN,NaN
NaN,NaN,NaN,NaN
NaN,NaN,NaN,NaN
NaN,NaN,NaN,NaN
NaN,NaN,NaN,NaN
NaN,NaN,NaN,NaN
NaN,NaN,NaN,NaN
NaN,NaN,NaN,NaN
NaN,NaN,NaN,NaN
NaN,NaN,NaN,NaN
NaN,NaN,NaN,NaN
NaN,NaN,NaN,NaN
534,159,NaN,NaN
NaN,NaN,530,152
544,155,NaN,NaN
NaN,NaN,NaN,NaN
NaN,NaN,542,187
NaN,NaN,545,182
NaN,NaN,555,205
567,223,NaN,NaN
NaN,NaN,570,250
NaN,NaN,NaN,NaN
NaN,NaN,NaN,NaN
NaN,NaN,NaN,NaN
NaN,NaN,NaN,NaN
NaN,NaN,NaN,NaN
NaN,NaN,NaN,NaN
571,416,NaN,NaN
NaN,NaN,589,419
571,407,NaN,NaN
573,408,NaN,NaN
NaN,NaN,560,411
NaN,NaN,574,416
NaN,NaN,574,409
NaN,NaN,574,419
NaN,NaN,570,415
553,412,NaN,NaN
NaN,NaN,550,410
546,419,NaN,NaN
567,415,NaN,NaN
556,418,NaN,NaN
551,412,NaN,NaN
551,420,NaN,NaN
NaN,NaN,546,420
NaN,NaN,555,416
NaN,NaN,555,420
NaN,NaN,557,414
552,419,NaN,NaN
NaN,NaN,551,416
560,418,NaN,NaN
NaN,NaN,558,420
556,419,NaN,NaN
NaN,NaN,553,405
NaN,NaN,NaN,NaN
NaN,NaN,NaN,NaN
NaN,NaN,NaN,NaN
NaN,NaN,NaN,NaN
NaN,NaN,NaN,NaN
NaN,NaN,NaN,NaN
NaN,NaN,NaN,NaN
NaN,NaN,NaN,NaN
513,73,NaN,NaN
NaN,NaN,NaN,NaN
NaN,NaN,NaN,NaN
NaN,NaN,NaN,NaN
NaN,NaN,NaN,NaN
NaN,NaN,NaN,NaN
NaN,NaN,NaN,NaN
NaN,NaN,NaN,NaN
NaN,NaN,NaN,NaN
NaN,NaN,NaN,NaN
NaN,NaN,NaN,NaN
NaN,NaN,NaN,NaN
NaN,NaN,NaN,NaN
NaN,NaN,NaN,NaN
NaN,NaN,NaN,NaN
NaN,NaN,NaN,NaN
NaN,NaN,NaN,NaN
NaN,NaN,NaN,NaN
NaN,NaN,NaN,NaN
NaN,NaN,NaN,NaN
NaN,NaN,NaN,NaN
NaN,NaN,NaN,NaN
NaN,NaN,NaN,NaN
NaN,NaN,NaN,NaN
NaN,NaN,NaN,NaN
NaN,NaN,NaN,NaN
NaN,NaN,NaN,NaN
NaN,NaN,NaN,NaN
NaN,NaN,NaN,NaN
NaN,NaN,NaN,NaN
NaN,NaN,NaN,NaN
NaN,NaN,NaN,NaN
NaN,NaN,NaN,NaN
NaN,NaN,NaN,NaN
NaN,NaN,NaN,NaN
NaN,NaN,382,62
NaN,NaN,392,61
NaN,NaN,NaN,NaN
NaN,NaN,NaN,NaN
NaN,NaN,NaN,NaN
NaN,NaN,NaN,NaN
NaN,NaN,NaN,NaN
NaN,NaN,NaN,NaN
NaN,NaN,NaN,NaN
NaN,NaN,NaN,NaN
NaN,NaN,NaN,NaN
NaN,NaN,NaN,NaN
NaN,NaN,NaN,NaN
NaN,NaN,NaN,NaN
NaN,NaN,NaN,NaN
NaN,NaN,NaN,NaN
NaN,NaN,NaN,NaN
NaN,NaN,NaN,NaN
NaN,NaN,NaN,NaN
NaN,NaN,NaN,NaN
NaN,NaN,397,61
NaN,NaN,403,63
NaN,NaN,408,61
NaN,NaN,NaN,NaN
NaN,NaN,NaN,NaN
NaN,NaN,NaN,NaN
NaN,NaN,NaN,NaN
NaN,NaN,NaN,NaN
NaN,NaN,NaN,NaN
NaN,NaN,NaN,NaN
NaN,NaN,NaN,NaN
NaN,NaN,NaN,NaN
NaN,NaN,NaN,NaN
NaN,NaN,NaN,NaN
NaN,NaN,NaN,NaN
NaN,NaN,NaN,NaN
NaN,NaN,NaN,NaN
NaN,NaN,NaN,NaN
NaN,NaN,NaN,NaN
NaN,NaN,NaN,NaN
NaN,NaN,NaN,NaN
NaN,NaN,NaN,NaN
NaN,NaN,NaN,NaN
NaN,NaN,NaN,NaN
NaN,NaN,NaN,NaN
NaN,NaN,NaN,NaN
NaN,NaN,NaN,NaN
NaN,NaN,NaN,NaN
NaN,NaN,NaN,NaN
NaN,NaN,NaN,NaN
NaN,NaN,NaN,NaN
NaN,NaN,NaN,NaN
NaN,NaN,NaN,NaN
NaN,NaN,NaN,NaN
NaN,NaN,NaN,NaN
546,385,NaN,NaN
555,411,NaN,NaN
560,419,NaN,NaN
NaN,NaN,556,396
556,412,NaN,NaN
NaN,NaN,554,419
NaN,NaN,552,415
554,419,NaN,NaN
NaN,NaN,552,409
554,419,NaN,NaN
544,419,NaN,NaN
NaN,NaN,543,420
555,420,NaN,NaN
NaN,NaN,563,419
556,417,NaN,NaN
NaN,NaN,552,416
556,411,NaN,NaN
552,419,NaN,NaN
NaN,NaN,574,417
NaN,NaN,560,417
NaN,NaN,565,420
561,408,NaN,NaN
NaN,NaN,557,404
NaN,NaN,575,403
583,290,552,411
NaN,NaN,587,279
NaN,NaN,588,256
NaN,NaN,590,235
527,61,577,209
NaN,NaN,NaN,NaN
NaN,NaN,NaN,NaN
NaN,NaN,NaN,NaN
NaN,NaN,NaN,NaN
NaN,NaN,NaN,NaN
NaN,NaN,NaN,NaN
NaN,NaN,NaN,NaN
NaN,NaN,NaN,NaN
NaN,NaN,NaN,NaN
NaN,NaN,NaN,NaN
NaN,NaN,NaN,NaN
NaN,NaN,NaN,NaN
NaN,NaN,NaN,NaN
395,127,NaN,NaN
402,139,NaN,NaN
NaN,NaN,402,134
NaN,NaN,397,141
394,139,NaN,NaN
NaN,NaN,399,124
411,127,NaN,NaN
405,122,NaN,NaN
400,122,NaN,NaN
398,112,NaN,NaN
NaN,NaN,NaN,NaN
NaN,NaN,NaN,NaN
NaN,NaN,NaN,NaN
NaN,NaN,409,107
NaN,NaN,408,105
NaN,NaN,408,110
NaN,NaN,406,105
NaN,NaN,405,110
411,110,NaN,NaN
418,114,NaN,NaN
429,114,NaN,NaN
NaN,NaN,NaN,NaN
NaN,NaN,NaN,NaN
NaN,NaN,NaN,NaN
NaN,NaN,NaN,NaN
525,63,NaN,NaN
NaN,NaN,527,69
NaN,NaN,538,390
560,395,NaN,NaN
NaN,NaN,553,413
553,415,NaN,NaN
NaN,NaN,556,416
554,410,NaN,NaN
544,418,NaN,NaN
NaN,NaN,551,418
560,403,NaN,NaN
545,409,NaN,NaN
556,418,NaN,NaN
550,418,NaN,NaN
NaN,NaN,551,411
541,410,NaN,NaN
NaN,NaN,554,413
555,419,NaN,NaN
NaN,NaN,554,417
NaN,NaN,548,415
NaN,NaN,553,419
NaN,NaN,559,409
549,419,NaN,NaN
NaN,NaN,560,402
NaN,NaN,552,419
NaN,NaN,558,416
553,414,NaN,NaN
566,404,NaN,NaN
546,417,552,297
561,379,NaN,NaN
558,390,556,271
NaN,NaN,545,274
NaN,NaN,532,279
539,61,530,240
NaN,NaN,536,61
NaN,NaN,531,66
NaN,NaN,NaN,NaN
NaN,NaN,NaN,NaN
NaN,NaN,NaN,NaN
NaN,NaN,NaN,NaN
NaN,NaN,NaN,NaN
NaN,NaN,NaN,NaN
NaN,NaN,NaN,NaN
NaN,NaN,NaN,NaN
NaN,NaN,NaN,NaN
NaN,NaN,NaN,NaN
NaN,NaN,NaN,NaN
NaN,NaN,NaN,NaN
NaN,NaN,NaN,NaN
NaN,NaN,NaN,NaN
NaN,NaN,NaN,NaN
NaN,NaN,NaN,NaN
NaN,NaN,NaN,NaN
NaN,NaN,NaN,NaN
NaN,NaN,NaN,NaN
NaN,NaN,NaN,NaN
NaN,NaN,NaN,NaN
NaN,NaN,391,126
NaN,NaN,397,94
394,104,NaN,NaN
NaN,NaN,NaN,NaN
NaN,NaN,NaN,NaN
NaN,NaN,NaN,NaN
NaN,NaN,406,116
NaN,NaN,NaN,NaN
NaN,NaN,NaN,NaN
NaN,NaN,NaN,NaN
405,118,NaN,NaN
402,118,NaN,NaN
404,117,NaN,NaN
408,116,NaN,NaN
405,116,NaN,NaN
400,119,NaN,NaN
403,100,NaN,NaN
401,103,NaN,NaN
NaN,NaN,399,124
NaN,NaN,395,110
NaN,NaN,398,113
NaN,NaN,417,106
NaN,NaN,396,109
405,110,NaN,NaN
401,101,NaN,NaN
403,113,NaN,NaN
398,115,NaN,NaN
395,122,NaN,NaN
400,118,NaN,NaN
400,127,NaN,NaN
NaN,NaN,401,116
399,114,NaN,NaN
NaN,NaN,405,116
NaN,NaN,397,112
400,117,NaN,NaN
401,99,NaN,NaN
398,127,NaN,NaN
NaN,NaN,401,118
NaN,NaN,405,125
404,121,NaN,NaN
399,119,NaN,NaN
399,121,NaN,NaN
400,111,NaN,NaN
NaN,NaN,400,110
399,109,NaN,NaN
400,114,NaN,NaN
NaN,NaN,402,123
400,105,NaN,NaN
403,120,NaN,NaN
NaN,NaN,401,124
414,108,NaN,NaN
NaN,NaN,403,121
402,122,NaN,NaN
400,110,NaN,NaN
405,122,NaN,NaN
NaN,NaN,397,115
401,125,NaN,NaN
403,117,NaN,NaN
NaN,NaN,403,119
NaN,NaN,401,114
NaN,NaN,403,119
NaN,NaN,NaN,NaN
NaN,NaN,400,116
NaN,NaN,398,114
405,111,NaN,NaN
404,118,NaN,NaN
403,113,NaN,NaN
NaN,NaN,403,111
NaN,NaN,406,111
401,111,NaN,NaN
NaN,NaN,NaN,NaN
420,109,NaN,NaN
411,122,NaN,NaN
NaN,NaN,410,117
NaN,NaN,NaN,NaN
NaN,NaN,NaN,NaN
264,61,NaN,NaN
NaN,NaN,264,67
266,63,415,105
273,73,416,105
411,110,273,61
273,66,410,118
433,98,272,61
424,114,276,66
419,104,279,69
433,104,270,64
269,65,427,110
427,101,269,63
418,115,269,61
273,62,433,113
424,115,274,61
417,108,276,64
281,72,425,117
276,61,423,110
424,115,274,64
266,62,420,109
270,61,424,98
270,69,429,97
426,97,272,69
422,104,274,62
428,92,275,61
414,110,275,67
418,106,271,64
274,62,419,125
404,125,259,63
272,70,412,132
408,131,269,68
NaN,NaN,273,71
273,66,NaN,NaN
272,61,NaN,NaN
NaN,NaN,273,61
NaN,NaN,NaN,NaN
NaN,NaN,271,65
337,344,272,62
340,363,271,62
327,371,280,69
267,61,336,384
271,61,336,385
318,378,265,61
324,383,269,72
327,390,274,65
275,61,316,378
279,67,317,393
315,403,264,62
271,61,309,376
321,384,273,69
314,371,265,65
317,382,280,75
272,65,303,387
323,386,276,61
274,73,314,391
306,378,274,76
269,71,314,398
321,385,269,71
316,397,263,62
270,64,310,363
270,68,305,383
314,390,274,62
316,399,266,63
276,64,308,373
316,396,271,73
NaN,NaN,271,63
278,72,316,395
314,395,274,68
274,70,316,394
309,394,270,67
315,401,267,62
314,389,273,65
264,64,302,379
283,73,NaN,NaN
NaN,NaN,267,67
272,61,NaN,NaN
272,71,308,375
268,64,315,394
273,61,305,391
268,64,314,404
318,401,263,61
263,62,305,389
274,64,306,395
271,71,304,388
263,62,309,396
312,389,270,74
278,63,314,383
311,387,274,70
276,71,314,397
268,76,309,391
272,67,312,393
315,397,272,70
268,71,322,402
308,375,274,70
272,64,317,380
334,393,271,69
270,66,341,369
269,64,345,372
348,362,272,65
266,65,377,344
269,66,387,313
386,272,267,62
267,61,403,247
411,200,269,67
405,170,272,62
273,67,415,157
271,63,409,139
427,99,269,61
423,118,269,61
270,68,423,116
433,106,268,63
430,100,274,67
275,75,430,96
267,73,436,86
426,105,272,61
267,66,437,75
256,65,418,97
418,90,271,70
431,95,277,73
270,62,400,86
420,74,276,64
277,66,424,89
266,62,406,100
423,109,275,70
427,98,272,67
424,103,271,63
413,112,271,69
272,66,425,97
410,99,271,64
268,63,410,116
427,100,276,62
429,105,271,63
275,66,414,92
417,108,273,66
275,73,417,107
272,64,431,105
414,103,266,61
409,115,272,73
407,106,269,65
272,68,411,110
274,61,421,89
270,63,405,106
273,61,412,90
276,73,410,107
280,61,414,99
275,70,409,106
406,97,269,62
422,93,276,69
273,62,415,99
273,64,412,99
264,74,422,103
279,62,407,92
273,63,408,110
421,94,274,67
266,61,431,93
422,97,272,61
425,86,280,68
422,99,271,66
422,87,269,63
274,64,395,112
278,65,415,103
398,108,269,62
277,64,414,102
399,109,271,63
273,63,413,95
414,97,274,67
403,108,277,67
417,100,272,61
417,101,279,62
263,68,412,98
421,88,278,61
412,111,273,63
269,62,417,91
278,70,422,101
411,103,265,63
406,106,268,61
283,64,410,103
273,61,420,108
261,61,420,106
424,105,279,69
427,103,276,62
433,100,278,71
284,71,417,113
275,64,410,108
405,123,274,61
273,65,421,104
405,110,274,63
279,68,413,99
423,113,278,64
275,62,411,114
414,113,277,73
416,121,273,62
279,65,420,117
415,120,275,66
278,66,410,124
287,65,413,121
283,63,418,105
429,106,287,62
412,105,295,70
297,65,403,114
422,117,297,61
406,110,299,64
288,66,409,106
409,107,294,70
295,62,415,113
414,116,292,72
421,102,298,64
420,108,291,70
420,95,298,69
296,67,418,116
402,116,290,61
412,112,300,71
294,63,408,118
406,119,299,64
410,102,294,72
300,71,404,111
410,112,294,68
407,104,292,78
418,106,297,65
296,63,416,109
413,103,291,65
292,62,414,114
418,108,291,65
303,75,411,113
413,108,299,77
293,64,425,107
293,76,407,115
411,109,291,78
294,69,414,97
294,62,419,113
292,77,420,108
292,70,411,103
414,109,300,77
292,79,415,115
402,111,292,71
291,77,413,110
293,64,412,115
297,73,416,110
410,112,293,63
409,100,296,68
411,109,291,77
298,61,405,105
410,114,294,61
425,106,290,61
291,61,420,104
291,73,422,105
291,70,421,97
294,70,437,103
428,101,298,66
422,110,299,74
311,86,425,106
443,107,312,96
431,107,303,113
306,121,442,111
324,157,442,110
439,115,327,172
NaN,NaN,NaN,NaN
446,111,NaN,NaN
439,118,343,263
358,296,445,110
440,111,NaN,NaN
412,396,438,112
435,115,413,419
440,117,375,385
394,411,436,115
429,113,395,410
449,113,394,400
382,405,445,113
444,111,388,402
385,409,445,107
383,409,437,120
383,416,444,108
459,103,387,420
446,118,388,416
385,397,438,120
367,382,438,113
441,107,380,357
378,343,445,111
442,109,375,325
346,270,446,114
445,115,345,239
347,231,439,108
442,112,325,201
447,109,312,181
295,165,446,115
442,109,292,150
283,132,449,120
271,114,445,111
262,109,436,110
430,115,NaN,NaN
443,115,257,97
256,92,446,108
448,107,251,79
443,111,256,81
433,110,257,78
251,93,431,113
433,105,258,87
435,100,251,83
439,102,249,90
432,102,251,72
253,83,445,108
428,117,254,72
441,108,254,92
441,110,252,72
442,110,255,87
260,84,442,99
258,88,445,105
257,88,443,99
441,115,247,71
437,109,247,74
258,88,438,110
437,108,265,74
435,108,263,69
266,64,439,101
432,119,275,67
294,72,439,113
299,61,434,105
330,65,431,111
434,118,322,79
426,118,328,75
435,105,333,78
444,109,347,79
432,113,329,73
337,76,433,116
438,112,338,75
352,77,455,103
446,111,348,76
348,82,446,122
350,82,450,117
442,121,346,71
354,77,449,104
349,74,447,110
440,115,347,64
446,109,347,69
444,111,345,83
344,74,438,112
450,111,355,80
346,75,444,102
351,82,443,112
442,108,340,69
346,69,444,114
447,99,350,79
343,77,437,117
443,119,350,77
447,110,346,82
341,75,434,110
350,75,452,107
349,87,445,119
342,78,442,106
344,81,435,119
448,115,349,85
442,120,349,88
440,114,343,88
445,114,347,90
443,116,344,85
342,83,440,129
344,87,440,106
441,112,338,87
445,114,349,76
350,79,450,119
352,74,439,127
367,80,464,125
351,82,448,121
445,128,355,76
454,119,357,86
456,119,359,91
369,78,459,122
361,95,460,122
469,128,372,87
368,72,468,127
469,122,368,89
379,78,468,125
473,123,373,83
369,76,460,120
369,85,466,116
369,80,462,121
466,121,364,85
472,125,378,81
371,74,471,120
379,84,476,136
378,79,466,127
380,81,479,132
474,127,377,81
468,127,375,80
465,132,365,72
470,125,378,78
378,77,478,125
470,128,375,82
369,81,465,115
473,131,375,73
477,133,377,81
473,122,376,83
466,118,371,86
474,131,373,86
365,80,468,120
474,119,371,91
467,119,367,70
368,84,464,126
367,84,467,122
373,93,471,114
373,88,472,126
467,125,369,82
472,132,372,70
469,124,368,81
469,113,371,87
369,79,466,127
464,128,365,82
468,128,369,83
368,76,462,129
471,130,373,75
466,126,367,74
468,128,371,77
370,82,467,128
367,83,467,127
463,126,364,75
365,72,467,121
464,119,364,78
469,126,367,77
369,91,469,117
465,121,366,88
472,121,372,78
367,88,467,122
377,84,476,121
471,129,371,80
368,91,467,121
470,121,369,87
370,91,467,125
374,92,474,114
466,116,365,85
369,84,470,119
369,79,471,126
370,93,471,125
375,90,472,111
372,93,474,113
473,122,374,81
380,96,481,119
486,125,383,86
474,117,374,81
378,83,478,117
372,77,470,122
474,122,377,85
380,86,480,96
373,74,469,118
374,73,471,122
382,80,484,119
475,122,376,93
382,95,481,124
475,127,373,85
476,122,376,80
378,85,482,121
375,84,473,101
371,84,472,124
477,116,379,74
478,119,374,83
373,90,476,116
373,99,473,118
369,74,467,116
371,89,471,121
367,91,467,131
369,84,473,117
472,124,365,83
470,118,365,96
462,132,363,87
354,75,453,119
459,112,353,75
366,86,467,120
366,86,469,113
360,80,471,110
475,114,364,82
362,73,467,114
476,112,370,96
457,112,358,89
464,114,366,92
465,115,360,89
475,112,364,90
351,77,449,120
474,116,370,105
367,95,477,128
474,120,363,82
465,112,360,81
459,116,357,93
460,119,363,99
458,123,355,95
363,87,459,112
360,83,459,117
360,83,458,119
474,127,370,82
468,120,367,93
371,80,474,113
363,85,462,122
366,94,465,124
364,87,465,124
362,76,463,114
469,114,369,100
457,125,357,92
465,115,361,86
476,119,372,83
464,107,364,92
458,123,357,87
371,92,473,114
360,77,460,119
368,83,469,114
362,80,462,124
359,77,466,124
477,118,372,67
NaN,NaN,481,130
NaN,NaN,453,115
NaN,NaN,436,131
461,124,NaN,NaN
435,123,NaN,NaN
NaN,NaN,433,128
437,129,NaN,NaN
NaN,NaN,441,125
NaN,NaN,455,115
437,135,NaN,NaN
NaN,NaN,437,132
NaN,NaN,435,126
434,136,NaN,NaN
NaN,NaN,442,121
NaN,NaN,437,130
NaN,NaN,NaN,NaN
438,128,NaN,NaN
NaN,NaN,436,132
437,126,NaN,NaN
NaN,NaN,454,121
367,68,473,116
375,70,470,117
362,64,477,117
458,114,358,70
469,118,367,85
369,93,472,115
461,116,358,78
464,119,361,88
460,116,362,86
475,120,372,100
457,118,356,103
473,128,370,98
361,91,464,120
460,121,361,78
358,95,460,112
355,94,457,124
362,95,468,120
465,124,366,97
455,115,354,95
368,101,470,119
475,124,369,94
468,122,365,94
367,99,468,122
365,101,472,123
360,90,463,117
462,118,361,90
363,95,463,115
470,130,367,106
457,124,358,85
368,98,468,128
465,119,359,96
473,124,366,104
461,119,362,89
363,95,473,119
467,120,364,100
366,108,468,130
363,103,467,117
456,127,350,95
461,113,358,97
364,104,462,121
359,103,461,135
465,133,364,109
471,124,372,99
464,126,356,88
364,75,464,129
360,83,462,115
476,124,346,97
475,123,335,81
340,90,469,126
348,83,476,132
345,84,471,127
341,79,468,118
472,126,339,86
479,133,345,91
469,129,345,95
467,124,NaN,NaN
NaN,NaN,473,114
470,114,NaN,NaN
469,114,340,87
NaN,NaN,456,121
465,121,342,96
455,125,NaN,NaN
458,116,NaN,NaN
NaN,NaN,457,118
NaN,NaN,468,130
NaN,NaN,459,120
NaN,NaN,463,125
466,129,NaN,NaN
471,124,NaN,NaN
463,124,NaN,NaN
463,130,NaN,NaN
462,121,NaN,NaN
453,127,NaN,NaN
461,124,NaN,NaN
NaN,NaN,461,126
NaN,NaN,460,126
NaN,NaN,468,122
469,123,NaN,NaN
461,124,NaN,NaN
458,127,NaN,NaN
462,120,NaN,NaN
NaN,NaN,462,128
NaN,NaN,465,123
NaN,NaN,466,126
NaN,NaN,464,119
NaN,NaN,469,122
346,88,472,125
458,125,348,97
351,89,459,125
468,134,349,94
460,142,355,95
354,97,460,124
353,95,464,129
347,99,456,150
347,103,NaN,NaN
351,106,NaN,NaN
NaN,NaN,355,107
400,324,352,114
NaN,NaN,NaN,NaN
356,115,358,385
336,394,350,114
343,406,351,110
331,410,357,116
330,416,355,97
346,105,328,401
358,116,319,392
357,113,325,396
331,400,351,115
326,410,360,117
349,98,328,409
361,115,333,392
329,396,346,104
356,111,320,386
323,387,348,108
360,104,324,407
332,403,347,112
331,405,350,107
335,397,348,106
358,103,337,406
349,385,356,100
368,349,354,116
373,359,345,110
349,114,NaN,NaN
NaN,NaN,350,108
345,106,NaN,NaN
NaN,NaN,352,122
NaN,NaN,365,125
NaN,NaN,374,130
458,130,357,108
NaN,NaN,363,103
433,121,NaN,NaN
360,101,467,111
358,101,461,106
361,103,461,103
368,95,469,88
360,101,463,89
469,84,368,79
371,85,474,101
366,99,464,89
469,101,368,86
489,104,384,101
487,95,385,110
NaN,NaN,409,99
489,87,385,108
479,99,379,95
NaN,NaN,404,105
487,86,386,105
399,98,NaN,NaN
481,90,381,102
376,104,478,89
NaN,NaN,382,108
370,96,469,100
NaN,NaN,392,110
371,91,471,102
390,113,491,96
NaN,NaN,394,112
488,123,386,95
369,103,470,117
372,114,473,122
361,76,467,116
373,113,473,132
NaN,NaN,461,140
367,103,467,151
354,104,465,148
475,149,361,103
NaN,NaN,475,154
364,110,474,132
461,146,NaN,NaN
465,153,363,106
485,151,365,107
363,105,476,132
464,143,NaN,NaN
357,108,465,147
472,146,365,103
472,139,351,108
474,134,352,103
470,138,355,110
NaN,NaN,465,119
468,128,NaN,NaN
NaN,NaN,468,129
473,132,NaN,NaN
471,127,NaN,NaN
365,104,493,121
359,106,471,131
361,103,485,129
469,126,360,106
364,106,476,135
366,102,487,131
350,90,471,138
470,141,355,108
472,163,371,104
489,172,355,109
486,192,364,103
NaN,NaN,NaN,NaN
363,104,476,280
350,90,491,342
485,366,353,93
348,97,486,371
360,98,483,399
455,384,NaN,NaN
NaN,NaN,436,377
359,98,447,379
453,398,368,101
446,403,353,104
448,408,358,96
357,106,461,404
443,393,349,84
360,99,445,409
356,94,447,380
353,93,449,380
472,379,351,91
482,373,NaN,NaN
NaN,NaN,487,352
NaN,NaN,481,324
NaN,NaN,NaN,NaN
NaN,NaN,NaN,NaN
NaN,NaN,NaN,NaN
453,187,359,87
451,137,350,101
362,100,461,141
447,147,349,93
363,105,470,119
458,114,345,86
448,95,345,95
456,65,356,100
350,100,462,68
461,63,361,86
354,97,457,64
463,62,357,101
NaN,NaN,451,66
NaN,NaN,NaN,NaN
NaN,NaN,NaN,NaN
NaN,NaN,NaN,NaN
NaN,NaN,NaN,NaN
NaN,NaN,457,70
NaN,NaN,NaN,NaN
NaN,NaN,NaN,NaN
NaN,NaN,NaN,NaN
NaN,NaN,NaN,NaN
NaN,NaN,NaN,NaN
NaN,NaN,NaN,NaN
444,86,NaN,NaN
456,108,NaN,NaN
NaN,NaN,447,107
355,61,456,104
466,84,367,77
NaN,NaN,459,100
463,103,361,67
454,91,NaN,NaN
360,61,457,80
361,62,462,87
366,69,467,102
369,74,470,85
363,64,464,77
456,89,NaN,NaN
451,98,NaN,NaN
450,94,NaN,NaN
452,88,NaN,NaN
445,98,NaN,NaN
443,110,346,62
442,104,NaN,NaN
446,97,347,64
347,64,446,95
354,68,451,89
355,68,455,88
451,87,352,62
363,67,462,81
363,62,456,86
372,64,468,89
388,61,NaN,NaN
477,83,384,69
NaN,NaN,433,81
NaN,NaN,431,84
378,62,469,91
472,102,371,62
471,90,371,61
470,94,378,68
383,65,481,85
369,69,469,104
480,89,379,65
486,99,384,73
379,67,474,86
415,76,NaN,NaN
NaN,NaN,419,71
388,73,485,96
384,75,487,87
385,73,486,91
388,65,479,93
483,103,382,61
476,90,380,73
NaN,NaN,406,64
425,87,NaN,NaN
421,79,NaN,NaN
387,61,485,103
379,63,488,97
369,61,455,88
374,70,458,91
465,93,373,72
409,71,NaN,NaN
NaN,NaN,411,63
394,66,488,98
NaN,NaN,408,68
422,71,NaN,NaN
484,100,384,63
416,67,NaN,NaN
406,79,NaN,NaN
415,78,NaN,NaN
421,85,NaN,NaN
409,75,NaN,NaN
404,71,NaN,NaN
378,65,466,93
477,97,383,68
NaN,NaN,416,64
505,79,394,64
398,61,NaN,NaN
410,64,NaN,NaN
416,61,NaN,NaN
NaN,NaN,418,91
421,78,NaN,NaN
NaN,NaN,406,65
474,97,373,66
476,105,387,62
NaN,NaN,406,73
NaN,NaN,399,65
506,78,413,61
NaN,NaN,422,65
408,69,508,75
403,65,507,73
505,81,397,62
476,88,383,64
465,82,377,63
406,79,507,72
486,104,388,67
375,63,475,99
502,90,402,77
368,72,467,91
387,71,488,105
375,64,474,95
373,64,472,101
478,86,378,61
465,86,375,61
371,62,475,90
385,61,485,107
370,64,471,102
470,96,376,68
396,64,486,99
377,67,475,103
376,62,478,102
471,86,375,67
485,101,386,61
395,61,NaN,NaN
476,86,379,62
381,62,485,103
373,74,474,93
478,106,379,65
NaN,NaN,415,77
476,100,379,75
392,61,483,98
482,101,387,65
374,63,471,89
NaN,NaN,400,71
404,71,502,92
386,67,480,108
476,101,375,62
375,64,471,86
382,63,476,110
467,114,378,62
470,95,376,63
369,71,469,95
464,88,374,63
NaN,NaN,413,79
468,96,373,72
372,66,464,93
374,61,473,100
NaN,NaN,410,79
373,62,471,91
470,96,369,74
373,62,466,94
386,65,481,104
377,65,476,102
390,63,485,107
NaN,NaN,409,80
NaN,NaN,417,85
378,76,479,100
376,75,476,101
363,71,462,91
467,88,375,66
475,86,374,62
477,98,382,61
NaN,NaN,389,66
375,67,463,105
461,93,362,68
375,67,474,85
376,68,468,98
379,61,473,96
390,64,NaN,NaN
472,99,372,75
385,68,481,103
378,65,473,86
381,69,481,105
472,102,376,74
364,62,462,90
474,101,374,64
462,88,366,73
382,65,478,98
375,64,467,91
470,98,373,64
457,100,370,67
369,66,469,83
373,65,477,99
376,67,464,93
358,64,458,96
373,68,470,88
371,66,475,104
476,105,372,61
383,74,484,104
478,97,389,68
371,62,469,87
477,100,378,81
371,80,476,96
481,96,376,84
370,62,469,105
477,101,383,70
480,96,381,82
375,64,477,104
379,70,479,100
364,74,463,89
369,69,463,89
368,76,467,97
364,77,463,94
478,96,380,62
482,102,382,62
365,70,468,97
363,63,463,94
379,68,473,93
467,105,369,66
465,96,372,73
363,65,465,88
468,99,370,62
369,70,469,86
466,95,371,63
462,92,361,65
377,69,472,93
375,61,472,101
473,105,380,61
368,62,468,85
471,94,375,61
474,99,369,64
463,84,368,63
368,64,467,103
484,96,385,64
460,96,364,76
371,61,467,84
369,75,468,95
387,63,487,106
475,87,379,72
367,70,460,96
463,92,363,61
463,94,364,74
365,61,466,103
375,78,476,91
371,67,472,91
364,62,463,92
351,62,453,90
364,62,468,93
362,72,469,94
456,87,353,71
461,92,348,70
456,88,356,81
354,72,452,98
357,76,464,92
465,103,358,84
471,90,364,88
351,81,450,101
359,86,469,97
361,70,460,111
353,82,460,105
460,109,361,61
474,98,373,82
353,72,469,99
461,100,353,74
368,65,472,107
469,104,360,81
360,76,458,105
365,70,461,99
459,110,356,79
360,83,467,103
462,102,358,69
372,73,478,109
463,91,359,79
365,70,468,99
363,89,471,92
360,65,466,87
369,66,471,91
364,91,466,99
473,96,367,71
371,75,472,108
365,88,464,90
462,101,363,67
377,84,477,88
464,97,366,84
475,90,367,87
371,72,480,105
471,87,373,72
374,82,475,97
471,91,360,77
354,72,463,96
459,98,361,66
471,108,369,66
470,105,368,72
365,87,468,91
464,97,370,66
463,86,360,85
470,89,364,87
476,98,372,73
362,68,464,109
460,124,360,89
352,70,455,164
NaN,NaN,371,73
NaN,NaN,367,72
368,73,NaN,NaN
367,67,383,336
NaN,NaN,NaN,NaN
NaN,NaN,370,81
369,66,333,370
379,70,322,378
322,382,373,73
317,384,371,72
316,393,367,66
362,67,317,390
318,390,366,71
321,394,372,76
375,77,NaN,NaN
318,402,374,77
371,75,323,402
369,72,302,386
302,396,372,78
313,386,366,71
369,72,309,389
312,393,370,74
316,408,371,76
310,389,369,71
310,394,382,79
371,73,311,386
305,397,373,84
307,398,373,73
375,71,316,401
320,398,375,79
318,402,366,67
363,69,321,393
338,407,371,68
348,371,366,72
366,66,360,376
370,74,351,335
366,83,NaN,NaN
369,74,NaN,NaN
NaN,NaN,370,68
NaN,NaN,366,66
370,69,401,197
378,62,419,176
422,156,366,68
345,78,427,148
340,77,430,143
424,136,327,71
434,139,338,77
341,89,441,124
431,127,338,72
NaN,NaN,417,119
459,117,361,101
473,125,372,102
467,114,361,96
480,118,381,91
474,108,370,84
470,108,370,90
369,95,470,116
349,90,447,111
474,112,372,90
451,107,352,88
379,104,481,112
457,111,355,109
334,91,435,112
443,102,337,93
344,92,442,111
332,96,440,108
339,94,445,101
439,98,328,91
442,85,332,74
439,84,339,92
328,68,430,83
427,76,327,70
438,82,318,100
316,95,431,82
439,85,323,101
436,94,334,88
450,96,335,85
458,78,340,70
438,91,337,106
325,95,434,96
335,81,438,100
438,95,NaN,NaN
449,97,NaN,NaN
441,108,340,88
330,75,444,100
345,88,449,102
347,85,442,106
360,84,461,107
353,68,454,107
362,75,459,94
467,110,365,70
391,84,NaN,NaN
NaN,NaN,393,81
369,61,470,116
390,77,NaN,NaN
388,74,NaN,NaN
386,69,NaN,NaN
386,80,NaN,NaN
371,67,477,116
382,77,NaN,NaN
NaN,NaN,387,76
384,74,NaN,NaN
NaN,NaN,393,78
NaN,NaN,389,62
NaN,NaN,390,65
NaN,NaN,396,68
401,87,NaN,NaN
NaN,NaN,383,75
392,83,NaN,NaN
NaN,NaN,400,79
379,76,NaN,NaN
NaN,NaN,383,63
NaN,NaN,379,83
NaN,NaN,388,61
388,76,NaN,NaN
NaN,NaN,393,62
NaN,NaN,389,81
NaN,NaN,381,70
383,75,NaN,NaN
NaN,NaN,391,87
387,83,NaN,NaN
392,82,NaN,NaN
391,73,NaN,NaN
476,111,374,68
NaN,NaN,376,77
NaN,NaN,384,73
NaN,NaN,378,74
NaN,NaN,373,62
354,61,450,94
471,111,372,72
396,71,NaN,NaN
361,76,461,87
456,119,361,68
450,95,349,64
NaN,NaN,387,80
NaN,NaN,392,89
NaN,NaN,383,85
393,88,NaN,NaN
388,93,488,101
388,89,489,95
NaN,NaN,393,75
390,96,486,92
387,80,484,109
394,90,NaN,NaN
486,113,386,93
390,105,491,95
393,103,491,92
491,93,384,94
368,106,471,75
367,107,473,104
461,83,366,136
343,163,444,95
NaN,NaN,413,123
NaN,NaN,416,122
422,106,NaN,NaN
428,109,NaN,NaN
416,110,NaN,NaN
NaN,NaN,427,109
429,105,NaN,NaN
417,109,NaN,NaN
424,101,NaN,NaN
NaN,NaN,425,109
419,105,NaN,NaN
NaN,NaN,426,112
419,115,NaN,NaN
421,124,NaN,NaN
NaN,NaN,427,104
421,106,NaN,NaN
NaN,NaN,419,106
418,114,NaN,NaN
420,120,NaN,NaN
420,107,NaN,NaN
421,107,NaN,NaN
419,119,NaN,NaN
417,110,NaN,NaN
417,114,NaN,NaN
NaN,NaN,427,105
NaN,NaN,421,110
419,114,NaN,NaN
421,119,NaN,NaN
NaN,NaN,423,104
417,121,NaN,NaN
425,111,NaN,NaN
422,110,NaN,NaN
427,110,NaN,NaN
414,111,NaN,NaN
426,117,NaN,NaN
427,109,NaN,NaN
NaN,NaN,421,108
423,112,NaN,NaN
420,111,NaN,NaN
NaN,NaN,430,102
429,103,NaN,NaN
NaN,NaN,423,109
430,107,NaN,NaN
429,101,NaN,NaN
423,106,NaN,NaN
425,107,NaN,NaN
NaN,NaN,430,96
429,101,NaN,NaN
NaN,NaN,440,106
457,99,362,173
347,151,449,96
462,92,360,129
369,132,475,88
NaN,NaN,378,125
NaN,NaN,NaN,NaN
482,87,385,107
392,113,NaN,NaN
386,125,485,94
445,112,348,93
452,115,NaN,NaN
NaN,NaN,434,122
441,107,NaN,NaN
NaN,NaN,446,114
464,100,NaN,NaN
NaN,NaN,344,84
NaN,NaN,345,79
348,75,NaN,NaN
NaN,NaN,352,75
NaN,NaN,350,93
350,87,NaN,NaN
356,86,NaN,NaN
NaN,NaN,358,93
447,124,NaN,NaN
NaN,NaN,NaN,NaN
NaN,NaN,NaN,NaN
NaN,NaN,NaN,NaN
346,69,451,94
347,79,449,96
350,71,461,106
NaN,NaN,354,62
NaN,NaN,361,63
NaN,NaN,342,64
NaN,NaN,366,71
345,71,NaN,NaN
NaN,NaN,351,62
NaN,NaN,354,61
359,64,NaN,NaN
NaN,NaN,357,71
363,73,NaN,NaN
359,63,NaN,NaN
364,67,NaN,NaN
368,78,NaN,NaN
NaN,NaN,363,95
NaN,NaN,439,95
351,75,NaN,NaN
453,110,350,82
NaN,NaN,355,90
357,100,456,133
362,99,NaN,NaN
357,104,455,149
359,106,458,152
356,110,457,151
358,95,460,149
455,148,NaN,NaN
NaN,NaN,460,151
445,155,NaN,NaN
NaN,NaN,451,159
NaN,NaN,463,160
452,165,NaN,NaN
NaN,NaN,462,152
NaN,NaN,464,159
NaN,NaN,463,160
462,157,NaN,NaN
NaN,NaN,452,160
452,156,NaN,NaN
455,158,NaN,NaN
NaN,NaN,462,158
450,160,NaN,NaN
NaN,NaN,462,160
447,166,NaN,NaN
NaN,NaN,457,159
440,169,321,66
NaN,NaN,454,157
451,155,NaN,NaN
453,157,NaN,NaN
NaN,NaN,451,152
458,149,NaN,NaN
NaN,NaN,455,153
457,155,NaN,NaN
NaN,NaN,458,149
NaN,NaN,460,141
NaN,NaN,NaN,NaN
NaN,NaN,NaN,NaN
NaN,NaN,467,128
474,116,NaN,NaN
NaN,NaN,NaN,NaN
NaN,NaN,NaN,NaN
NaN,NaN,NaN,NaN
NaN,NaN,NaN,NaN
NaN,NaN,NaN,NaN
NaN,NaN,NaN,NaN
NaN,NaN,NaN,NaN
NaN,NaN,NaN,NaN
NaN,NaN,NaN,NaN
NaN,NaN,NaN,NaN
NaN,NaN,NaN,NaN
NaN,NaN,NaN,NaN
NaN,NaN,NaN,NaN
NaN,NaN,NaN,NaN
NaN,NaN,NaN,NaN
NaN,NaN,NaN,NaN
NaN,NaN,NaN,NaN
NaN,NaN,NaN,NaN
NaN,NaN,NaN,NaN
NaN,NaN,NaN,NaN
NaN,NaN,NaN,NaN
NaN,NaN,NaN,NaN
NaN,NaN,NaN,NaN
NaN,NaN,NaN,NaN
NaN,NaN,NaN,NaN
NaN,NaN,NaN,NaN
NaN,NaN,NaN,NaN
NaN,NaN,NaN,NaN
NaN,NaN,NaN,NaN
NaN,NaN,NaN,NaN
NaN,NaN,NaN,NaN
NaN,NaN,NaN,NaN
NaN,NaN,NaN,NaN
NaN,NaN,NaN,NaN
NaN,NaN,NaN,NaN
NaN,NaN,NaN,NaN
NaN,NaN,NaN,NaN
NaN,NaN,NaN,NaN
NaN,NaN,NaN,NaN
NaN,NaN,NaN,NaN
NaN,NaN,NaN,NaN
NaN,NaN,NaN,NaN
NaN,NaN,NaN,NaN
NaN,NaN,NaN,NaN
NaN,NaN,NaN,NaN
NaN,NaN,NaN,NaN
NaN,NaN,NaN,NaN
NaN,NaN,NaN,NaN
NaN,NaN,NaN,NaN
NaN,NaN,NaN,NaN
NaN,NaN,NaN,NaN
NaN,NaN,NaN,NaN
NaN,NaN,NaN,NaN
NaN,NaN,NaN,NaN
NaN,NaN,NaN,NaN
NaN,NaN,NaN,NaN
NaN,NaN,NaN,NaN
NaN,NaN,NaN,NaN
NaN,NaN,NaN,NaN
NaN,NaN,NaN,NaN
NaN,NaN,NaN,NaN
NaN,NaN,NaN,NaN
NaN,NaN,NaN,NaN
NaN,NaN,NaN,NaN
NaN,NaN,NaN,NaN
NaN,NaN,NaN,NaN
NaN,NaN,NaN,NaN
NaN,NaN,NaN,NaN
NaN,NaN,NaN,NaN
NaN,NaN,NaN,NaN
NaN,NaN,NaN,NaN
NaN,NaN,NaN,NaN
NaN,NaN,NaN,NaN
NaN,NaN,NaN,NaN
NaN,NaN,NaN,NaN
NaN,NaN,NaN,NaN
NaN,NaN,NaN,NaN
NaN,NaN,NaN,NaN
NaN,NaN,NaN,NaN
NaN,NaN,NaN,NaN
NaN,NaN,NaN,NaN
NaN,NaN,NaN,NaN
NaN,NaN,NaN,NaN
NaN,NaN,NaN,NaN
NaN,NaN,NaN,NaN
NaN,NaN,NaN,NaN
NaN,NaN,NaN,NaN
NaN,NaN,NaN,NaN
NaN,NaN,NaN,NaN
NaN,NaN,NaN,NaN
NaN,NaN,NaN,NaN
NaN,NaN,NaN,NaN
NaN,NaN,NaN,NaN
NaN,NaN,NaN,NaN
450,70,342,133
466,88,346,150
460,110,345,145
477,103,NaN,NaN
479,132,NaN,NaN
NaN,NaN,NaN,NaN
NaN,NaN,483,152
460,172,NaN,NaN
463,167,NaN,NaN
455,168,NaN,NaN
466,164,NaN,NaN
461,161,NaN,NaN
460,166,NaN,NaN
NaN,NaN,465,164
460,162,NaN,NaN
461,164,NaN,NaN
462,159,NaN,NaN
462,150,NaN,NaN
465,149,NaN,NaN
455,161,NaN,NaN
NaN,NaN,461,145
469,148,NaN,NaN
NaN,NaN,457,144
452,142,NaN,NaN
362,149,461,141
NaN,NaN,454,151
450,144,351,157
463,141,351,156
348,124,455,136
449,140,348,149
352,125,454,140
459,145,357,126
462,138,355,130
359,132,463,138
455,136,353,130
452,139,350,153
353,130,462,138
463,134,352,132
351,122,453,137
449,144,345,132
346,125,450,144
369,126,468,130
456,142,352,155
447,147,347,129
459,140,349,132
456,124,351,135
450,148,347,127
447,134,346,150
455,135,356,151
450,140,350,120
354,136,456,136
371,123,475,122
346,115,453,144
347,130,451,124
367,121,467,121
350,133,462,118
450,120,349,138
447,138,344,138
354,142,453,130
459,134,360,120
464,129,358,117
354,127,455,115
351,120,449,138
352,116,453,127
354,129,459,108
357,137,460,127
354,115,454,135
374,118,472,115
353,121,452,130
458,124,356,115
353,130,454,119
349,110,451,126
443,126,344,125
444,116,344,131
350,139,451,114
452,122,352,142
345,141,452,128
451,129,349,122
342,139,450,129
446,132,346,143
452,125,349,124
341,132,440,133
350,118,456,116
447,133,344,134
352,119,455,119
445,133,345,119
347,120,446,126
352,124,451,127
346,133,456,124
455,131,351,147
348,139,461,117
448,132,344,125
447,129,349,134
341,134,441,122
453,113,347,124
346,127,455,117
470,107,369,114
472,100,364,107
448,111,343,109
366,121,472,104
347,115,452,106
468,101,370,121
357,113,466,100
444,119,341,113
465,100,354,121
461,117,352,121
342,108,449,119
340,106,465,117
341,102,467,138
478,126,341,102
340,93,483,120
353,100,476,125
353,92,466,128
NaN,NaN,358,98
346,94,NaN,NaN
346,94,NaN,NaN
343,112,NaN,NaN
336,109,NaN,NaN
NaN,NaN,345,118
NaN,NaN,340,116
NaN,NaN,335,116
472,125,325,108
334,125,470,134
474,137,344,113
338,113,473,131
337,107,475,131
475,135,344,119
474,132,328,97
471,137,339,113
335,105,476,133
475,129,326,119
332,108,479,129
474,136,339,107
477,139,346,128
470,136,342,115
336,111,481,132
480,127,336,110
338,114,479,137
481,139,339,116
481,135,326,122
335,114,472,137
475,126,327,123
329,113,469,133
323,121,466,134
324,109,477,114
473,127,322,123
334,128,467,135
319,114,460,147
324,119,449,149
325,116,433,154
428,169,323,125
320,124,431,187
NaN,NaN,NaN,NaN
328,122,NaN,NaN
NaN,NaN,321,116
337,361,329,124
324,373,327,118
329,126,NaN,NaN
NaN,NaN,326,122
NaN,NaN,332,124
324,125,NaN,NaN
321,111,NaN,NaN
325,401,326,116
325,404,332,120
319,404,326,112
328,407,330,123
331,120,330,404
321,111,328,399
323,117,325,400
326,105,325,405
323,119,321,404
325,397,326,114
319,404,324,110
329,115,319,397
331,118,315,395
324,394,325,113
NaN,NaN,326,105
NaN,NaN,324,115
329,120,NaN,NaN
322,112,NaN,NaN
322,111,NaN,NaN
329,119,NaN,NaN
324,116,NaN,NaN
336,389,330,117
327,119,339,382
348,375,324,103
321,110,350,364
329,125,380,361
324,111,384,316
386,287,324,108
NaN,NaN,320,116
327,106,NaN,NaN
320,104,NaN,NaN
317,106,NaN,NaN
326,113,NaN,NaN
421,167,322,97
328,104,428,158
325,101,423,148
427,156,318,111
433,145,323,112
431,147,331,119
321,118,432,146
317,112,419,150
326,118,418,140
330,122,427,126
420,132,317,108
337,110,432,134
330,96,429,123
318,117,416,132
424,115,326,103
429,123,324,107
319,105,418,142
313,98,420,124
322,123,424,146
442,141,315,118
316,126,432,137
314,111,438,147
316,115,433,145
316,124,451,141
313,99,452,144
315,104,460,142
448,134,327,115
324,115,453,145
323,104,451,137
330,105,455,131
454,122,329,106
453,130,332,107
341,110,455,138
457,131,339,107
460,122,331,108
342,105,453,132
346,118,451,139
348,115,460,120
454,121,349,117
350,120,457,124
350,122,460,113
456,119,352,103
354,106,453,129
351,125,454,133
453,150,352,100
449,147,349,104
350,111,450,141
349,98,449,139
454,146,353,109
352,110,451,141
347,101,450,144
455,122,351,118
378,121,477,122
373,124,474,139
359,94,475,141
451,134,351,125
463,146,360,127
357,124,455,148
445,147,347,113
361,127,462,146
469,130,370,129
453,148,NaN,NaN
438,151,NaN,NaN
436,151,NaN,NaN
350,117,450,149
350,118,449,149
438,153,NaN,NaN
447,151,NaN,NaN
356,124,461,142
452,155,347,117
461,151,361,138
359,129,468,147
NaN,NaN,444,164
NaN,NaN,454,158
NaN,NaN,444,152
346,122,447,147
447,163,341,126
447,147,345,132
335,124,NaN,NaN
NaN,NaN,343,131
343,127,NaN,NaN
334,130,NaN,NaN
333,123,NaN,NaN
324,129,NaN,NaN
NaN,NaN,323,125
334,135,NaN,NaN
NaN,NaN,332,131
NaN,NaN,335,138
327,128,NaN,NaN
330,122,NaN,NaN
NaN,NaN,332,129
336,128,NaN,NaN
335,126,NaN,NaN
333,127,NaN,NaN
323,115,NaN,NaN
326,117,NaN,NaN
336,119,NaN,NaN
NaN,NaN,327,115
332,122,NaN,NaN
NaN,NaN,333,132
331,111,NaN,NaN
330,119,NaN,NaN
327,119,NaN,NaN
NaN,NaN,321,129
307,126,408,142
293,140,NaN,NaN
NaN,NaN,NaN,NaN
NaN,NaN,NaN,NaN
NaN,NaN,NaN,NaN
NaN,NaN,NaN,NaN
NaN,NaN,NaN,NaN
NaN,NaN,NaN,NaN
NaN,NaN,NaN,NaN
NaN,NaN,NaN,NaN
306,152,NaN,NaN
302,142,NaN,NaN
318,144,NaN,NaN
NaN,NaN,322,153
NaN,NaN,323,150
344,146,NaN,NaN
NaN,NaN,320,140
NaN,NaN,325,154
331,133,426,140
NaN,NaN,337,140
415,140,313,159
335,141,NaN,NaN
NaN,NaN,336,143
335,142,NaN,NaN
303,145,412,133
315,155,420,148
413,141,313,165
337,136,NaN,NaN
NaN,NaN,304,160
NaN,NaN,NaN,NaN
NaN,NaN,NaN,NaN
NaN,NaN,238,214
NaN,NaN,202,234
NaN,NaN,NaN,NaN
143,315,NaN,NaN
NaN,NaN,118,313
NaN,NaN,92,335
88,336,NaN,NaN
NaN,NaN,89,351
80,386,NaN,NaN
NaN,NaN,82,381
84,381,NaN,NaN
NaN,NaN,83,417
82,391,NaN,NaN
93,392,NaN,NaN
NaN,NaN,90,417
81,383,NaN,NaN
NaN,NaN,100,397
77,389,NaN,NaN
NaN,NaN,93,389
80,394,NaN,NaN
NaN,NaN,89,383
NaN,NaN,70,392
90,365,NaN,NaN
NaN,NaN,92,371
NaN,NaN,86,374
86,350,NaN,NaN
NaN,NaN,97,337
NaN,NaN,128,278
NaN,NaN,121,287
180,226,NaN,NaN
NaN,NaN,180,224
207,183,NaN,NaN
234,159,NaN,NaN
NaN,NaN,236,157
274,128,NaN,NaN
285,107,NaN,NaN
295,116,NaN,NaN
NaN,NaN,297,100
NaN,NaN,322,99
NaN,NaN,307,77
NaN,NaN,330,78
NaN,NaN,333,91
335,84,NaN,NaN
NaN,NaN,NaN,NaN
NaN,NaN,NaN,NaN
NaN,NaN,NaN,NaN
328,96,NaN,NaN
326,96,NaN,NaN
334,97,NaN,NaN
NaN,NaN,327,100
338,103,NaN,NaN
NaN,NaN,NaN,NaN
NaN,NaN,NaN,NaN
NaN,NaN,NaN,NaN
326,114,NaN,NaN
328,120,NaN,NaN
NaN,NaN,320,109
320,118,NaN,NaN
317,127,NaN,NaN
NaN,NaN,299,128
NaN,NaN,296,128
NaN,NaN,NaN,NaN
NaN,NaN,NaN,NaN
NaN,NaN,NaN,NaN
NaN,NaN,NaN,NaN
157,260,NaN,NaN
NaN,NaN,NaN,NaN
136,288,NaN,NaN
95,335,NaN,NaN
96,331,NaN,NaN
92,349,NaN,NaN
93,362,NaN,NaN
NaN,NaN,95,368
NaN,NaN,89,375
87,394,NaN,NaN
78,396,NaN,NaN
NaN,NaN,76,395
94,409,NaN,NaN
90,410,NaN,NaN
82,418,NaN,NaN
NaN,NaN,84,416
58,415,NaN,NaN
NaN,NaN,62,417
65,416,NaN,NaN
NaN,NaN,54,413
NaN,NaN,53,414
NaN,NaN,81,411
70,411,NaN,NaN
NaN,NaN,71,405
79,399,NaN,NaN
73,399,NaN,NaN
NaN,NaN,78,380
NaN,NaN,77,361
85,375,NaN,NaN
NaN,NaN,86,355
121,316,NaN,NaN
NaN,NaN,120,313
125,315,NaN,NaN
140,254,NaN,NaN
NaN,NaN,140,249
157,229,NaN,NaN
NaN,NaN,192,178
198,178,NaN,NaN
227,140,NaN,NaN
242,104,NaN,NaN
NaN,NaN,247,111
265,86,NaN,NaN
301,64,NaN,NaN
300,66,NaN,NaN
NaN,NaN,323,65
336,62,NaN,NaN
NaN,NaN,340,72
349,62,NaN,NaN
340,64,NaN,NaN
NaN,NaN,338,64
332,65,NaN,NaN
NaN,NaN,NaN,NaN
NaN,NaN,NaN,NaN
NaN,NaN,NaN,NaN
NaN,NaN,NaN,NaN
NaN,NaN,NaN,NaN
NaN,NaN,NaN,NaN
NaN,NaN,NaN,NaN
NaN,NaN,NaN,NaN
NaN,NaN,NaN,NaN
NaN,NaN,NaN,NaN
NaN,NaN,NaN,NaN
NaN,NaN,NaN,NaN
NaN,NaN,NaN,NaN
NaN,NaN,NaN,NaN
NaN,NaN,NaN,NaN
NaN,NaN,NaN,NaN
NaN,NaN,NaN,NaN
NaN,NaN,NaN,NaN
NaN,NaN,NaN,NaN
NaN,NaN,NaN,NaN
NaN,NaN,NaN,NaN
NaN,NaN,NaN,NaN
NaN,NaN,NaN,NaN
NaN,NaN,NaN,NaN
NaN,NaN,NaN,NaN
NaN,NaN,NaN,NaN
NaN,NaN,NaN,NaN
NaN,NaN,NaN,NaN
NaN,NaN,NaN,NaN
NaN,NaN,NaN,NaN
NaN,NaN,NaN,NaN
NaN,NaN,NaN,NaN
NaN,NaN,NaN,NaN
NaN,NaN,NaN,NaN
NaN,NaN,NaN,NaN
NaN,NaN,NaN,NaN
NaN,NaN,NaN,NaN
NaN,NaN,NaN,NaN
NaN,NaN,NaN,NaN
NaN,NaN,NaN,NaN
345,162,NaN,NaN
345,164,NaN,NaN
NaN,NaN,343,164
NaN,NaN,NaN,NaN
NaN,NaN,NaN,NaN
NaN,NaN,NaN,NaN
NaN,NaN,NaN,NaN
NaN,NaN,NaN,NaN
NaN,NaN,NaN,NaN
NaN,NaN,NaN,NaN
NaN,NaN,NaN,NaN
NaN,NaN,NaN,NaN
NaN,NaN,NaN,NaN
NaN,NaN,NaN,NaN
NaN,NaN,NaN,NaN
NaN,NaN,NaN,NaN
NaN,NaN,NaN,NaN
NaN,NaN,444,83
443,78,NaN,NaN
NaN,NaN,447,76
NaN,NaN,441,64
437,61,NaN,NaN
442,63,NaN,NaN
NaN,NaN,NaN,NaN
NaN,NaN,NaN,NaN
NaN,NaN,NaN,NaN
NaN,NaN,NaN,NaN
NaN,NaN,NaN,NaN
NaN,NaN,NaN,NaN
NaN,NaN,NaN,NaN
NaN,NaN,NaN,NaN
NaN,NaN,NaN,NaN
356,130,NaN,NaN
NaN,NaN,NaN,NaN
NaN,NaN,NaN,NaN
NaN,NaN,352,155
NaN,NaN,NaN,NaN
361,119,NaN,NaN
373,128,NaN,NaN
NaN,NaN,366,115
NaN,NaN,370,114
368,117,NaN,NaN
NaN,NaN,365,109
362,104,NaN,NaN
NaN,NaN,358,129
345,118,NaN,NaN
NaN,NaN,354,134
345,136,NaN,NaN
349,136,NaN,NaN
NaN,NaN,336,138
NaN,NaN,331,131
NaN,NaN,314,113
312,134,424,61
334,137,444,61
451,70,342,128
350,139,472,89
490,77,337,137
489,83,327,139
483,78,335,135
332,125,453,83
337,135,459,85
325,124,479,75
439,82,325,128
339,134,467,63
459,92,344,132
NaN,NaN,345,124
NaN,NaN,343,127
353,121,NaN,NaN
NaN,NaN,350,112
NaN,NaN,350,113
NaN,NaN,351,119
356,122,NaN,NaN
349,107,NaN,NaN
NaN,NaN,358,122
348,115,NaN,NaN
NaN,NaN,357,124
360,127,NaN,NaN
NaN,NaN,346,115
NaN,NaN,353,126
NaN,NaN,354,116
NaN,NaN,348,125
349,119,NaN,NaN
347,117,NaN,NaN
345,107,NaN,NaN
329,124,NaN,NaN
NaN,NaN,356,129
353,132,NaN,NaN
349,108,NaN,NaN
351,137,NaN,NaN
NaN,NaN,351,142
NaN,NaN,357,120
NaN,NaN,338,124
355,114,NaN,NaN
NaN,NaN,339,124
NaN,NaN,340,133
340,124,NaN,NaN
NaN,NaN,340,130
NaN,NaN,339,124
NaN,NaN,344,131
NaN,NaN,337,138
327,156,NaN,NaN
NaN,NaN,329,154
354,165,NaN,NaN
NaN,NaN,358,213
NaN,NaN,360,208
NaN,NaN,NaN,NaN
NaN,NaN,NaN,NaN
NaN,NaN,NaN,NaN
NaN,NaN,NaN,NaN
407,318,NaN,NaN
NaN,NaN,416,342
413,343,NaN,NaN
415,360,NaN,NaN
414,357,NaN,NaN
NaN,NaN,NaN,NaN
NaN,NaN,425,373
425,371,NaN,NaN
NaN,NaN,422,378
NaN,NaN,416,379
422,381,NaN,NaN
NaN,NaN,421,382
424,384,NaN,NaN
424,385,NaN,NaN
NaN,NaN,420,382
421,363,NaN,NaN
NaN,NaN,421,371
405,353,NaN,NaN
398,308,NaN,NaN
417,321,NaN,NaN
NaN,NaN,402,278
NaN,NaN,414,232
403,222,NaN,NaN
403,205,NaN,NaN
409,175,NaN,NaN
401,157,NaN,NaN
401,141,NaN,NaN
NaN,NaN,392,128
506,103,396,114
400,115,501,99
490,108,390,108
401,105,502,72
496,90,403,111
417,124,NaN,NaN
NaN,NaN,412,113
NaN,NaN,405,109
494,77,391,100
490,70,391,92
408,100,NaN,NaN
505,61,415,107
407,97,NaN,NaN
NaN,NaN,406,108
403,79,503,104
489,71,387,100
NaN,NaN,405,103
406,106,505,95
484,90,384,96
NaN,NaN,423,118
NaN,NaN,403,108
392,118,NaN,NaN
489,62,396,130
398,113,490,63
481,75,382,97
385,125,479,75
383,123,486,63
390,115,NaN,NaN
385,123,484,62
489,68,387,106
494,64,393,126
473,116,372,106
397,115,NaN,NaN
NaN,NaN,401,123
389,101,483,74
409,126,NaN,NaN
NaN,NaN,385,110
378,122,NaN,NaN
NaN,NaN,405,133
NaN,NaN,464,121
NaN,NaN,409,136
NaN,NaN,464,143
394,127,NaN,NaN
NaN,NaN,397,115
NaN,NaN,390,114
NaN,NaN,444,149
399,131,NaN,NaN
NaN,NaN,405,131
NaN,NaN,395,130
NaN,NaN,396,130
397,113,NaN,NaN
NaN,NaN,397,123
499,100,406,129
477,99,375,103
374,99,474,117
NaN,NaN,416,132
483,79,385,106
382,100,481,117
383,109,483,105
387,104,488,90
473,109,372,90
484,105,382,93
486,93,387,93
484,114,380,90
387,113,486,83
487,93,385,106
378,104,477,77
394,114,488,90
485,80,385,97
385,90,488,102
489,78,388,93
485,91,385,97
401,95,501,90
403,108,503,84
493,81,393,105
496,79,394,106
496,89,392,91
490,87,390,97
390,96,488,87
501,87,401,88
501,79,400,86
400,88,500,86
394,78,494,88
498,67,397,81
505,68,408,99
394,83,493,81
402,80,500,86
412,92,NaN,NaN
401,87,500,83
497,78,400,83
402,76,499,69
393,86,494,80
498,77,395,80
495,70,397,87
498,73,405,94
496,76,393,97
392,83,482,103
389,86,484,73
489,71,391,65
393,73,488,67
390,73,497,62
483,73,387,77
383,86,483,86
379,77,481,76
476,87,372,86
373,92,488,83
465,85,364,79
366,103,474,78
467,82,368,109
NaN,NaN,367,101
371,98,466,71
NaN,NaN,371,102
370,91,NaN,NaN
NaN,NaN,381,90
NaN,NaN,367,83
379,83,NaN,NaN
373,66,NaN,NaN
NaN,NaN,368,79
394,65,NaN,NaN
NaN,NaN,387,88
400,75,NaN,NaN
394,99,NaN,NaN
389,90,NaN,NaN
360,75,440,61
376,61,NaN,NaN
NaN,NaN,399,71
NaN,NaN,407,66
NaN,NaN,401,66
NaN,NaN,387,80
NaN,NaN,401,67
NaN,NaN,392,64
NaN,NaN,388,68
399,63,NaN,NaN
NaN,NaN,367,66
392,76,NaN,NaN
403,72,NaN,NaN
NaN,NaN,396,62
NaN,NaN,369,74
401,73,NaN,NaN
415,71,NaN,NaN
396,70,NaN,NaN
NaN,NaN,415,68
365,64,NaN,NaN
NaN,NaN,417,66
376,69,447,80
394,66,NaN,NaN
NaN,NaN,403,74
400,69,NaN,NaN
NaN,NaN,394,74
415,70,NaN,NaN
396,71,NaN,NaN
403,72,NaN,NaN
408,70,NaN,NaN
403,65,NaN,NaN
403,72,NaN,NaN
389,68,NaN,NaN
394,77,NaN,NaN
397,77,NaN,NaN
364,68,456,70
374,67,473,65
463,66,377,80
454,63,357,70
409,77,NaN,NaN
460,67,358,66
NaN,NaN,404,66
NaN,NaN,416,64
NaN,NaN,410,75
409,70,NaN,NaN
NaN,NaN,398,86
399,70,NaN,NaN
455,63,355,64
373,76,472,74
369,71,468,75
492,95,377,75
391,73,491,93
483,106,363,74
374,79,489,99
NaN,NaN,382,72
NaN,NaN,381,89
376,78,NaN,NaN
469,145,367,93
356,89,NaN,NaN
357,89,NaN,NaN
NaN,NaN,348,83
362,95,NaN,NaN
NaN,NaN,358,85
482,71,354,102
486,61,346,105
480,68,346,92
343,94,464,66
340,89,NaN,NaN
NaN,NaN,NaN,NaN
NaN,NaN,NaN,NaN
NaN,NaN,NaN,NaN
NaN,NaN,NaN,NaN
NaN,NaN,338,101
343,99,NaN,NaN
340,97,NaN,NaN
339,113,NaN,NaN
336,90,NaN,NaN
NaN,NaN,339,103
338,111,NaN,NaN
341,89,NaN,NaN
333,108,NaN,NaN
NaN,NaN,337,127
327,114,NaN,NaN
NaN,NaN,344,125
318,131,NaN,NaN
434,69,333,119
334,122,436,72
456,66,330,121
470,74,329,118
326,114,479,78
464,122,319,110
469,114,321,122
332,129,459,134
320,126,458,150
324,120,452,152
326,122,451,128
444,150,325,124
334,132,446,152
326,131,447,156
441,134,335,133
319,125,438,137
324,135,428,142
320,132,431,145
446,152,316,134
322,131,440,152
439,157,328,132
332,135,435,138
431,174,324,136
326,130,420,185
319,123,414,183
326,125,404,220
NaN,NaN,328,136
327,137,350,330
335,361,329,135
344,366,330,143
325,136,335,379
NaN,NaN,328,136
329,137,NaN,NaN
328,129,NaN,NaN
331,134,NaN,NaN
NaN,NaN,334,138
324,130,NaN,NaN
NaN,NaN,332,140
NaN,NaN,329,123
331,139,NaN,NaN
NaN,NaN,333,137
329,130,NaN,NaN
NaN,NaN,341,128
NaN,NaN,329,136
NaN,NaN,332,122
335,138,NaN,NaN
327,127,NaN,NaN
NaN,NaN,343,133
331,404,328,138
358,393,329,118
322,124,351,362
331,139,NaN,NaN
324,130,NaN,NaN
339,141,NaN,NaN
329,118,NaN,NaN
NaN,NaN,322,114
305,110,382,192
294,137,NaN,NaN
315,116,NaN,NaN
NaN,NaN,331,142
NaN,NaN,339,138
NaN,NaN,331,134
456,143,329,138
333,140,NaN,NaN
429,164,320,136
422,162,313,129
434,134,326,136
425,145,310,140
330,130,436,135
326,137,433,139
309,138,409,149
284,133,388,134
395,153,289,134
273,136,400,138
270,139,392,153
395,148,277,138
279,122,413,154
407,153,289,127
417,149,287,125
410,133,301,119
409,135,308,109
306,102,417,146
421,141,310,111
418,144,313,116
312,116,419,140
420,138,309,104
314,107,413,153
419,136,318,92
417,144,320,112
326,118,425,140
306,107,412,153
414,150,310,127
414,131,312,117
308,99,415,146
327,121,431,129
425,140,324,99
406,91,306,120
410,86,310,117
414,77,323,115
299,104,409,67
NaN,NaN,337,77
334,74,NaN,NaN
337,74,NaN,NaN
NaN,NaN,342,83
NaN,NaN,324,76
331,91,NaN,NaN
333,74,NaN,NaN
322,97,NaN,NaN
NaN,NaN,332,86
328,90,NaN,NaN
NaN,NaN,325,87
335,83,NaN,NaN
334,76,NaN,NaN
337,75,NaN,NaN
NaN,NaN,330,75
NaN,NaN,324,71
NaN,NaN,322,76
331,75,NaN,NaN
319,61,358,137
NaN,NaN,325,86
325,87,NaN,NaN
NaN,NaN,325,83
NaN,NaN,321,76
NaN,NaN,349,66
307,75,410,61
320,65,416,68
NaN,NaN,396,71
315,77,400,67
326,85,425,63
413,63,309,67
417,67,321,84
309,65,407,67
316,61,NaN,NaN
321,78,419,73
425,61,327,63
419,70,320,68
325,73,431,80
327,62,428,88
425,88,323,68
321,70,427,62
426,79,324,64
429,81,329,73
434,87,333,75
326,63,432,82
437,76,338,61
331,75,432,81
444,66,336,64
346,74,446,70
341,68,443,69
NaN,NaN,345,80
440,72,340,64
337,66,436,75
438,80,336,68
335,77,439,82
335,81,435,75
327,67,NaN,NaN
NaN,NaN,329,68
NaN,NaN,330,62
433,67,332,67
331,78,NaN,NaN
327,70,NaN,NaN
335,75,NaN,NaN
427,72,327,70
330,80,436,71
NaN,NaN,332,75
447,66,335,74
332,69,440,64
429,72,322,78
334,65,461,66
434,73,335,64
343,79,460,73
369,105,469,63
451,70,348,84
474,63,364,93
388,133,482,64
453,61,423,183
472,67,447,185
467,223,467,73
469,65,477,253
498,301,NaN,NaN
468,61,522,356
524,346,469,66
531,384,473,62
527,374,471,70
526,398,475,61
525,382,477,67
478,65,NaN,NaN
NaN,NaN,483,68
475,69,NaN,NaN
NaN,NaN,479,70
NaN,NaN,477,68
471,72,NaN,NaN
476,67,NaN,NaN
475,74,NaN,NaN
475,70,NaN,NaN
476,61,NaN,NaN
526,377,484,62
523,363,482,65
516,340,483,68
490,63,NaN,NaN
NaN,NaN,491,61
NaN,NaN,496,68
452,202,483,69
482,66,NaN,NaN
NaN,NaN,NaN,NaN
487,65,NaN,NaN
NaN,NaN,NaN,NaN
NaN,NaN,NaN,NaN
374,119,NaN,NaN
NaN,NaN,NaN,NaN
NaN,NaN,NaN,NaN
NaN,NaN,NaN,NaN
NaN,NaN,NaN,NaN
NaN,NaN,NaN,NaN
363,116,NaN,NaN
NaN,NaN,363,114
NaN,NaN,NaN,NaN
NaN,NaN,NaN,NaN
NaN,NaN,NaN,NaN
NaN,NaN,NaN,NaN
NaN,NaN,NaN,NaN
NaN,NaN,NaN,NaN
NaN,NaN,NaN,NaN
NaN,NaN,NaN,NaN
NaN,NaN,NaN,NaN
NaN,NaN,NaN,NaN
NaN,NaN,NaN,NaN
NaN,NaN,NaN,NaN
NaN,NaN,372,123
NaN,NaN,386,139
NaN,NaN,397,141
403,156,NaN,NaN
449,203,490,74
NaN,NaN,NaN,NaN
NaN,NaN,NaN,NaN
494,279,491,63
505,281,491,64
514,306,492,68
532,357,487,65
476,62,530,370
479,63,532,372
526,381,472,62
476,69,523,400
528,400,471,65
485,61,517,393
471,66,519,397
477,70,522,382
NaN,NaN,481,64
478,62,NaN,NaN
NaN,NaN,486,62
NaN,NaN,477,67
NaN,NaN,485,61
478,62,NaN,NaN
486,63,526,393
NaN,NaN,489,63
NaN,NaN,482,65
NaN,NaN,484,66
484,66,NaN,NaN
475,70,NaN,NaN
479,64,514,367
490,64,521,356
NaN,NaN,485,69
490,68,NaN,NaN
NaN,NaN,491,62
NaN,NaN,495,61
496,63,NaN,NaN
492,64,NaN,NaN
NaN,NaN,NaN,NaN
NaN,NaN,NaN,NaN
NaN,NaN,485,61
NaN,NaN,383,65
NaN,NaN,NaN,NaN
382,69,NaN,NaN
377,72,NaN,NaN
365,61,NaN,NaN
NaN,NaN,356,62
354,66,NaN,NaN
NaN,NaN,360,65
NaN,NaN,355,69
344,69,NaN,NaN
NaN,NaN,356,61
345,69,NaN,NaN
NaN,NaN,NaN,NaN
NaN,NaN,347,67
NaN,NaN,NaN,NaN
NaN,NaN,337,64
NaN,NaN,334,63
NaN,NaN,330,63
455,62,328,66
320,68,NaN,NaN
329,68,NaN,NaN
NaN,NaN,NaN,NaN
461,61,317,64
315,61,478,61
NaN,NaN,NaN,NaN
319,64,NaN,NaN
317,64,NaN,NaN
318,64,NaN,NaN
NaN,NaN,323,64
319,61,NaN,NaN
NaN,NaN,NaN,NaN
NaN,NaN,317,61
NaN,NaN,315,63
NaN,NaN,314,63
NaN,NaN,320,63
334,71,NaN,NaN
320,70,NaN,NaN
336,74,NaN,NaN
317,65,NaN,NaN
320,67,NaN,NaN
309,65,458,61
315,71,NaN,NaN
316,77,NaN,NaN
458,62,326,75
334,68,NaN,NaN
336,62,453,62
454,62,338,65
344,74,NaN,NaN
NaN,NaN,353,73
NaN,NaN,345,62
NaN,NaN,358,74
342,97,NaN,NaN
352,68,449,61
456,64,356,75
348,69,NaN,NaN
345,70,455,64
347,77,NaN,NaN
344,67,NaN,NaN
NaN,NaN,349,71
461,63,360,76
352,75,463,65
348,75,462,65
474,67,353,80
350,80,466,70
352,93,458,84
340,114,460,88
351,140,471,79
NaN,NaN,NaN,NaN
NaN,NaN,NaN,NaN
471,94,363,233
383,265,467,97
NaN,NaN,NaN,NaN
NaN,NaN,NaN,NaN
NaN,NaN,NaN,NaN
NaN,NaN,NaN,NaN
NaN,NaN,468,88
466,93,NaN,NaN
468,97,NaN,NaN
NaN,NaN,469,90
NaN,NaN,468,84
470,81,NaN,NaN
NaN,NaN,469,97
NaN,NaN,465,96
NaN,NaN,462,102
NaN,NaN,468,90
NaN,NaN,462,98
465,88,NaN,NaN
NaN,NaN,475,80
464,97,NaN,NaN
475,93,NaN,NaN
464,104,NaN,NaN
462,98,NaN,NaN
476,85,NaN,NaN
NaN,NaN,468,96
472,100,NaN,NaN
460,101,NaN,NaN
NaN,NaN,474,85
NaN,NaN,NaN,NaN
NaN,NaN,464,97
470,97,NaN,NaN
457,97,NaN,NaN
463,94,NaN,NaN
NaN,NaN,464,102
463,98,359,99
358,101,457,96
360,94,460,96
469,103,368,96
379,98,481,93
375,94,476,106
361,96,472,97
356,88,463,101
462,90,355,95
370,98,471,100
359,78,459,104
471,94,372,88
371,89,474,92
372,98,470,100
366,96,465,96
375,94,475,110
365,89,468,94
362,83,464,91
372,94,473,103
371,101,474,97
475,115,372,97
471,94,370,100
385,97,483,94
365,90,464,98
365,92,465,92
363,93,464,93
378,101,476,92
471,114,371,100
465,101,366,92
358,98,461,105
465,93,361,93
363,90,470,92
361,90,462,101
356,75,462,113
467,100,365,68
472,99,374,78
466,111,366,83
475,106,372,89
384,95,486,105
378,91,476,103
473,104,367,95
471,99,367,99
364,98,466,102
351,88,451,108
465,105,354,93
361,83,462,94
465,94,367,86
468,101,366,77
377,84,475,91
472,101,369,82
473,91,370,83
360,89,464,90
454,103,352,87
475,92,375,97
365,87,466,91
475,108,367,88
480,104,378,92
NaN,NaN,367,87
NaN,NaN,368,89
NaN,NaN,371,98
370,83,NaN,NaN
367,94,NaN,NaN
NaN,NaN,371,90
369,88,NaN,NaN
347,84,447,120
368,83,NaN,NaN
369,88,NaN,NaN
NaN,NaN,364,83
373,89,NaN,NaN
372,94,NaN,NaN
356,79,NaN,NaN
475,118,363,92
364,91,471,105
362,82,NaN,NaN
NaN,NaN,367,85
375,100,NaN,NaN
374,82,NaN,NaN
NaN,NaN,370,82
454,121,354,90
370,91,NaN,NaN
NaN,NaN,368,90
365,87,NaN,NaN
NaN,NaN,368,90
367,96,NaN,NaN
NaN,NaN,366,92
476,93,370,91
NaN,NaN,374,96
361,94,NaN,NaN
NaN,NaN,370,100
452,116,352,93
466,117,363,96
455,113,357,96
460,93,359,98
368,97,NaN,NaN
NaN,NaN,374,103
356,83,NaN,NaN
NaN,NaN,375,101
374,94,NaN,NaN
NaN,NaN,368,93
365,85,NaN,NaN
372,91,NaN,NaN
NaN,NaN,367,86
NaN,NaN,356,100
372,90,NaN,NaN
NaN,NaN,369,97
NaN,NaN,367,89
361,84,NaN,NaN
NaN,NaN,363,84
376,103,NaN,NaN
365,85,NaN,NaN
NaN,NaN,370,90
NaN,NaN,369,92
364,88,NaN,NaN
NaN,NaN,369,97
NaN,NaN,365,92
NaN,NaN,361,93
361,92,NaN,NaN
NaN,NaN,362,95
NaN,NaN,366,99
362,99,463,99
NaN,NaN,370,97
366,90,NaN,NaN
NaN,NaN,370,99
366,85,466,98
464,107,361,82
374,102,475,105
477,108,376,101
NaN,NaN,380,100
373,99,NaN,NaN
467,98,366,83
NaN,NaN,366,90
NaN,NaN,370,93
NaN,NaN,364,97
468,110,363,94
361,82,462,94
NaN,NaN,362,95
371,85,NaN,NaN
376,86,NaN,NaN
368,85,NaN,NaN
NaN,NaN,377,97
NaN,NaN,374,90
NaN,NaN,368,90
368,91,NaN,NaN
NaN,NaN,364,82
NaN,NaN,371,83
380,88,NaN,NaN
478,109,375,80
NaN,NaN,367,78
374,86,NaN,NaN
NaN,NaN,377,85
NaN,NaN,370,85
372,97,NaN,NaN
374,100,NaN,NaN
368,88,NaN,NaN
371,85,NaN,NaN
370,95,NaN,NaN
371,89,NaN,NaN
NaN,NaN,369,97
NaN,NaN,376,90
376,93,NaN,NaN
376,87,NaN,NaN
361,75,459,94
361,78,461,90
367,80,467,90
379,91,NaN,NaN
376,91,NaN,NaN
NaN,NaN,376,90
369,92,471,102
NaN,NaN,377,90
472,102,371,84
474,84,363,90
468,84,361,88
365,102,466,80
361,101,462,83
364,99,464,79
465,89,360,93
466,96,362,88
368,90,468,90
366,84,475,85
481,84,380,86
482,80,382,101
475,79,374,89
475,81,372,97
470,84,369,95
472,82,371,83
469,90,368,84
474,81,373,79
372,90,478,88
474,90,373,87
483,81,383,85
475,72,371,82
488,79,386,83
483,89,382,83
380,79,477,82
478,85,378,81
376,83,485,85
475,82,371,78
478,76,378,80
469,85,367,103
472,79,363,75
372,80,478,82
472,87,371,92
477,75,373,92
471,76,363,74
365,75,468,90
378,77,479,73
376,81,475,77
463,73,363,76
374,86,474,76
367,78,466,79
473,75,373,83
474,84,374,86
470,71,366,84
472,77,364,88
375,71,482,87
370,69,470,77
377,80,478,88
481,72,380,74
378,96,481,75
469,73,371,83
373,82,478,82
465,86,366,81
484,75,372,86
477,81,376,87
469,81,370,68
479,77,375,88
376,87,486,74
481,81,375,82
478,82,371,84
473,75,372,75
471,70,369,77
485,70,383,78
376,74,473,87
369,71,471,80
483,79,383,81
377,73,484,74
483,83,383,78
488,83,384,72
476,73,374,72
475,75,376,69
480,66,373,97
484,86,382,77
375,75,483,78
476,70,374,101
481,81,372,72
484,72,377,95
483,66,382,84
483,66,377,79
369,94,471,69
375,76,477,67
486,76,384,95
369,90,468,76
473,81,369,71
376,90,482,78
473,73,373,88
364,70,484,75
484,73,362,81
365,70,478,72
485,78,344,68
470,80,343,66
354,73,491,74
478,64,329,91
461,67,316,77
462,63,316,88
461,88,316,93
316,86,477,75
462,70,311,86
456,73,314,84
453,81,311,86
303,86,458,87
456,84,300,89
317,99,445,88
313,95,456,82
310,88,444,92
428,93,308,89
444,99,312,75
444,92,292,91
458,90,289,79
467,79,282,72
478,75,297,84
490,83,278,94
487,81,296,68
292,76,491,62
279,78,483,80
497,95,293,70
503,71,295,86
281,89,484,86
279,86,496,65
NaN,NaN,271,80
NaN,NaN,267,61
282,89,NaN,NaN
NaN,NaN,286,98
NaN,NaN,280,87
NaN,NaN,296,78
NaN,NaN,285,72
NaN,NaN,303,92
NaN,NaN,282,82
NaN,NaN,299,85
315,121,270,61
297,78,NaN,NaN
321,108,273,69
NaN,NaN,276,62
316,109,274,63
280,61,NaN,NaN
296,71,NaN,NaN
277,68,NaN,NaN
277,68,313,119
NaN,NaN,303,88
295,101,NaN,NaN
307,102,NaN,NaN
299,110,NaN,NaN
NaN,NaN,286,85
NaN,NaN,283,108
271,120,467,61
450,61,279,92
407,66,305,102
308,116,444,67
338,189,263,103
266,113,NaN,NaN
438,68,270,103
438,63,286,127
NaN,NaN,NaN,NaN
NaN,NaN,267,110
269,107,NaN,NaN
245,350,273,103
267,114,234,351
276,110,232,356
274,110,236,369
239,369,264,103
270,112,232,372
269,100,229,377
276,104,228,376
229,378,261,98
269,109,228,381
269,101,239,368
269,107,229,346
251,331,270,96
252,294,267,108
442,73,278,107
432,78,286,107
270,111,443,69
279,112,445,70
260,95,447,70
453,63,279,118
441,64,271,117
272,118,445,72
459,61,271,128
453,64,259,117
450,64,274,116
448,73,323,198
335,224,449,71
320,197,446,61
314,202,464,66
318,185,449,68
453,62,301,183
449,65,306,177
450,66,301,175
452,63,316,195
362,186,263,136
452,67,308,171
307,168,456,68
294,165,NaN,NaN
347,152,250,142
247,139,348,167
361,143,261,123
396,70,279,107
NaN,NaN,281,114
NaN,NaN,305,125
NaN,NaN,290,136
289,120,NaN,NaN
NaN,NaN,287,121
NaN,NaN,292,126
299,126,NaN,NaN
305,149,NaN,NaN
280,141,NaN,NaN
374,73,279,129
361,69,266,127
270,112,366,75
306,67,NaN,NaN
NaN,NaN,320,70
317,64,NaN,NaN
NaN,NaN,379,73
284,61,382,73
333,70,NaN,NaN
381,84,NaN,NaN
319,150,385,70
327,159,394,67
413,66,321,164
413,64,304,85
403,70,304,102
406,67,291,105
437,69,292,105
449,61,297,91
NaN,NaN,287,92
281,89,NaN,NaN
406,168,286,86
278,74,397,151
NaN,NaN,279,89
NaN,NaN,265,104
287,92,NaN,NaN
270,101,NaN,NaN
278,105,NaN,NaN
NaN,NaN,277,93
289,100,NaN,NaN
NaN,NaN,294,97
NaN,NaN,305,104
NaN,NaN,308,104
309,108,NaN,NaN
305,100,405,168
315,96,NaN,NaN
NaN,NaN,319,100
450,61,318,84
454,61,335,121
NaN,NaN,307,126
456,75,308,84
427,65,329,117
310,88,428,83
311,86,425,61
307,85,424,154
316,86,427,147
304,82,444,71
312,86,421,142
425,137,311,87
318,81,457,85
319,79,424,73
431,67,307,71
302,77,422,78
423,74,310,87
307,73,438,61
423,71,306,81
312,74,420,99
435,87,329,83
444,92,325,80
326,81,455,87
441,84,311,68
447,76,314,74
441,83,324,76
440,78,332,85
447,83,330,78
330,74,456,75
436,78,314,75
436,77,318,75
330,75,439,80
449,72,343,88
329,72,435,85
433,90,316,78
334,76,443,72
441,71,326,73
317,79,440,75
441,80,326,67
327,76,437,77
330,72,434,86
443,69,341,90
302,67,423,81
437,74,337,91
443,69,337,86
449,70,343,88
329,90,433,75
332,88,437,80
327,74,447,64
313,64,422,77
433,75,296,81
336,85,443,73
431,79,311,95
440,72,341,89
329,63,447,72
327,69,446,69
432,77,316,96
316,100,444,73
433,80,330,74
320,97,419,80
322,102,424,70
426,80,308,94
431,70,309,82
425,78,307,72
432,79,316,75
321,82,428,79
444,77,307,78
315,81,437,74
320,73,418,78
425,71,325,93
412,71,312,67
441,79,327,67
420,80,312,89
324,65,424,72
428,92,311,95
341,92,439,72
435,68,330,88
329,77,431,67
449,68,323,75
437,92,323,66
442,72,316,61
317,70,425,73
431,73,310,68
434,71,319,70
436,91,335,87
306,70,439,71
327,86,437,72
326,72,437,64
301,83,422,76
439,70,337,111
297,72,427,73
428,78,330,100
308,88,425,78
342,103,442,73
449,65,348,89
318,89,442,73
312,87,440,74
413,74,297,75
329,100,447,68
299,70,441,72
309,84,422,82
318,87,418,85
436,75,298,73
316,81,414,79
299,73,421,79
425,79,312,77
438,67,330,87
438,64,316,78
309,102,431,77
306,62,440,75
332,84,440,73
434,75,323,111
431,79,304,79
320,89,430,77
423,75,299,77
334,111,442,63
433,76,316,83
416,75,317,95
419,83,310,91
433,70,327,114
307,88,428,71
440,78,331,133
430,77,330,112
325,97,449,86
455,76,313,100
314,96,NaN,NaN
322,98,NaN,NaN
NaN,NaN,313,96
321,88,NaN,NaN
NaN,NaN,323,90
337,104,NaN,NaN
332,93,NaN,NaN
328,94,NaN,NaN
NaN,NaN,332,84
NaN,NaN,341,89
335,79,NaN,NaN
345,73,NaN,NaN
361,78,NaN,NaN
NaN,NaN,360,75
NaN,NaN,363,74
NaN,NaN,359,79
NaN,NaN,363,76
363,74,NaN,NaN
NaN,NaN,361,75
NaN,NaN,369,81
356,76,NaN,NaN
NaN,NaN,363,82
471,65,357,76
467,77,355,81
354,87,467,70
470,63,354,79
484,62,350,82
472,69,343,76
469,72,348,71
467,61,334,66
476,66,351,76
472,71,363,76
474,72,357,77
364,79,473,62
NaN,NaN,359,68
366,80,NaN,NaN
356,65,504,80
507,103,362,75
356,81,NaN,NaN
353,79,517,129
508,137,339,81
528,162,344,89
334,80,523,157
331,83,524,140
528,163,328,84
326,81,532,134
329,83,516,118
323,82,515,72
332,91,488,63
448,72,343,91
325,101,388,72
381,78,NaN,NaN
NaN,NaN,319,72
323,67,NaN,NaN
NaN,NaN,325,67
323,61,NaN,NaN
320,69,NaN,NaN
315,61,NaN,NaN
NaN,NaN,310,88
355,129,323,61
NaN,NaN,351,61
NaN,NaN,344,64
NaN,NaN,347,63
347,67,NaN,NaN
NaN,NaN,333,62
NaN,NaN,328,62
320,63,NaN,NaN
NaN,NaN,335,66
327,67,NaN,NaN
NaN,NaN,NaN,NaN
NaN,NaN,NaN,NaN
NaN,NaN,302,67
NaN,NaN,NaN,NaN
NaN,NaN,NaN,NaN
407,64,NaN,NaN
317,133,411,63
328,121,423,66
424,72,327,122
429,81,330,139
322,105,429,100
428,96,323,142
313,130,423,107
NaN,NaN,419,118
299,92,414,119
395,122,295,91
309,116,412,107
296,100,404,118
418,109,307,114
306,111,411,118
297,83,403,116
395,113,295,99
327,104,430,104
404,126,303,90
301,90,404,122
399,124,300,95
302,91,403,109
406,104,304,93
304,91,410,111
301,90,401,109
299,93,406,107
304,93,404,96
414,121,310,105
294,82,397,123
310,96,410,96
308,92,409,106
408,96,307,100
299,83,402,114
309,95,407,117
297,89,397,123
303,83,403,119
294,87,396,120
410,110,306,93
410,105,310,88
417,122,315,103
408,112,310,110
310,87,411,109
407,96,308,113
312,110,411,101
325,127,424,102
330,122,435,97
431,98,332,123
409,96,308,99
305,93,407,119
403,122,301,83
410,97,306,87
421,104,313,94
412,118,312,93
423,100,323,121
307,88,413,108
310,107,411,118
390,123,NaN,NaN
420,95,317,107
397,127,297,84
411,115,313,98
395,124,293,80
431,98,332,111
315,85,414,95
313,81,413,114
317,63,413,113
325,67,430,88
NaN,NaN,443,88
493,63,411,123
474,61,NaN,NaN
NaN,NaN,466,65
433,160,NaN,NaN
NaN,NaN,NaN,NaN
433,171,NaN,NaN
NaN,NaN,438,159
NaN,NaN,444,164
NaN,NaN,445,149
NaN,NaN,434,166
NaN,NaN,440,163
NaN,NaN,440,162
441,162,NaN,NaN
NaN,NaN,435,167
NaN,NaN,439,165
NaN,NaN,444,171
NaN,NaN,442,167
447,152,NaN,NaN
NaN,NaN,457,173
NaN,NaN,NaN,NaN
NaN,NaN,NaN,NaN
NaN,NaN,NaN,NaN
NaN,NaN,NaN,NaN
NaN,NaN,505,189
506,186,NaN,NaN
NaN,NaN,506,186
489,197,NaN,NaN
493,186,NaN,NaN
NaN,NaN,505,189
496,192,NaN,NaN
NaN,NaN,500,192
NaN,NaN,495,191
NaN,NaN,511,192
496,192,NaN,NaN
517,193,NaN,NaN
NaN,NaN,516,189
NaN,NaN,NaN,NaN
NaN,NaN,NaN,NaN
NaN,NaN,NaN,NaN
NaN,NaN,NaN,NaN
539,101,NaN,NaN
518,105,392,64
385,70,506,107
492,102,375,71
485,92,383,100
378,85,485,109
493,113,393,86
387,82,487,105
478,93,379,69
483,113,374,80
477,98,372,72
479,111,364,81
475,111,354,73
354,93,466,126
328,85,460,124
316,94,467,136
302,96,450,136
287,90,446,150
439,155,272,95
262,105,444,146
458,141,254,101
450,146,245,97
245,94,458,148
465,144,249,112
248,105,453,149
463,156,244,97
470,154,232,92
242,101,462,159
468,145,241,105
464,170,242,110
247,103,480,154
236,105,464,160
249,108,462,154
473,162,239,97
246,107,457,167
473,155,239,106
237,106,465,157
465,161,246,116
237,108,458,164
463,167,246,123
239,131,463,150
230,129,465,162
461,168,220,123
472,154,238,151
459,164,216,134
463,165,233,157
458,160,216,132
233,153,467,153
219,141,466,160
237,151,461,172
462,169,220,134
217,123,460,159
469,151,220,128
234,144,462,158
459,167,238,144
218,129,462,161
464,156,217,129
468,153,218,134
216,128,466,168
456,162,235,145
472,149,224,140
236,153,457,162
466,171,236,148
218,130,459,169
466,157,221,130
458,160,226,147
226,144,465,171
475,159,229,126
227,126,472,156
228,129,466,161
230,137,466,147
233,133,467,162
458,160,240,149
232,142,478,158
250,140,461,171
252,140,465,161
262,138,464,177
272,135,471,170
290,137,473,152
283,144,489,146
491,145,283,140
487,152,283,129
293,136,487,147
292,137,482,147
487,144,288,141
291,145,495,148
293,147,484,157
294,142,494,156
486,155,289,139
490,155,303,132
502,159,302,135
496,159,301,128
301,134,512,158
303,131,503,155
515,154,300,133
304,139,508,147
506,150,319,140
NaN,NaN,309,140
310,138,NaN,NaN
307,130,NaN,NaN
308,148,481,154
311,137,478,158
306,136,476,159
312,133,473,161
301,145,485,153
483,154,312,141
309,146,493,154
301,137,503,155
311,145,495,157
491,160,302,137
479,162,298,138
295,141,483,166
476,166,294,141
472,154,301,131
