341,151,NaN,NaN
420,107,331,155
NaN,NaN,337,158
330,155,426,123
434,100,340,159
337,165,427,110
422,128,321,158
335,151,434,95
427,107,323,154
436,107,335,169
345,158,NaN,NaN
443,98,339,159
336,153,434,103
334,161,434,107
437,107,337,151
433,101,334,160
435,100,338,157
415,130,319,161
335,156,432,102
434,101,332,164
435,107,330,157
333,157,423,105
335,157,427,111
332,164,433,99
416,129,316,163
412,129,313,155
334,159,426,113
423,115,332,152
323,155,423,131
340,155,442,102
331,153,423,135
339,163,441,110
432,115,330,151
320,160,427,129
323,162,424,132
430,133,325,167
417,147,317,157
314,160,426,136
427,123,324,156
439,131,339,162
323,162,427,135
436,132,322,158
318,171,423,141
324,156,433,134
436,124,322,162
430,136,315,152
436,126,314,157
314,160,424,133
430,142,323,155
426,146,317,159
432,137,325,174
422,151,319,151
425,134,318,161
329,167,435,129
315,159,426,138
317,156,423,148
317,159,427,132
317,134,429,138
309,138,424,139
306,143,435,133
420,140,307,155
321,154,426,134
425,141,302,156
299,159,433,128
433,137,307,137
310,147,439,134
298,148,432,133
315,149,440,136
308,154,425,144
424,145,316,152
425,139,305,150
300,152,434,137
299,147,436,135
432,139,314,139
429,145,308,145
427,140,304,142
302,142,427,142
429,159,309,142
434,135,308,151
303,153,431,155
432,136,304,140
301,134,428,151
437,136,310,148
434,140,298,148
424,144,304,158
315,161,435,140
431,139,312,146
305,147,434,157
432,140,311,159
310,139,437,134
302,147,441,137
313,139,432,142
303,144,430,140
426,150,308,135
315,145,442,136
431,148,297,150
440,136,307,146
450,124,302,147
303,143,429,138
310,159,433,138
302,152,432,142
429,148,307,139
309,146,431,146
308,138,431,155
305,148,428,145
432,144,307,157
438,130,306,151
428,142,306,145
309,133,438,138
307,146,428,155
305,149,430,148
300,151,427,148
306,131,428,146
429,152,308,154
310,144,433,139
429,140,314,146
310,160,426,143
431,140,301,159
312,144,436,137
428,154,305,152
434,137,305,155
308,160,439,133
312,160,431,157
313,145,425,150
435,139,302,138
436,134,307,150
304,141,434,134
432,141,304,140
433,135,309,158
434,140,306,160
431,141,301,142
429,148,308,153
315,149,433,142
309,135,434,142
428,154,311,156
311,137,426,154
423,151,308,139
307,149,441,134
307,153,429,150
427,151,303,145
436,137,306,131
308,147,433,137
307,140,432,143
311,161,429,147
435,137,310,150
427,146,308,150
298,156,442,136
306,135,433,141
430,149,309,143
432,143,301,134
300,145,426,144
318,151,433,141
306,157,429,154
309,162,436,134
431,153,309,157
302,138,434,140
303,160,428,151
305,143,430,140
303,147,431,140
313,141,432,143
431,148,303,157
312,157,431,149
307,147,434,155
437,138,305,151
305,144,432,154
307,164,430,146
300,152,436,140
431,143,300,147
303,153,431,152
307,144,430,150
302,135,438,138
312,142,430,153
306,144,435,138
429,147,309,139
434,138,307,150
430,143,302,149
428,143,303,147
312,145,434,140
308,138,440,136
305,136,440,131
307,159,432,144
317,146,437,139
307,150,423,150
305,151,433,139
434,140,304,144
437,137,304,145
307,142,428,152
306,141,441,137
434,141,314,160
439,134,309,146
302,146,434,140
309,153,428,151
309,146,438,135
308,143,425,153
313,136,429,152
433,143,304,141
440,136,308,156
308,157,433,143
303,157,431,149
302,140,437,133
432,137,305,152
440,137,307,137
431,141,309,157
311,143,437,135
300,157,434,140
426,138,312,142
299,134,431,144
316,153,433,136
312,142,432,141
429,146,301,150
309,159,429,153
439,136,302,149
431,146,314,144
312,142,429,154
433,143,305,143
430,150,301,139
305,145,437,137
308,136,434,143
318,146,439,134
435,140,305,148
435,140,315,137
429,156,306,144
304,149,430,143
304,152,427,151
435,138,311,147
431,148,307,142
430,140,307,155
431,150,306,140
427,143,300,144
305,134,430,137
431,143,305,160
306,139,432,134
436,137,310,136
305,156,434,141
313,158,434,141
433,141,302,148
308,148,428,150
305,156,430,156
304,140,433,141
313,159,439,135
439,136,308,145
431,156,309,138
430,145,305,134
305,149,426,149
302,147,433,141
308,151,430,148
425,138,307,148
299,143,432,143
305,154,442,138
431,144,310,162
440,135,308,136
436,139,300,137
434,143,317,155
309,148,431,139
309,158,433,137
426,150,301,154
434,142,300,136
308,154,434,138
306,148,441,138
433,141,305,156
434,139,303,145
311,138,442,136
434,136,303,144
308,160,429,144
298,140,431,154
429,150,309,146
304,140,439,127
319,139,421,150
309,153,436,132
433,134,310,164
310,160,439,133
437,137,318,150
310,161,427,138
307,164,426,148
315,145,429,137
307,142,430,145
306,155,427,145
320,152,420,149
427,145,309,150
313,166,425,146
416,156,312,166
309,157,440,133
436,131,312,166
430,146,314,143
305,162,441,139
424,136,309,162
429,153,313,151
313,157,435,139
440,130,306,162
310,164,426,139
432,133,317,149
329,170,432,141
312,148,425,144
436,130,313,161
430,144,304,165
426,140,310,160
315,149,419,157
309,161,434,139
423,143,310,163
315,167,425,145
418,147,315,165
313,155,429,145
442,131,313,159
313,168,428,135
314,168,435,134
307,155,435,131
308,154,435,139
423,154,311,163
313,157,423,157
428,152,309,166
430,150,317,150
314,156,432,134
314,158,421,160
312,165,426,146
429,139,313,154
436,138,305,150
314,158,425,144
424,143,310,151
307,155,420,148
435,138,321,152
426,138,315,156
428,141,313,167
420,151,310,162
425,153,315,154
430,156,311,164
314,150,441,139
319,151,423,142
424,154,302,163
430,139,328,159
425,143,314,170
309,155,430,145
312,165,420,159
430,137,314,152
419,156,313,159
312,160,426,134
429,150,309,151
432,135,306,150
425,145,308,158
427,144,299,143
298,144,427,145
306,144,439,135
292,140,433,139
420,157,304,138
424,142,302,156
306,149,430,143
426,143,313,150
434,137,307,146
426,142,307,138
301,133,426,148
301,139,425,147
303,134,420,153
304,138,430,148
426,154,306,139
311,151,425,143
300,129,432,141
309,148,428,137
436,139,315,148
314,152,430,140
436,138,303,142
429,150,313,161
313,158,425,143
421,156,307,159
317,152,431,141
307,158,420,149
306,159,431,145
429,146,305,159
433,141,301,141
424,143,315,158
307,157,436,138
421,144,305,152
430,139,307,143
437,135,311,144
305,141,430,137
434,140,307,142
429,145,302,157
427,149,309,157
426,152,306,158
435,137,311,144
308,144,428,143
432,139,307,165
434,140,313,157
304,143,430,140
312,148,427,141
315,160,433,141
312,142,431,137
312,149,423,147
309,150,422,145
302,157,428,137
311,144,423,140
306,152,423,153
423,148,307,139
429,144,301,156
426,141,308,159
315,155,423,144
429,157,310,138
421,146,309,146
313,163,423,145
429,144,310,144
423,147,313,162
429,146,310,149
429,142,305,160
430,141,304,151
429,149,300,150
427,146,307,157
315,153,421,146
305,146,427,153
314,145,431,143
303,150,421,150
317,161,439,138
306,152,426,150
425,146,317,153
429,152,306,156
428,141,304,156
304,154,424,148
316,159,431,141
424,145,310,141
303,150,429,149
426,147,304,144
307,145,423,143
425,159,317,159
425,152,314,157
311,144,425,153
426,146,302,140
307,146,431,146
307,147,429,143
424,144,307,156
309,152,426,144
422,141,314,151
431,144,309,160
428,142,308,146
318,158,430,140
425,144,310,147
428,139,304,158
431,144,318,157
424,146,307,147
429,142,299,148
426,141,314,160
424,156,308,155
430,142,305,140
308,158,430,138
429,143,310,139
301,155,425,140
303,149,431,139
425,138,314,143
304,151,427,154
430,149,323,152
307,159,429,154
424,148,302,161
305,154,427,147
317,157,428,149
423,149,316,157
430,149,305,161
428,144,307,161
431,141,306,153
423,142,317,151
430,140,306,135
428,150,304,161
315,149,426,155
423,145,318,156
304,145,428,144
424,157,316,151
427,152,308,144
431,138,302,159
309,138,429,141
424,151,302,143
312,162,424,149
425,152,315,154
424,156,315,158
308,163,425,153
316,153,430,141
306,156,423,152
314,143,424,152
425,147,315,160
427,146,311,161
428,146,305,158
304,154,423,147
433,140,314,160
432,140,318,153
307,156,434,138
302,156,424,156
422,146,314,146
428,137,314,159
440,137,315,146
422,141,307,156
424,142,307,140
423,156,305,157
318,160,419,159
431,140,306,145
319,155,423,149
303,158,422,145
431,142,316,154
302,143,426,145
317,157,433,138
312,164,425,147
317,158,426,145
316,155,427,140
424,150,313,156
433,141,313,154
425,140,317,158
304,161,428,155
427,157,314,156
424,143,302,154
315,161,423,153
312,156,426,148
302,153,421,156
425,156,295,159
426,135,308,163
302,151,427,144
425,146,304,160
427,144,307,150
430,142,293,161
430,141,305,166
423,148,317,159
426,142,317,161
301,147,428,141
309,142,421,149
430,141,313,151
301,150,427,144
425,141,304,160
304,160,426,141
303,152,426,141
433,141,308,147
310,159,425,149
429,137,305,156
424,145,314,151
426,144,301,150
317,149,432,138
424,147,308,167
422,147,317,156
302,160,426,140
301,144,425,148
316,159,423,147
426,157,304,154
304,145,431,143
425,157,301,158
318,152,419,152
424,154,317,158
428,147,314,147
427,142,309,164
311,160,427,142
312,158,421,154
303,148,426,139
314,156,426,151
426,137,302,146
313,157,426,150
430,138,301,160
430,151,315,161
424,148,307,148
426,155,315,154
304,154,425,153
317,156,424,143
429,140,313,164
425,151,318,165
425,162,317,159
304,151,436,139
322,151,432,158
444,140,313,154
446,150,328,151
454,145,338,149
340,143,456,145
356,145,471,156
489,151,365,146
497,165,391,147
504,153,404,151
506,159,406,149
414,154,512,155
464,203,NaN,NaN
NaN,NaN,478,237
474,232,NaN,NaN
NaN,NaN,NaN,NaN
NaN,NaN,481,287
NaN,NaN,526,366
524,366,NaN,NaN
525,380,NaN,NaN
NaN,NaN,529,383
515,374,NaN,NaN
NaN,NaN,521,377
524,132,532,387
521,383,527,116
528,119,522,384
518,114,520,392
523,402,523,112
520,115,529,405
531,400,520,112
521,117,532,401
524,117,525,381
530,390,520,140
527,112,522,383
527,388,527,119
519,112,523,387
522,138,521,390
524,122,521,390
519,137,521,385
523,385,517,114
524,126,524,383
526,112,521,385
527,388,527,114
519,140,524,391
518,387,518,132
513,138,515,394
523,117,514,392
517,133,514,391
514,388,517,136
508,388,517,138
508,139,508,387
514,388,518,126
513,384,507,142
516,385,509,143
515,382,508,130
521,405,511,129
521,404,512,146
508,144,524,404
510,383,517,145
525,404,510,148
508,137,525,397
523,399,509,139
500,142,515,368
523,358,515,142
520,345,523,141
534,142,488,267
NaN,NaN,542,132
NaN,NaN,552,144
NaN,NaN,NaN,NaN
NaN,NaN,NaN,NaN
NaN,NaN,NaN,NaN
NaN,NaN,NaN,NaN
496,151,NaN,NaN
NaN,NaN,NaN,NaN
NaN,NaN,NaN,NaN
NaN,NaN,NaN,NaN
NaN,NaN,NaN,NaN
NaN,NaN,NaN,NaN
NaN,NaN,NaN,NaN
NaN,NaN,NaN,NaN
511,136,NaN,NaN
NaN,NaN,517,129
NaN,NaN,501,137
NaN,NaN,503,131
513,130,NaN,NaN
505,131,NaN,NaN
NaN,NaN,509,121
NaN,NaN,499,133
NaN,NaN,491,122
NaN,NaN,NaN,NaN
NaN,NaN,NaN,NaN
NaN,NaN,NaN,NaN
427,162,NaN,NaN
456,199,NaN,NaN
NaN,NaN,NaN,NaN
NaN,NaN,473,234
488,248,NaN,NaN
NaN,NaN,502,278
496,116,524,331
533,347,496,114
501,113,540,375
542,379,494,120
503,117,531,383
509,110,530,396
504,112,528,396
508,112,520,396
507,109,527,394
520,404,510,110
510,113,519,391
496,115,525,400
524,394,500,117
501,111,526,393
527,410,504,118
522,384,502,116
531,391,492,123
525,385,494,118
497,127,524,355
532,329,489,120
NaN,NaN,495,120
489,253,501,116
NaN,NaN,501,117
490,118,NaN,NaN
508,97,NaN,NaN
435,174,NaN,NaN
NaN,NaN,NaN,NaN
NaN,NaN,503,117
NaN,NaN,490,130
NaN,NaN,505,117
NaN,NaN,484,125
NaN,NaN,504,126
NaN,NaN,NaN,NaN
502,128,NaN,NaN
NaN,NaN,NaN,NaN
NaN,NaN,NaN,NaN
497,128,NaN,NaN
NaN,NaN,506,128
NaN,NaN,497,129
NaN,NaN,499,132
500,123,NaN,NaN
496,141,NaN,NaN
NaN,NaN,506,130
NaN,NaN,500,119
505,120,NaN,NaN
NaN,NaN,496,124
NaN,NaN,505,116
499,122,NaN,NaN
507,124,NaN,NaN
512,128,NaN,NaN
NaN,NaN,501,118
499,121,NaN,NaN
513,123,NaN,NaN
NaN,NaN,503,128
509,115,NaN,NaN
NaN,NaN,505,130
NaN,NaN,503,127
502,114,NaN,NaN
NaN,NaN,504,128
507,118,NaN,NaN
NaN,NaN,516,114
NaN,NaN,503,126
NaN,NaN,502,122
NaN,NaN,504,122
NaN,NaN,515,116
507,132,NaN,NaN
511,117,NaN,NaN
NaN,NaN,502,120
500,134,NaN,NaN
497,129,NaN,NaN
NaN,NaN,500,125
NaN,NaN,493,120
NaN,NaN,500,127
NaN,NaN,490,130
NaN,NaN,483,135
501,131,399,121
410,126,509,124
450,167,NaN,NaN
NaN,NaN,464,197
486,117,NaN,NaN
NaN,NaN,504,127
NaN,NaN,494,122
NaN,NaN,482,130
490,126,NaN,NaN
487,144,NaN,NaN
NaN,NaN,485,123
485,125,481,329
487,333,481,132
479,328,487,127
483,125,486,327
487,139,481,332
486,125,NaN,NaN
489,127,NaN,NaN
485,130,NaN,NaN
487,129,NaN,NaN
NaN,NaN,485,143
NaN,NaN,489,127
484,121,NaN,NaN
NaN,NaN,484,140
NaN,NaN,492,127
482,122,NaN,NaN
NaN,NaN,481,132
NaN,NaN,483,130
NaN,NaN,490,142
NaN,NaN,482,132
486,137,NaN,NaN
NaN,NaN,485,130
483,140,NaN,NaN
483,138,NaN,NaN
484,328,484,128
476,310,482,138
NaN,NaN,486,130
482,130,474,281
483,132,472,278
485,127,454,278
492,132,444,253
483,127,442,261
428,263,490,128
485,144,431,270
492,126,421,270
485,134,415,276
491,122,406,281
NaN,NaN,483,133
389,277,487,123
382,267,487,125
393,273,492,124
388,279,487,138
391,267,486,131
490,126,388,267
486,125,386,274
490,125,NaN,NaN
NaN,NaN,489,138
NaN,NaN,498,128
NaN,NaN,493,131
492,133,NaN,NaN
501,125,NaN,NaN
492,138,NaN,NaN
NaN,NaN,486,134
496,141,NaN,NaN
NaN,NaN,489,134
NaN,NaN,498,129
498,129,NaN,NaN
490,133,NaN,NaN
NaN,NaN,494,126
NaN,NaN,491,137
NaN,NaN,492,131
489,140,NaN,NaN
NaN,NaN,490,138
487,132,NaN,NaN
495,137,NaN,NaN
492,145,NaN,NaN
493,125,401,335
416,348,497,138
421,349,487,143
484,125,406,338
421,341,487,137
414,349,NaN,NaN
NaN,NaN,419,358
417,340,483,132
494,130,422,349
432,342,488,128
494,123,425,332
417,331,487,128
486,131,421,333
408,320,491,128
NaN,NaN,485,139
495,135,NaN,NaN
NaN,NaN,489,124
NaN,NaN,485,137
NaN,NaN,487,136
NaN,NaN,492,129
NaN,NaN,488,125
NaN,NaN,488,130
492,136,NaN,NaN
NaN,NaN,494,134
496,136,NaN,NaN
NaN,NaN,492,132
NaN,NaN,485,142
490,125,NaN,NaN
NaN,NaN,487,128
NaN,NaN,490,136
486,137,NaN,NaN
490,132,NaN,NaN
492,131,NaN,NaN
NaN,NaN,NaN,NaN
NaN,NaN,496,134
NaN,NaN,489,128
NaN,NaN,497,128
NaN,NaN,491,135
491,133,NaN,NaN
NaN,NaN,498,127
500,123,NaN,NaN
487,132,NaN,NaN
NaN,NaN,496,128
NaN,NaN,488,131
502,133,NaN,NaN
502,125,NaN,NaN
NaN,NaN,499,135
NaN,NaN,487,133
NaN,NaN,488,125
NaN,NaN,495,133
NaN,NaN,497,129
499,127,NaN,NaN
492,129,NaN,NaN
NaN,NaN,491,122
NaN,NaN,498,126
504,142,NaN,NaN
488,127,NaN,NaN
505,126,NaN,NaN
495,134,NaN,NaN
492,128,NaN,NaN
494,133,NaN,NaN
493,130,NaN,NaN
NaN,NaN,491,130
499,131,NaN,NaN
NaN,NaN,491,126
NaN,NaN,490,136
NaN,NaN,488,135
505,131,NaN,NaN
NaN,NaN,NaN,NaN
487,142,NaN,NaN
308,287,497,126
318,321,493,133
327,351,486,135
318,349,490,126
493,130,326,367
319,360,490,139
316,367,493,129
324,365,489,130
490,126,315,368
322,377,496,135
488,133,310,386
320,380,489,132
485,134,313,377
318,383,488,146
315,386,490,125
488,126,312,378
324,386,495,137
493,132,317,381
318,385,486,132
493,131,315,379
487,131,324,390
305,381,487,140
490,132,316,382
490,129,308,380
317,377,492,123
486,135,301,376
302,357,487,127
490,126,302,375
495,127,311,380
498,135,304,382
310,383,494,135
493,131,305,386
492,135,305,388
485,132,304,383
489,129,309,382
489,124,304,375
307,386,494,129
309,388,490,134
307,380,489,133
482,135,306,373
314,372,487,134
488,130,320,382
498,125,313,380
494,134,314,378
312,371,499,134
312,368,486,133
489,135,313,367
503,130,317,352
NaN,NaN,498,126
NaN,NaN,490,137
NaN,NaN,500,124
487,132,NaN,NaN
NaN,NaN,493,133
483,144,NaN,NaN
NaN,NaN,486,141
484,145,374,146
488,138,386,145
500,126,390,141
500,135,395,127
487,131,387,133
391,115,490,133
496,134,396,129
392,133,495,120
502,121,400,109
398,121,501,134
393,116,495,125
402,109,502,119
403,106,509,114
497,127,397,109
508,115,405,125
401,131,501,126
390,117,503,121
407,116,511,124
505,127,403,117
501,124,398,107
413,117,514,125
404,111,519,117
404,106,517,124
524,116,406,116
405,124,524,120
NaN,NaN,NaN,NaN
NaN,NaN,NaN,NaN
NaN,NaN,NaN,NaN
NaN,NaN,NaN,NaN
NaN,NaN,NaN,NaN
NaN,NaN,NaN,NaN
NaN,NaN,NaN,NaN
NaN,NaN,NaN,NaN
NaN,NaN,NaN,NaN
NaN,NaN,NaN,NaN
NaN,NaN,NaN,NaN
NaN,NaN,NaN,NaN
NaN,NaN,NaN,NaN
NaN,NaN,NaN,NaN
NaN,NaN,NaN,NaN
NaN,NaN,NaN,NaN
NaN,NaN,NaN,NaN
NaN,NaN,NaN,NaN
NaN,NaN,NaN,NaN
NaN,NaN,NaN,NaN
NaN,NaN,NaN,NaN
NaN,NaN,NaN,NaN
NaN,NaN,NaN,NaN
NaN,NaN,NaN,NaN
NaN,NaN,NaN,NaN
NaN,NaN,NaN,NaN
NaN,NaN,NaN,NaN
NaN,NaN,NaN,NaN
NaN,NaN,NaN,NaN
NaN,NaN,NaN,NaN
NaN,NaN,396,124
NaN,NaN,NaN,NaN
NaN,NaN,NaN,NaN
NaN,NaN,400,119
NaN,NaN,NaN,NaN
NaN,NaN,400,115
NaN,NaN,406,120
399,114,NaN,NaN
393,115,NaN,NaN
394,114,NaN,NaN
NaN,NaN,NaN,NaN
NaN,NaN,400,121
NaN,NaN,397,119
403,117,NaN,NaN
NaN,NaN,394,116
NaN,NaN,399,122
399,114,NaN,NaN
NaN,NaN,NaN,NaN
NaN,NaN,400,118
NaN,NaN,401,120
NaN,NaN,403,126
402,109,NaN,NaN
410,113,NaN,NaN
NaN,NaN,404,114
414,126,NaN,NaN
NaN,NaN,410,101
409,121,NaN,NaN
NaN,NaN,414,123
NaN,NaN,NaN,NaN
NaN,NaN,NaN,NaN
NaN,NaN,511,87
510,83,NaN,NaN
505,89,NaN,NaN
500,83,NaN,NaN
NaN,NaN,506,88
NaN,NaN,504,86
NaN,NaN,497,89
499,95,NaN,NaN
NaN,NaN,501,87
496,89,NaN,NaN
NaN,NaN,499,99
NaN,NaN,501,88
499,89,NaN,NaN
NaN,NaN,500,94
502,86,NaN,NaN
500,92,NaN,NaN
NaN,NaN,505,90
505,90,NaN,NaN
NaN,NaN,497,83
502,86,NaN,NaN
505,84,NaN,NaN
NaN,NaN,503,85
501,88,NaN,NaN
NaN,NaN,516,74
NaN,NaN,515,80
504,91,NaN,NaN
503,98,NaN,NaN
506,92,NaN,NaN
NaN,NaN,500,89
503,94,NaN,NaN
504,103,NaN,NaN
517,82,NaN,NaN
NaN,NaN,507,98
NaN,NaN,509,100
NaN,NaN,NaN,NaN
NaN,NaN,NaN,NaN
NaN,NaN,394,130
395,122,NaN,NaN
NaN,NaN,403,151
398,161,NaN,NaN
NaN,NaN,NaN,NaN
NaN,NaN,NaN,NaN
NaN,NaN,NaN,NaN
NaN,NaN,410,266
NaN,NaN,NaN,NaN
NaN,NaN,NaN,NaN
425,338,NaN,NaN
427,347,NaN,NaN
431,356,NaN,NaN
423,353,NaN,NaN
427,361,NaN,NaN
424,360,NaN,NaN
NaN,NaN,418,366
428,365,NaN,NaN
425,362,NaN,NaN
NaN,NaN,432,367
NaN,NaN,433,369
433,386,NaN,NaN
431,368,NaN,NaN
NaN,NaN,425,365
NaN,NaN,428,367
NaN,NaN,422,361
424,358,NaN,NaN
NaN,NaN,420,344
NaN,NaN,413,329
NaN,NaN,NaN,NaN
NaN,NaN,NaN,NaN
NaN,NaN,NaN,NaN
NaN,NaN,NaN,NaN
NaN,NaN,NaN,NaN
NaN,NaN,NaN,NaN
NaN,NaN,NaN,NaN
NaN,NaN,NaN,NaN
NaN,NaN,NaN,NaN
NaN,NaN,NaN,NaN
NaN,NaN,NaN,NaN
NaN,NaN,NaN,NaN
NaN,NaN,419,144
NaN,NaN,421,147
430,161,547,107
427,149,NaN,NaN
NaN,NaN,NaN,NaN
552,115,438,154
438,155,543,111
447,152,551,113
451,151,552,105
562,126,453,148
455,150,552,116
556,119,458,142
460,145,563,125
443,154,546,119
NaN,NaN,546,114
NaN,NaN,554,106
NaN,NaN,553,119
NaN,NaN,565,124
NaN,NaN,549,120
550,118,NaN,NaN
560,123,NaN,NaN
NaN,NaN,539,122
542,132,441,142
545,120,444,136
446,146,550,114
553,111,446,144
448,140,566,125
451,137,556,119
441,132,541,117
447,143,558,119
557,105,449,136
NaN,NaN,540,129
544,118,NaN,NaN
555,117,NaN,NaN
555,118,457,120
547,117,NaN,NaN
457,121,560,127
536,122,NaN,NaN
NaN,NaN,536,134
543,125,NaN,NaN
NaN,NaN,558,123
549,120,NaN,NaN
547,132,NaN,NaN
443,129,543,112
556,110,452,139
443,123,561,114
563,121,447,121
447,131,555,116
560,120,452,124
551,115,441,118
435,120,541,129
435,114,535,119
551,129,448,106
448,117,553,113
550,118,450,111
559,107,453,109
448,106,552,112
439,110,543,121
436,121,544,119
439,106,539,133
557,117,446,114
549,116,447,95
442,102,541,121
437,117,540,123
446,107,548,117
554,109,442,103
552,111,450,111
550,108,439,118
445,118,560,112
548,110,440,122
558,121,455,125
537,123,436,123
448,123,559,117
558,118,442,126
439,108,544,120
449,124,549,114
544,121,439,119
446,116,557,112
541,120,441,116
448,115,558,114
542,119,435,109
448,109,565,119
542,128,444,127
552,114,454,115
545,130,443,110
442,120,545,142
546,127,439,116
550,114,449,112
445,119,550,119
542,127,443,118
440,129,540,120
447,116,552,111
441,119,543,123
547,117,446,130
548,119,444,127
443,120,544,140
543,125,443,112
557,117,447,115
439,110,553,116
445,116,544,121
552,135,448,127
550,137,449,125
462,141,561,115
454,130,571,124
453,119,550,116
447,112,551,114
441,120,550,138
442,108,564,120
545,118,444,115
557,109,446,121
446,119,549,117
435,114,539,120
550,132,444,114
443,115,548,109
437,121,540,122
546,115,443,108
438,117,542,117
450,106,559,115
543,134,442,114
444,115,566,121
447,120,550,113
557,113,444,110
543,113,441,122
543,127,442,117
540,120,439,134
554,110,450,110
565,116,451,110
448,112,548,106
554,111,445,111
554,106,450,111
451,108,565,118
445,116,548,107
561,116,445,118
560,115,448,123
553,109,445,116
565,117,449,113
548,112,441,120
452,109,557,115
443,114,542,107
559,114,452,125
445,122,545,135
557,107,449,127
553,105,445,113
443,116,560,105
559,106,452,110
563,121,451,117
438,116,537,118
441,114,546,114
452,125,557,115
451,121,553,102
443,125,556,115
448,107,554,100
447,112,557,114
559,116,439,105
449,101,562,122
454,111,562,117
560,115,455,113
570,119,456,99
563,116,450,110
557,114,451,107
457,112,567,113
459,106,561,120
458,125,NaN,NaN
454,111,554,108
461,106,561,107
452,111,NaN,NaN
NaN,NaN,454,110
561,117,459,113
457,118,NaN,NaN
460,112,NaN,NaN
NaN,NaN,453,106
459,111,NaN,NaN
458,118,NaN,NaN
457,109,NaN,NaN
NaN,NaN,454,109
NaN,NaN,464,107
NaN,NaN,456,105
NaN,NaN,452,103
453,117,NaN,NaN
456,120,NaN,NaN
NaN,NaN,457,102
NaN,NaN,452,111
454,119,NaN,NaN
NaN,NaN,452,107
NaN,NaN,450,109
NaN,NaN,453,106
456,106,NaN,NaN
NaN,NaN,456,109
452,123,NaN,NaN
452,118,NaN,NaN
456,121,NaN,NaN
NaN,NaN,447,116
449,113,NaN,NaN
NaN,NaN,451,116
NaN,NaN,447,114
448,114,NaN,NaN
453,120,NaN,NaN
NaN,NaN,450,115
NaN,NaN,449,104
NaN,NaN,455,109
446,111,NaN,NaN
NaN,NaN,450,127
NaN,NaN,445,123
455,126,NaN,NaN
NaN,NaN,443,123
NaN,NaN,449,126
449,111,NaN,NaN
445,117,NaN,NaN
448,106,NaN,NaN
446,118,NaN,NaN
NaN,NaN,451,114
451,120,552,106
542,115,NaN,NaN
454,126,555,114
460,118,NaN,NaN
558,95,456,126
NaN,NaN,547,115
NaN,NaN,463,129
458,126,NaN,NaN
NaN,NaN,459,133
NaN,NaN,543,122
NaN,NaN,462,120
453,123,NaN,NaN
NaN,NaN,461,121
NaN,NaN,447,122
446,120,549,106
NaN,NaN,463,120
554,111,454,128
447,111,548,108
NaN,NaN,547,106
NaN,NaN,NaN,NaN
540,103,NaN,NaN
NaN,NaN,546,105
NaN,NaN,552,84
NaN,NaN,544,104
NaN,NaN,540,108
552,102,NaN,NaN
540,105,NaN,NaN
554,105,NaN,NaN
556,98,NaN,NaN
543,108,NaN,NaN
556,103,NaN,NaN
NaN,NaN,545,100
546,103,NaN,NaN
541,101,NaN,NaN
540,107,NaN,NaN
537,106,NaN,NaN
NaN,NaN,456,128
459,130,NaN,NaN
445,126,NaN,NaN
450,133,NaN,NaN
450,128,NaN,NaN
NaN,NaN,447,133
NaN,NaN,455,126
539,117,438,129
443,123,NaN,NaN
NaN,NaN,457,118
543,122,443,114
457,137,NaN,NaN
452,117,NaN,NaN
448,130,NaN,NaN
NaN,NaN,445,115
444,124,NaN,NaN
456,127,556,94
550,90,NaN,NaN
NaN,NaN,550,92
NaN,NaN,550,105
NaN,NaN,542,90
NaN,NaN,541,92
554,96,NaN,NaN
545,94,NaN,NaN
NaN,NaN,559,88
NaN,NaN,549,92
554,84,NaN,NaN
NaN,NaN,562,81
NaN,NaN,549,77
NaN,NaN,549,79
NaN,NaN,545,90
NaN,NaN,555,83
NaN,NaN,556,84
548,89,NaN,NaN
NaN,NaN,551,78
NaN,NaN,543,88
554,83,NaN,NaN
NaN,NaN,550,97
NaN,NaN,536,103
540,112,NaN,NaN
NaN,NaN,542,110
NaN,NaN,541,97
NaN,NaN,546,101
NaN,NaN,548,98
NaN,NaN,548,95
569,95,NaN,NaN
552,109,NaN,NaN
435,137,550,109
568,89,438,125
561,109,456,112
446,129,563,100
550,115,435,121
447,136,564,106
554,124,450,134
445,124,556,116
559,113,442,118
560,110,442,121
443,120,554,125
451,138,560,111
555,112,443,117
555,110,454,136
551,113,449,131
550,117,444,118
446,129,553,110
555,110,449,131
553,117,NaN,NaN
557,100,450,135
NaN,NaN,557,112
NaN,NaN,554,119
557,111,444,138
550,117,NaN,NaN
434,133,562,117
439,149,552,119
561,117,429,141
420,151,544,119
411,147,543,117
559,116,414,137
546,121,NaN,NaN
549,118,NaN,NaN
548,120,NaN,NaN
NaN,NaN,540,119
NaN,NaN,546,130
NaN,NaN,536,134
538,123,NaN,NaN
534,113,NaN,NaN
NaN,NaN,531,110
423,148,524,114
418,145,535,116
415,132,532,120
524,119,402,149
535,130,393,151
377,167,533,138
NaN,NaN,521,123
508,126,NaN,NaN
521,121,NaN,NaN
511,134,NaN,NaN
517,128,NaN,NaN
514,124,335,352
NaN,NaN,313,371
325,385,NaN,NaN
512,126,315,380
521,129,318,389
327,388,523,128
514,127,327,405
524,132,310,386
524,129,327,409
513,132,317,395
320,395,516,123
319,385,521,133
320,382,517,127
521,127,318,392
517,132,319,403
323,399,527,126
321,395,524,128
324,393,519,125
529,123,323,402
532,135,325,404
531,125,334,406
NaN,NaN,326,395
317,396,NaN,NaN
323,403,NaN,NaN
NaN,NaN,325,404
321,393,NaN,NaN
325,404,NaN,NaN
NaN,NaN,312,394
NaN,NaN,314,393
NaN,NaN,328,391
NaN,NaN,327,398
325,396,NaN,NaN
NaN,NaN,325,397
NaN,NaN,319,389
324,388,NaN,NaN
NaN,NaN,315,377
NaN,NaN,323,378
NaN,NaN,323,377
319,346,NaN,NaN
NaN,NaN,NaN,NaN
NaN,NaN,NaN,NaN
NaN,NaN,NaN,NaN
NaN,NaN,NaN,NaN
NaN,NaN,NaN,NaN
NaN,NaN,NaN,NaN
NaN,NaN,NaN,NaN
NaN,NaN,NaN,NaN
NaN,NaN,NaN,NaN
NaN,NaN,NaN,NaN
NaN,NaN,NaN,NaN
NaN,NaN,NaN,NaN
NaN,NaN,NaN,NaN
NaN,NaN,NaN,NaN
NaN,NaN,NaN,NaN
NaN,NaN,NaN,NaN
NaN,NaN,NaN,NaN
NaN,NaN,402,135
NaN,NaN,NaN,NaN
400,129,NaN,NaN
NaN,NaN,407,131
412,127,NaN,NaN
NaN,NaN,416,127
NaN,NaN,415,121
NaN,NaN,412,124
NaN,NaN,416,122
NaN,NaN,NaN,NaN
NaN,NaN,NaN,NaN
NaN,NaN,NaN,NaN
NaN,NaN,NaN,NaN
NaN,NaN,NaN,NaN
NaN,NaN,NaN,NaN
NaN,NaN,NaN,NaN
NaN,NaN,NaN,NaN
NaN,NaN,NaN,NaN
NaN,NaN,NaN,NaN
NaN,NaN,NaN,NaN
NaN,NaN,NaN,NaN
NaN,NaN,NaN,NaN
NaN,NaN,NaN,NaN
NaN,NaN,NaN,NaN
NaN,NaN,NaN,NaN
NaN,NaN,NaN,NaN
416,140,NaN,NaN
414,139,NaN,NaN
NaN,NaN,414,139
NaN,NaN,409,133
407,141,NaN,NaN
NaN,NaN,407,133
409,136,NaN,NaN
NaN,NaN,410,142
407,144,NaN,NaN
NaN,NaN,414,154
NaN,NaN,NaN,NaN
NaN,NaN,NaN,NaN
NaN,NaN,NaN,NaN
NaN,NaN,NaN,NaN
NaN,NaN,NaN,NaN
NaN,NaN,NaN,NaN
NaN,NaN,NaN,NaN
NaN,NaN,NaN,NaN
NaN,NaN,NaN,NaN
NaN,NaN,NaN,NaN
NaN,NaN,NaN,NaN
NaN,NaN,NaN,NaN
NaN,NaN,529,145
537,110,NaN,NaN
NaN,NaN,NaN,NaN
NaN,NaN,NaN,NaN
NaN,NaN,NaN,NaN
NaN,NaN,NaN,NaN
NaN,NaN,NaN,NaN
NaN,NaN,NaN,NaN
NaN,NaN,NaN,NaN
NaN,NaN,NaN,NaN
NaN,NaN,NaN,NaN
NaN,NaN,NaN,NaN
NaN,NaN,NaN,NaN
NaN,NaN,NaN,NaN
NaN,NaN,NaN,NaN
NaN,NaN,NaN,NaN
NaN,NaN,NaN,NaN
NaN,NaN,NaN,NaN
NaN,NaN,NaN,NaN
NaN,NaN,NaN,NaN
NaN,NaN,NaN,NaN
NaN,NaN,NaN,NaN
NaN,NaN,NaN,NaN
NaN,NaN,NaN,NaN
403,296,NaN,NaN
418,329,NaN,NaN
425,368,NaN,NaN
NaN,NaN,NaN,NaN
NaN,NaN,NaN,NaN
426,404,NaN,NaN
428,398,NaN,NaN
NaN,NaN,424,404
NaN,NaN,433,404
NaN,NaN,424,401
NaN,NaN,429,404
NaN,NaN,427,407
435,404,NaN,NaN
434,405,NaN,NaN
407,354,NaN,NaN
425,356,NaN,NaN
NaN,NaN,426,314
424,292,NaN,NaN
NaN,NaN,NaN,NaN
NaN,NaN,NaN,NaN
NaN,NaN,NaN,NaN
NaN,NaN,NaN,NaN
NaN,NaN,NaN,NaN
NaN,NaN,NaN,NaN
NaN,NaN,NaN,NaN
NaN,NaN,NaN,NaN
NaN,NaN,NaN,NaN
NaN,NaN,NaN,NaN
NaN,NaN,NaN,NaN
NaN,NaN,419,155
NaN,NaN,422,151
NaN,NaN,NaN,NaN
NaN,NaN,NaN,NaN
422,159,NaN,NaN
NaN,NaN,429,155
NaN,NaN,433,152
427,153,NaN,NaN
NaN,NaN,434,155
433,154,NaN,NaN
NaN,NaN,427,153
NaN,NaN,NaN,NaN
NaN,NaN,NaN,NaN
428,155,NaN,NaN
NaN,NaN,435,162
433,158,NaN,NaN
427,154,NaN,NaN
NaN,NaN,434,154
NaN,NaN,436,151
439,153,NaN,NaN
NaN,NaN,NaN,NaN
NaN,NaN,442,155
NaN,NaN,424,142
430,144,NaN,NaN
430,146,NaN,NaN
NaN,NaN,424,149
NaN,NaN,426,138
NaN,NaN,427,137
425,144,NaN,NaN
435,151,NaN,NaN
NaN,NaN,433,150
NaN,NaN,430,142
443,155,NaN,NaN
NaN,NaN,429,151
415,140,NaN,NaN
NaN,NaN,419,140
NaN,NaN,418,146
425,153,NaN,NaN
NaN,NaN,432,150
435,142,NaN,NaN
NaN,NaN,NaN,NaN
425,142,NaN,NaN
NaN,NaN,424,148
NaN,NaN,431,137
432,152,NaN,NaN
NaN,NaN,437,151
NaN,NaN,432,149
438,147,NaN,NaN
NaN,NaN,430,132
NaN,NaN,425,142
422,149,NaN,NaN
425,150,NaN,NaN
NaN,NaN,422,148
NaN,NaN,NaN,NaN
NaN,NaN,429,150
NaN,NaN,432,155
NaN,NaN,424,145
NaN,NaN,424,144
NaN,NaN,418,144
NaN,NaN,427,139
NaN,NaN,434,149
NaN,NaN,NaN,NaN
433,138,NaN,NaN
428,138,NaN,NaN
425,144,NaN,NaN
NaN,NaN,423,145
420,146,NaN,NaN
NaN,NaN,430,151
435,150,NaN,NaN
NaN,NaN,429,141
NaN,NaN,428,144
NaN,NaN,429,149
423,139,NaN,NaN
NaN,NaN,426,142
NaN,NaN,432,149
434,142,NaN,NaN
NaN,NaN,440,152
429,142,NaN,NaN
NaN,NaN,428,142
427,140,NaN,NaN
NaN,NaN,428,132
NaN,NaN,427,142
439,146,NaN,NaN
NaN,NaN,430,151
NaN,NaN,434,150
431,140,NaN,NaN
429,148,NaN,NaN
426,137,NaN,NaN
427,155,NaN,NaN
NaN,NaN,428,145
NaN,NaN,430,151
NaN,NaN,443,157
NaN,NaN,427,147
NaN,NaN,427,144
NaN,NaN,427,137
NaN,NaN,420,141
NaN,NaN,425,146
NaN,NaN,426,141
NaN,NaN,429,141
NaN,NaN,431,138
NaN,NaN,427,132
428,148,NaN,NaN
436,132,NaN,NaN
NaN,NaN,428,146
NaN,NaN,438,132
429,138,NaN,NaN
NaN,NaN,434,156
432,141,NaN,NaN
446,142,NaN,NaN
NaN,NaN,443,139
446,150,NaN,NaN
NaN,NaN,438,140
440,133,NaN,NaN
NaN,NaN,437,134
436,130,NaN,NaN
NaN,NaN,431,133
434,126,NaN,NaN
430,120,NaN,NaN
427,133,NaN,NaN
NaN,NaN,423,136
430,139,NaN,NaN
NaN,NaN,433,133
432,124,NaN,NaN
430,120,NaN,NaN
438,122,NaN,NaN
441,127,NaN,NaN
NaN,NaN,448,140
NaN,NaN,443,136
445,128,NaN,NaN
448,124,NaN,NaN
572,73,457,124
570,71,444,109
449,112,570,84
566,72,452,108
468,110,575,82
460,105,572,74
460,112,566,84
577,75,464,101
576,70,461,109
574,73,446,94
464,101,571,82
581,79,460,107
478,118,575,73
573,77,458,99
462,105,565,84
460,99,574,97
564,80,461,89
469,107,566,73
456,95,556,77
567,72,458,84
461,97,567,87
455,92,568,73
461,112,566,66
566,73,454,89
579,71,467,108
465,105,569,71
464,108,573,72
561,87,453,98
562,95,459,102
465,99,569,95
567,73,458,98
471,110,575,69
558,70,457,91
566,84,459,105
465,99,568,86
562,68,455,86
570,67,465,108
467,109,568,68
460,108,560,87
559,71,463,100
566,81,458,91
555,79,458,102
564,81,461,100
559,68,460,102
566,71,462,103
559,73,460,114
569,70,466,111
458,95,560,98
460,107,559,77
564,84,462,115
471,104,569,86
454,113,556,100
464,118,567,81
561,85,453,107
459,106,561,97
464,107,567,88
566,92,468,121
559,78,454,110
563,74,455,107
564,89,459,103
566,84,462,124
555,102,456,108
450,110,551,94
451,109,558,88
456,116,559,102
455,112,561,79
462,110,562,74
563,90,451,113
457,113,565,85
449,113,555,101
566,85,463,115
559,100,455,114
462,119,563,101
456,105,559,94
454,115,555,80
452,105,560,80
450,109,553,95
551,98,451,125
564,85,464,119
450,119,556,98
552,80,448,125
554,105,446,123
560,90,458,129
549,98,446,124
451,130,560,93
453,136,555,89
546,106,446,132
447,136,548,91
452,131,550,86
554,93,453,135
454,128,557,90
554,88,454,123
450,143,556,85
540,104,440,133
442,150,546,97
548,92,432,153
535,98,424,164
NaN,NaN,531,99
531,101,NaN,NaN
NaN,NaN,NaN,NaN
NaN,NaN,NaN,NaN
522,112,NaN,NaN
524,107,320,348
532,105,322,358
322,352,532,104
NaN,NaN,NaN,NaN
NaN,NaN,NaN,NaN
527,110,305,375
316,380,526,112
521,127,318,383
318,388,537,110
529,114,307,384
308,376,534,112
316,379,534,108
544,111,311,383
536,114,307,382
322,377,543,113
533,113,317,373
528,111,311,366
527,116,320,361
526,114,330,347
340,355,535,114
533,113,NaN,NaN
NaN,NaN,527,113
NaN,NaN,536,115
533,120,NaN,NaN
524,114,NaN,NaN
532,113,NaN,NaN
526,114,NaN,NaN
521,117,NaN,NaN
522,117,NaN,NaN
NaN,NaN,529,121
NaN,NaN,517,116
514,129,NaN,NaN
507,142,NaN,NaN
518,123,NaN,NaN
NaN,NaN,505,124
508,147,NaN,NaN
NaN,NaN,515,128
NaN,NaN,507,136
NaN,NaN,504,114
501,143,NaN,NaN
NaN,NaN,514,124
NaN,NaN,501,122
NaN,NaN,509,131
NaN,NaN,503,139
501,132,NaN,NaN
517,131,NaN,NaN
503,139,NaN,NaN
NaN,NaN,504,124
510,137,NaN,NaN
517,130,NaN,NaN
518,117,NaN,NaN
NaN,NaN,514,135
525,116,NaN,NaN
510,128,NaN,NaN
NaN,NaN,505,122
522,118,NaN,NaN
NaN,NaN,514,124
NaN,NaN,516,125
NaN,NaN,503,131
504,129,NaN,NaN
NaN,NaN,510,121
NaN,NaN,512,116
507,125,NaN,NaN
NaN,NaN,512,115
504,120,NaN,NaN
513,117,NaN,NaN
507,125,NaN,NaN
503,112,NaN,NaN
390,141,513,111
395,133,502,122
394,138,506,122
398,128,511,121
396,132,512,116
386,136,504,113
384,137,504,107
503,116,385,143
500,113,386,142
510,111,388,143
388,144,503,125
506,117,378,139
512,107,379,135
NaN,NaN,507,114
510,115,386,135
402,146,506,126
390,148,499,116
394,143,511,107
386,130,507,113
501,111,392,139
506,119,383,126
387,133,505,109
504,128,394,143
390,143,510,117
388,143,505,112
504,114,386,124
513,112,387,138
504,107,387,141
392,142,512,115
392,131,504,108
500,113,397,138
508,126,396,132
391,142,509,116
397,137,508,105
381,129,501,114
504,106,385,129
387,124,511,115
504,124,383,137
385,132,499,115
398,143,513,112
391,145,505,117
504,117,385,135
385,144,499,119
389,126,511,116
392,128,510,118
NaN,NaN,507,110
498,119,389,127
391,135,500,107
389,130,506,113
NaN,NaN,499,118
NaN,NaN,506,100
505,106,NaN,NaN
NaN,NaN,515,98
504,115,387,120
384,121,509,112
513,101,388,123
506,117,394,116
507,116,387,124
401,119,514,95
394,123,520,98
395,133,512,122
405,126,512,111
399,125,515,103
506,112,402,124
418,129,519,105
514,99,413,118
504,115,401,134
401,133,508,102
501,109,400,111
502,114,403,136
403,133,505,118
420,133,521,90
511,109,410,113
407,115,509,108
417,135,516,98
415,121,517,103
523,102,403,115
407,112,511,106
402,108,513,106
416,114,515,110
405,109,505,116
410,119,510,105
411,114,510,110
407,140,511,112
509,106,409,120
403,120,504,103
410,119,514,99
514,113,413,127
513,101,406,129
407,134,507,122
405,134,507,113
515,110,391,155
387,145,507,111
392,149,518,129
371,135,518,139
373,155,537,136
525,136,375,157
NaN,NaN,526,147
363,167,532,129
532,155,NaN,NaN
357,159,530,149
529,131,364,165
536,140,364,162
362,161,532,127
537,125,NaN,NaN
NaN,NaN,534,132
533,137,NaN,NaN
NaN,NaN,530,130
530,139,366,165
537,139,NaN,NaN
NaN,NaN,536,133
NaN,NaN,528,124
535,126,NaN,NaN
NaN,NaN,528,127
538,132,NaN,NaN
356,162,530,123
537,129,NaN,NaN
533,129,368,151
361,165,525,131
360,159,521,144
366,139,528,122
NaN,NaN,528,128
529,126,356,154
NaN,NaN,522,131
379,157,526,125
521,122,376,156
352,153,523,124
356,160,515,123
524,130,364,172
364,154,528,122
523,129,371,159
371,159,519,139
361,153,526,120
367,154,521,132
359,152,526,135
365,151,532,137
376,166,539,127
539,132,368,158
359,170,531,125
534,129,369,156
360,173,543,128
365,152,542,135
538,128,376,162
354,145,540,127
355,164,531,143
532,129,355,166
NaN,NaN,532,131
531,128,NaN,NaN
NaN,NaN,537,130
532,150,362,158
539,135,NaN,NaN
361,158,537,130
541,132,358,157
533,142,361,171
359,159,531,134
529,146,354,169
536,125,356,172
363,169,536,146
534,135,375,161
532,122,372,167
363,158,517,124
510,136,381,148
367,153,503,141
506,121,371,148
368,152,491,134
364,149,501,121
500,124,371,167
496,124,370,181
NaN,NaN,NaN,NaN
NaN,NaN,497,118
324,232,503,121
328,252,507,121
NaN,NaN,NaN,NaN
497,129,NaN,NaN
NaN,NaN,494,125
494,131,NaN,NaN
493,130,NaN,NaN
503,125,NaN,NaN
NaN,NaN,506,125
507,122,NaN,NaN
NaN,NaN,510,123
512,124,NaN,NaN
507,128,NaN,NaN
NaN,NaN,498,126
505,123,NaN,NaN
NaN,NaN,502,119
499,128,NaN,NaN
NaN,NaN,506,120
498,127,NaN,NaN
NaN,NaN,508,119
NaN,NaN,505,124
NaN,NaN,505,126
505,118,NaN,NaN
507,121,NaN,NaN
501,126,NaN,NaN
NaN,NaN,506,127
502,132,NaN,NaN
NaN,NaN,499,127
NaN,NaN,510,125
322,414,513,124
322,417,497,127
315,411,500,131
323,390,499,132
321,390,501,133
494,129,311,394
500,128,320,390
301,357,503,114
496,114,321,343
500,112,323,330
500,113,322,311
497,125,325,281
334,253,491,115
343,243,489,120
NaN,NaN,483,111
NaN,NaN,479,118
NaN,NaN,469,121
NaN,NaN,469,115
480,119,NaN,NaN
479,121,NaN,NaN
NaN,NaN,477,124
NaN,NaN,NaN,NaN
NaN,NaN,376,169
NaN,NaN,NaN,NaN
NaN,NaN,NaN,NaN
NaN,NaN,NaN,NaN
NaN,NaN,NaN,NaN
NaN,NaN,NaN,NaN
493,130,NaN,NaN
498,126,NaN,NaN
488,127,NaN,NaN
496,118,NaN,NaN
NaN,NaN,486,131
515,123,NaN,NaN
NaN,NaN,505,116
NaN,NaN,513,113
NaN,NaN,507,123
510,129,NaN,NaN
511,127,NaN,NaN
NaN,NaN,504,124
519,122,NaN,NaN
NaN,NaN,520,122
NaN,NaN,512,137
516,113,NaN,NaN
513,124,NaN,NaN
513,129,NaN,NaN
516,128,NaN,NaN
518,123,NaN,NaN
NaN,NaN,524,123
537,117,NaN,NaN
NaN,NaN,528,135
527,130,NaN,NaN
NaN,NaN,533,110
NaN,NaN,527,133
NaN,NaN,531,128
NaN,NaN,531,128
527,134,NaN,NaN
532,133,NaN,NaN
546,115,NaN,NaN
536,108,NaN,NaN
NaN,NaN,532,133
NaN,NaN,542,134
539,112,NaN,NaN
NaN,NaN,531,138
542,109,NaN,NaN
527,137,NaN,NaN
544,113,NaN,NaN
NaN,NaN,537,136
537,136,NaN,NaN
NaN,NaN,529,139
NaN,NaN,541,115
535,129,NaN,NaN
544,118,NaN,NaN
NaN,NaN,528,130
NaN,NaN,528,130
NaN,NaN,531,127
525,134,NaN,NaN
531,128,NaN,NaN
NaN,NaN,525,127
NaN,NaN,527,127
380,147,523,100
376,145,509,83
517,70,377,146
491,64,368,156
369,154,484,72
367,152,477,62
377,127,NaN,NaN
383,150,NaN,NaN
NaN,NaN,388,132
388,124,NaN,NaN
NaN,NaN,372,139
NaN,NaN,399,129
383,132,NaN,NaN
NaN,NaN,412,125
NaN,NaN,401,122
NaN,NaN,374,122
NaN,NaN,392,127
NaN,NaN,396,125
NaN,NaN,388,121
NaN,NaN,419,120
NaN,NaN,413,113
NaN,NaN,419,123
381,124,NaN,NaN
NaN,NaN,375,120
478,103,376,132
484,94,384,124
477,105,375,130
380,124,480,105
475,97,374,120
384,122,NaN,NaN
373,117,477,105
376,123,476,97
383,116,NaN,NaN
382,120,NaN,NaN
NaN,NaN,372,120
385,131,NaN,NaN
NaN,NaN,386,127
386,131,NaN,NaN
401,129,NaN,NaN
NaN,NaN,380,113
NaN,NaN,383,124
384,127,NaN,NaN
389,106,NaN,NaN
NaN,NaN,384,135
373,125,NaN,NaN
358,142,NaN,NaN
NaN,NaN,325,183
NaN,NaN,323,174
NaN,NaN,308,201
NaN,NaN,NaN,NaN
NaN,NaN,NaN,NaN
NaN,NaN,NaN,NaN
NaN,NaN,223,314
226,313,NaN,NaN
NaN,NaN,223,340
NaN,NaN,209,347
203,377,NaN,NaN
NaN,NaN,206,380
NaN,NaN,206,378
NaN,NaN,217,389
NaN,NaN,210,384
211,390,NaN,NaN
NaN,NaN,217,393
219,392,NaN,NaN
NaN,NaN,212,397
NaN,NaN,217,398
216,397,NaN,NaN
219,394,NaN,NaN
218,400,NaN,NaN
NaN,NaN,218,395
NaN,NaN,221,408
NaN,NaN,223,401
NaN,NaN,220,403
224,404,NaN,NaN
223,399,NaN,NaN
212,407,NaN,NaN
220,408,NaN,NaN
221,408,NaN,NaN
216,406,NaN,NaN
218,408,NaN,NaN
NaN,NaN,218,402
214,399,NaN,NaN
NaN,NaN,211,391
224,403,NaN,NaN
216,407,NaN,NaN
217,400,NaN,NaN
201,395,NaN,NaN
224,339,NaN,NaN
NaN,NaN,NaN,NaN
NaN,NaN,NaN,NaN
NaN,NaN,NaN,NaN
NaN,NaN,NaN,NaN
NaN,NaN,NaN,NaN
NaN,NaN,NaN,NaN
NaN,NaN,NaN,NaN
NaN,NaN,NaN,NaN
NaN,NaN,NaN,NaN
NaN,NaN,371,96
NaN,NaN,396,95
NaN,NaN,405,102
370,68,457,123
NaN,NaN,396,81
367,66,455,118
372,65,456,120
NaN,NaN,374,80
363,76,448,117
368,81,NaN,NaN
365,77,NaN,NaN
372,81,NaN,NaN
NaN,NaN,373,96
NaN,NaN,381,101
NaN,NaN,391,95
390,117,NaN,NaN
NaN,NaN,389,104
NaN,NaN,NaN,NaN
385,122,NaN,NaN
NaN,NaN,382,114
NaN,NaN,385,116
386,105,NaN,NaN
NaN,NaN,NaN,NaN
NaN,NaN,NaN,NaN
462,94,NaN,NaN
NaN,NaN,NaN,NaN
NaN,NaN,NaN,NaN
NaN,NaN,NaN,NaN
395,109,NaN,NaN
NaN,NaN,NaN,NaN
NaN,NaN,NaN,NaN
NaN,NaN,NaN,NaN
406,109,NaN,NaN
399,107,NaN,NaN
396,123,NaN,NaN
NaN,NaN,389,118
NaN,NaN,NaN,NaN
NaN,NaN,387,119
388,111,NaN,NaN
NaN,NaN,377,102
387,90,NaN,NaN
NaN,NaN,374,80
389,98,NaN,NaN
NaN,NaN,382,100
NaN,NaN,NaN,NaN
NaN,NaN,NaN,NaN
NaN,NaN,NaN,NaN
NaN,NaN,378,88
NaN,NaN,367,98
384,98,NaN,NaN
NaN,NaN,386,104
382,110,NaN,NaN
388,114,NaN,NaN
376,91,NaN,NaN
NaN,NaN,382,121
NaN,NaN,443,95
NaN,NaN,449,107
461,105,NaN,NaN
450,104,NaN,NaN
NaN,NaN,NaN,NaN
NaN,NaN,NaN,NaN
NaN,NaN,NaN,NaN
NaN,NaN,NaN,NaN
NaN,NaN,NaN,NaN
NaN,NaN,NaN,NaN
NaN,NaN,NaN,NaN
361,119,NaN,NaN
NaN,NaN,360,123
366,121,NaN,NaN
NaN,NaN,363,129
363,126,NaN,NaN
NaN,NaN,359,114
NaN,NaN,358,118
NaN,NaN,361,110
NaN,NaN,367,118
NaN,NaN,358,115
362,106,NaN,NaN
359,104,NaN,NaN
359,110,NaN,NaN
NaN,NaN,348,107
NaN,NaN,357,111
333,111,NaN,NaN
NaN,NaN,312,118
NaN,NaN,NaN,NaN
NaN,NaN,NaN,NaN
NaN,NaN,NaN,NaN
NaN,NaN,NaN,NaN
NaN,NaN,NaN,NaN
NaN,NaN,NaN,NaN
NaN,NaN,NaN,NaN
224,343,NaN,NaN
NaN,NaN,NaN,NaN
NaN,NaN,208,397
NaN,NaN,221,404
224,392,NaN,NaN
NaN,NaN,225,395
217,391,NaN,NaN
NaN,NaN,223,396
NaN,NaN,210,393
NaN,NaN,210,397
220,399,NaN,NaN
NaN,NaN,222,399
NaN,NaN,221,395
NaN,NaN,225,402
222,397,NaN,NaN
NaN,NaN,223,403
219,402,NaN,NaN
220,404,NaN,NaN
209,397,NaN,NaN
212,393,NaN,NaN
NaN,NaN,204,374
NaN,NaN,NaN,NaN
NaN,NaN,NaN,NaN
NaN,NaN,NaN,NaN
NaN,NaN,NaN,NaN
NaN,NaN,305,187
NaN,NaN,316,158
341,135,NaN,NaN
334,106,NaN,NaN
NaN,NaN,352,89
NaN,NaN,356,80
450,116,351,65
452,113,352,71
366,69,NaN,NaN
455,106,NaN,NaN
462,100,360,65
462,103,364,63
463,98,364,67
461,102,362,76
371,73,NaN,NaN
NaN,NaN,456,108
365,70,463,102
362,76,460,117
370,70,466,111
469,102,368,86
NaN,NaN,388,91
367,74,463,110
NaN,NaN,386,90
463,109,NaN,NaN
370,67,466,105
NaN,NaN,465,106
NaN,NaN,462,112
370,74,464,110
462,108,NaN,NaN
382,92,NaN,NaN
NaN,NaN,385,88
384,92,NaN,NaN
462,105,NaN,NaN
392,100,NaN,NaN
383,96,NaN,NaN
NaN,NaN,387,99
NaN,NaN,NaN,NaN
NaN,NaN,NaN,NaN
NaN,NaN,NaN,NaN
365,75,NaN,NaN
363,80,462,109
362,81,466,101
NaN,NaN,384,92
369,70,469,106
464,110,367,91
NaN,NaN,387,103
390,102,NaN,NaN
388,100,NaN,NaN
380,97,NaN,NaN
366,81,462,115
NaN,NaN,391,102
464,115,371,81
363,75,457,109
460,122,360,76
463,111,374,71
370,90,NaN,NaN
388,87,NaN,NaN
NaN,NaN,382,96
383,95,NaN,NaN
391,100,NaN,NaN
NaN,NaN,360,73
361,88,462,107
359,76,463,123
NaN,NaN,364,91
NaN,NaN,387,107
NaN,NaN,389,103
391,103,NaN,NaN
366,82,NaN,NaN
364,89,NaN,NaN
364,83,458,118
465,113,366,81
391,106,NaN,NaN
NaN,NaN,387,109
NaN,NaN,389,98
364,98,NaN,NaN
363,76,NaN,NaN
363,96,NaN,NaN
367,98,NaN,NaN
464,124,367,79
362,77,462,121
NaN,NaN,390,90
NaN,NaN,375,85
NaN,NaN,365,83
392,98,NaN,NaN
NaN,NaN,388,90
367,87,NaN,NaN
390,103,NaN,NaN
388,105,NaN,NaN
375,99,NaN,NaN
NaN,NaN,370,93
372,98,NaN,NaN
NaN,NaN,388,95
NaN,NaN,384,94
NaN,NaN,388,100
NaN,NaN,393,89
422,125,NaN,NaN
392,99,NaN,NaN
389,98,NaN,NaN
391,103,NaN,NaN
393,93,NaN,NaN
388,100,NaN,NaN
NaN,NaN,394,93
NaN,NaN,416,107
396,93,NaN,NaN
395,105,NaN,NaN
NaN,NaN,395,98
394,98,NaN,NaN
386,85,NaN,NaN
390,106,NaN,NaN
389,99,NaN,NaN
NaN,NaN,391,97
388,99,NaN,NaN
392,121,NaN,NaN
389,90,NaN,NaN
391,111,NaN,NaN
389,98,NaN,NaN
384,97,NaN,NaN
NaN,NaN,392,99
NaN,NaN,395,116
387,101,NaN,NaN
NaN,NaN,NaN,NaN
367,87,NaN,NaN
NaN,NaN,385,93
NaN,NaN,NaN,NaN
391,108,NaN,NaN
NaN,NaN,370,97
370,81,NaN,NaN
383,100,NaN,NaN
NaN,NaN,390,115
NaN,NaN,388,106
NaN,NaN,386,106
NaN,NaN,366,95
372,102,NaN,NaN
NaN,NaN,367,89
372,102,NaN,NaN
367,94,NaN,NaN
NaN,NaN,384,110
NaN,NaN,374,104
NaN,NaN,375,93
NaN,NaN,371,98
NaN,NaN,374,93
NaN,NaN,371,97
361,103,NaN,NaN
NaN,NaN,359,90
NaN,NaN,369,103
NaN,NaN,363,96
NaN,NaN,449,131
363,94,NaN,NaN
396,114,NaN,NaN
NaN,NaN,365,107
NaN,NaN,448,124
NaN,NaN,359,102
NaN,NaN,386,129
364,110,NaN,NaN
NaN,NaN,387,138
430,188,NaN,NaN
431,195,NaN,NaN
452,231,NaN,NaN
NaN,NaN,441,217
478,244,NaN,NaN
506,296,NaN,NaN
NaN,NaN,516,341
NaN,NaN,526,364
NaN,NaN,522,367
NaN,NaN,515,380
NaN,NaN,525,378
NaN,NaN,522,380
520,398,NaN,NaN
519,399,NaN,NaN
NaN,NaN,520,392
NaN,NaN,520,394
NaN,NaN,523,402
NaN,NaN,514,392
519,395,NaN,NaN
NaN,NaN,521,402
NaN,NaN,517,398
517,407,NaN,NaN
521,396,NaN,NaN
NaN,NaN,517,399
510,391,NaN,NaN
NaN,NaN,513,375
NaN,NaN,511,375
515,373,NaN,NaN
517,361,NaN,NaN
520,343,NaN,NaN
503,281,NaN,NaN
486,243,NaN,NaN
NaN,NaN,478,225
NaN,NaN,465,203
474,197,NaN,NaN
469,160,NaN,NaN
430,130,NaN,NaN
NaN,NaN,464,146
414,112,NaN,NaN
482,148,NaN,NaN
NaN,NaN,483,143
413,93,481,140
402,87,483,141
404,101,498,114
396,95,486,123
411,95,508,113
494,127,398,86
NaN,NaN,495,114
404,95,504,116
510,121,412,95
480,138,411,88
481,142,405,89
504,111,405,103
416,97,481,141
NaN,NaN,415,106
457,131,NaN,NaN
473,135,NaN,NaN
NaN,NaN,487,188
NaN,NaN,487,196
504,231,NaN,NaN
495,229,NaN,NaN
512,264,NaN,NaN
NaN,NaN,513,284
NaN,NaN,528,326
525,332,NaN,NaN
NaN,NaN,528,344
NaN,NaN,529,366
492,111,532,374
NaN,NaN,522,365
522,374,NaN,NaN
485,113,518,369
NaN,NaN,517,367
497,110,514,372
515,372,493,108
NaN,NaN,522,376
525,377,NaN,NaN
520,377,487,108
488,98,521,390
520,381,493,110
489,110,524,393
520,386,485,109
487,109,526,383
491,104,526,372
525,376,489,99
525,384,487,106
522,378,489,103
531,390,481,108
523,382,489,110
488,106,527,392
520,393,490,115
487,108,521,395
489,109,527,399
487,115,523,394
524,395,484,102
512,393,488,100
492,107,518,388
515,391,487,103
517,394,487,102
489,91,524,391
520,382,490,93
486,107,519,383
490,105,521,378
492,101,522,379
486,115,510,356
498,110,512,346
NaN,NaN,512,331
492,304,NaN,NaN
488,283,NaN,NaN
NaN,NaN,478,251
NaN,NaN,472,239
NaN,NaN,NaN,NaN
NaN,NaN,473,197
474,181,NaN,NaN
NaN,NaN,446,149
NaN,NaN,NaN,NaN
NaN,NaN,NaN,NaN
401,94,NaN,NaN
NaN,NaN,397,105
410,113,NaN,NaN
411,95,NaN,NaN
489,119,391,96
388,101,488,112
403,99,NaN,NaN
NaN,NaN,405,102
390,92,NaN,NaN
395,92,NaN,NaN
390,96,490,109
393,82,493,117
403,89,NaN,NaN
NaN,NaN,406,100
486,115,NaN,NaN
488,110,391,83
389,76,489,116
392,74,492,107
395,82,494,117
489,112,NaN,NaN
389,73,488,114
490,111,392,74
484,112,384,73
388,82,487,110
383,81,484,116
393,100,495,116
NaN,NaN,398,98
399,87,NaN,NaN
NaN,NaN,396,100
406,104,NaN,NaN
NaN,NaN,400,114
483,115,383,91
NaN,NaN,394,98
403,107,NaN,NaN
402,108,NaN,NaN
NaN,NaN,406,113
NaN,NaN,404,113
NaN,NaN,402,110
NaN,NaN,396,121
NaN,NaN,399,107
397,106,NaN,NaN
407,112,NaN,NaN
401,114,NaN,NaN
409,111,NaN,NaN
405,114,NaN,NaN
NaN,NaN,418,132
NaN,NaN,405,108
399,116,NaN,NaN
NaN,NaN,403,125
402,131,NaN,NaN
388,124,NaN,NaN
NaN,NaN,373,138
NaN,NaN,363,157
NaN,NaN,344,167
NaN,NaN,344,167
NaN,NaN,NaN,NaN
NaN,NaN,NaN,NaN
NaN,NaN,NaN,NaN
NaN,NaN,NaN,NaN
NaN,NaN,NaN,NaN
NaN,NaN,NaN,NaN
227,300,NaN,NaN
NaN,NaN,208,319
219,315,NaN,NaN
NaN,NaN,201,345
NaN,NaN,205,344
203,358,NaN,NaN
NaN,NaN,199,351
NaN,NaN,210,376
206,380,NaN,NaN
NaN,NaN,220,387
214,401,NaN,NaN
NaN,NaN,216,398
220,405,NaN,NaN
NaN,NaN,211,407
221,407,NaN,NaN
213,410,NaN,NaN
211,405,NaN,NaN
NaN,NaN,215,407
212,399,NaN,NaN
NaN,NaN,213,404
212,416,NaN,NaN
NaN,NaN,215,403
211,399,NaN,NaN
NaN,NaN,215,403
216,402,NaN,NaN
213,406,NaN,NaN
221,410,NaN,NaN
NaN,NaN,217,405
NaN,NaN,212,402
211,411,NaN,NaN
215,406,NaN,NaN
220,408,NaN,NaN
214,404,NaN,NaN
NaN,NaN,217,408
NaN,NaN,212,398
213,405,NaN,NaN
NaN,NaN,210,408
214,403,NaN,NaN
211,398,NaN,NaN
NaN,NaN,214,410
NaN,NaN,209,400
NaN,NaN,212,407
215,404,NaN,NaN
215,399,NaN,NaN
216,404,NaN,NaN
NaN,NaN,207,387
NaN,NaN,193,367
NaN,NaN,192,375
210,360,NaN,NaN
NaN,NaN,251,307
NaN,NaN,NaN,NaN
NaN,NaN,NaN,NaN
NaN,NaN,NaN,NaN
NaN,NaN,NaN,NaN
NaN,NaN,NaN,NaN
NaN,NaN,321,119
334,108,NaN,NaN
NaN,NaN,353,107
386,104,NaN,NaN
375,103,NaN,NaN
NaN,NaN,388,91
NaN,NaN,394,93
NaN,NaN,394,99
393,108,NaN,NaN
NaN,NaN,393,101
NaN,NaN,NaN,NaN
NaN,NaN,387,99
392,99,NaN,NaN
NaN,NaN,393,101
NaN,NaN,NaN,NaN
397,102,NaN,NaN
NaN,NaN,395,117
NaN,NaN,385,109
NaN,NaN,394,114
385,107,NaN,NaN
393,119,NaN,NaN
388,115,NaN,NaN
394,131,NaN,NaN
NaN,NaN,393,130
NaN,NaN,394,141
395,140,NaN,NaN
391,121,NaN,NaN
388,136,NaN,NaN
383,138,NaN,NaN
NaN,NaN,385,135
NaN,NaN,393,127
393,128,NaN,NaN
393,139,NaN,NaN
391,128,NaN,NaN
NaN,NaN,398,141
393,128,NaN,NaN
388,134,NaN,NaN
391,129,NaN,NaN
391,141,NaN,NaN
386,130,NaN,NaN
NaN,NaN,394,148
NaN,NaN,396,140
397,146,NaN,NaN
388,127,NaN,NaN
385,138,NaN,NaN
NaN,NaN,393,139
NaN,NaN,389,132
393,132,NaN,NaN
389,142,NaN,NaN
NaN,NaN,390,125
NaN,NaN,389,125
395,130,NaN,NaN
NaN,NaN,NaN,NaN
393,134,NaN,NaN
390,129,NaN,NaN
NaN,NaN,397,135
388,140,NaN,NaN
385,131,NaN,NaN
NaN,NaN,409,141
NaN,NaN,406,143
NaN,NaN,NaN,NaN
NaN,NaN,NaN,NaN
394,141,NaN,NaN
472,130,NaN,NaN
NaN,NaN,NaN,NaN
NaN,NaN,390,143
NaN,NaN,NaN,NaN
NaN,NaN,NaN,NaN
NaN,NaN,NaN,NaN
NaN,NaN,NaN,NaN
NaN,NaN,NaN,NaN
NaN,NaN,NaN,NaN
NaN,NaN,NaN,NaN
NaN,NaN,NaN,NaN
NaN,NaN,NaN,NaN
NaN,NaN,NaN,NaN
NaN,NaN,NaN,NaN
NaN,NaN,NaN,NaN
NaN,NaN,NaN,NaN
NaN,NaN,394,116
400,126,NaN,NaN
406,121,NaN,NaN
NaN,NaN,412,131
NaN,NaN,395,122
406,121,NaN,NaN
406,127,NaN,NaN
406,122,NaN,NaN
NaN,NaN,400,117
NaN,NaN,394,113
NaN,NaN,396,121
NaN,NaN,396,128
399,121,NaN,NaN
NaN,NaN,394,123
NaN,NaN,NaN,NaN
NaN,NaN,NaN,NaN
NaN,NaN,396,103
392,115,NaN,NaN
NaN,NaN,NaN,NaN
385,109,NaN,NaN
NaN,NaN,392,109
378,102,NaN,NaN
NaN,NaN,NaN,NaN
NaN,NaN,NaN,NaN
NaN,NaN,387,109
NaN,NaN,381,106
390,116,NaN,NaN
372,92,NaN,NaN
NaN,NaN,NaN,NaN
NaN,NaN,371,101
389,107,NaN,NaN
390,94,NaN,NaN
NaN,NaN,NaN,NaN
NaN,NaN,NaN,NaN
NaN,NaN,397,99
395,99,NaN,NaN
NaN,NaN,389,96
NaN,NaN,391,94
391,109,NaN,NaN
NaN,NaN,389,104
NaN,NaN,392,102
392,99,NaN,NaN
388,106,NaN,NaN
NaN,NaN,374,103
NaN,NaN,384,104
384,109,NaN,NaN
NaN,NaN,385,113
NaN,NaN,381,113
396,115,NaN,NaN
392,117,NaN,NaN
387,125,NaN,NaN
NaN,NaN,388,118
396,136,NaN,NaN
404,134,NaN,NaN
405,132,NaN,NaN
NaN,NaN,402,129
NaN,NaN,408,131
NaN,NaN,404,130
402,131,NaN,NaN
405,136,NaN,NaN
NaN,NaN,408,143
400,146,NaN,NaN
404,152,NaN,NaN
NaN,NaN,NaN,NaN
NaN,NaN,390,152
NaN,NaN,483,111
NaN,NaN,489,116
492,121,394,150
391,151,NaN,NaN
395,150,NaN,NaN
401,153,NaN,NaN
398,156,NaN,NaN
NaN,NaN,NaN,NaN
NaN,NaN,NaN,NaN
NaN,NaN,403,152
NaN,NaN,NaN,NaN
NaN,NaN,NaN,NaN
413,153,NaN,NaN
NaN,NaN,NaN,NaN
NaN,NaN,412,158
NaN,NaN,NaN,NaN
NaN,NaN,NaN,NaN
NaN,NaN,NaN,NaN
NaN,NaN,NaN,NaN
NaN,NaN,NaN,NaN
NaN,NaN,NaN,NaN
NaN,NaN,NaN,NaN
NaN,NaN,NaN,NaN
NaN,NaN,NaN,NaN
NaN,NaN,NaN,NaN
NaN,NaN,NaN,NaN
NaN,NaN,NaN,NaN
NaN,NaN,NaN,NaN
NaN,NaN,NaN,NaN
NaN,NaN,NaN,NaN
NaN,NaN,NaN,NaN
NaN,NaN,NaN,NaN
NaN,NaN,NaN,NaN
NaN,NaN,NaN,NaN
NaN,NaN,NaN,NaN
NaN,NaN,NaN,NaN
NaN,NaN,NaN,NaN
NaN,NaN,NaN,NaN
NaN,NaN,NaN,NaN
NaN,NaN,NaN,NaN
NaN,NaN,NaN,NaN
NaN,NaN,NaN,NaN
NaN,NaN,NaN,NaN
NaN,NaN,NaN,NaN
NaN,NaN,NaN,NaN
NaN,NaN,NaN,NaN
NaN,NaN,NaN,NaN
NaN,NaN,NaN,NaN
NaN,NaN,NaN,NaN
NaN,NaN,NaN,NaN
NaN,NaN,NaN,NaN
NaN,NaN,NaN,NaN
NaN,NaN,NaN,NaN
NaN,NaN,NaN,NaN
NaN,NaN,NaN,NaN
NaN,NaN,NaN,NaN
NaN,NaN,NaN,NaN
NaN,NaN,NaN,NaN
NaN,NaN,NaN,NaN
NaN,NaN,NaN,NaN
NaN,NaN,NaN,NaN
NaN,NaN,NaN,NaN
NaN,NaN,NaN,NaN
NaN,NaN,NaN,NaN
NaN,NaN,NaN,NaN
NaN,NaN,NaN,NaN
NaN,NaN,NaN,NaN
NaN,NaN,NaN,NaN
NaN,NaN,NaN,NaN
NaN,NaN,NaN,NaN
NaN,NaN,NaN,NaN
NaN,NaN,NaN,NaN
NaN,NaN,322,295
NaN,NaN,326,344
NaN,NaN,315,357
NaN,NaN,326,368
317,390,NaN,NaN
NaN,NaN,317,398
NaN,NaN,318,398
321,409,NaN,NaN
316,405,NaN,NaN
322,402,NaN,NaN
325,413,NaN,NaN
NaN,NaN,324,408
NaN,NaN,328,415
326,417,NaN,NaN
328,416,NaN,NaN
NaN,NaN,318,411
NaN,NaN,332,417
326,417,NaN,NaN
NaN,NaN,321,416
320,413,NaN,NaN
NaN,NaN,315,419
NaN,NaN,318,420
NaN,NaN,320,418
322,418,NaN,NaN
316,414,NaN,NaN
NaN,NaN,328,419
321,415,NaN,NaN
316,407,NaN,NaN
311,401,NaN,NaN
NaN,NaN,316,397
NaN,NaN,316,373
318,365,NaN,NaN
NaN,NaN,320,352
341,333,NaN,NaN
350,302,NaN,NaN
353,259,NaN,NaN
362,230,NaN,NaN
NaN,NaN,373,217
NaN,NaN,NaN,NaN
NaN,NaN,NaN,NaN
NaN,NaN,NaN,NaN
NaN,NaN,NaN,NaN
NaN,NaN,NaN,NaN
NaN,NaN,NaN,NaN
NaN,NaN,NaN,NaN
419,183,NaN,NaN
NaN,NaN,NaN,NaN
NaN,NaN,NaN,NaN
NaN,NaN,NaN,NaN
NaN,NaN,NaN,NaN
416,176,NaN,NaN
NaN,NaN,NaN,NaN
NaN,NaN,416,180
NaN,NaN,420,182
NaN,NaN,NaN,NaN
NaN,NaN,NaN,NaN
418,176,NaN,NaN
NaN,NaN,419,180
NaN,NaN,414,177
NaN,NaN,425,188
NaN,NaN,414,173
NaN,NaN,417,183
415,173,NaN,NaN
NaN,NaN,NaN,NaN
NaN,NaN,422,184
NaN,NaN,NaN,NaN
NaN,NaN,NaN,NaN
NaN,NaN,NaN,NaN
NaN,NaN,NaN,NaN
NaN,NaN,NaN,NaN
NaN,NaN,NaN,NaN
NaN,NaN,NaN,NaN
NaN,NaN,NaN,NaN
NaN,NaN,NaN,NaN
NaN,NaN,NaN,NaN
NaN,NaN,NaN,NaN
NaN,NaN,NaN,NaN
NaN,NaN,NaN,NaN
NaN,NaN,419,154
NaN,NaN,NaN,NaN
NaN,NaN,NaN,NaN
NaN,NaN,NaN,NaN
NaN,NaN,NaN,NaN
NaN,NaN,NaN,NaN
NaN,NaN,NaN,NaN
NaN,NaN,NaN,NaN
NaN,NaN,NaN,NaN
NaN,NaN,NaN,NaN
NaN,NaN,NaN,NaN
NaN,NaN,419,152
421,155,NaN,NaN
408,152,NaN,NaN
415,157,NaN,NaN
NaN,NaN,NaN,NaN
410,153,NaN,NaN
424,161,NaN,NaN
NaN,NaN,414,169
407,153,NaN,NaN
NaN,NaN,416,157
418,159,NaN,NaN
417,154,NaN,NaN
422,157,NaN,NaN
413,140,NaN,NaN
410,169,NaN,NaN
413,167,NaN,NaN
411,149,NaN,NaN
NaN,NaN,NaN,NaN
NaN,NaN,NaN,NaN
NaN,NaN,NaN,NaN
417,164,NaN,NaN
409,154,NaN,NaN
NaN,NaN,417,141
NaN,NaN,395,138
409,170,NaN,NaN
382,157,NaN,NaN
361,168,NaN,NaN
NaN,NaN,NaN,NaN
NaN,NaN,NaN,NaN
NaN,NaN,NaN,NaN
NaN,NaN,NaN,NaN
NaN,NaN,NaN,NaN
NaN,NaN,NaN,NaN
NaN,NaN,NaN,NaN
202,315,NaN,NaN
NaN,NaN,219,349
NaN,NaN,216,347
212,353,NaN,NaN
NaN,NaN,221,365
220,378,NaN,NaN
219,365,NaN,NaN
228,379,NaN,NaN
221,387,NaN,NaN
NaN,NaN,226,389
NaN,NaN,220,398
NaN,NaN,210,398
220,402,NaN,NaN
NaN,NaN,218,397
222,395,NaN,NaN
NaN,NaN,209,393
NaN,NaN,206,390
221,394,NaN,NaN
221,395,NaN,NaN
NaN,NaN,213,398
NaN,NaN,225,387
210,383,NaN,NaN
NaN,NaN,216,367
NaN,NaN,217,360
NaN,NaN,219,338
NaN,NaN,NaN,NaN
NaN,NaN,NaN,NaN
NaN,NaN,NaN,NaN
NaN,NaN,NaN,NaN
NaN,NaN,NaN,NaN
NaN,NaN,NaN,NaN
NaN,NaN,322,165
NaN,NaN,322,167
353,163,NaN,NaN
382,138,NaN,NaN
380,134,NaN,NaN
NaN,NaN,392,126
492,159,394,102
393,116,491,160
388,104,490,145
399,102,492,155
497,141,400,100
403,96,496,137
504,138,404,105
399,103,495,125
403,101,487,149
497,128,402,94
501,147,410,106
404,100,494,147
497,148,413,97
490,149,400,94
504,150,413,101
498,137,405,103
396,105,495,151
492,137,390,91
414,109,512,140
490,135,394,103
393,104,494,136
401,101,500,149
389,95,491,138
497,142,397,97
409,108,506,153
407,112,506,145
496,147,398,102
400,109,500,138
496,160,395,109
503,139,403,113
495,139,394,106
496,159,396,107
NaN,NaN,412,122
501,143,401,128
498,147,398,118
NaN,NaN,408,129
NaN,NaN,491,160
NaN,NaN,412,125
405,125,506,143
493,149,NaN,NaN
NaN,NaN,490,158
396,125,494,155
405,126,NaN,NaN
419,134,NaN,NaN
NaN,NaN,415,131
NaN,NaN,408,131
NaN,NaN,NaN,NaN
NaN,NaN,408,127
414,125,NaN,NaN
425,126,NaN,NaN
NaN,NaN,410,127
416,127,NaN,NaN
NaN,NaN,412,133
NaN,NaN,NaN,NaN
NaN,NaN,394,118
NaN,NaN,408,127
NaN,NaN,NaN,NaN
NaN,NaN,NaN,NaN
400,126,NaN,NaN
NaN,NaN,393,120
NaN,NaN,NaN,NaN
NaN,NaN,409,117
NaN,NaN,413,119
396,111,NaN,NaN
402,123,NaN,NaN
395,115,NaN,NaN
NaN,NaN,395,123
NaN,NaN,398,114
NaN,NaN,NaN,NaN
394,112,NaN,NaN
NaN,NaN,413,116
395,114,NaN,NaN
NaN,NaN,413,115
NaN,NaN,412,121
NaN,NaN,399,115
391,120,NaN,NaN
393,129,NaN,NaN
NaN,NaN,388,134
NaN,NaN,357,132
NaN,NaN,344,149
NaN,NaN,327,177
NaN,NaN,NaN,NaN
NaN,NaN,NaN,NaN
NaN,NaN,NaN,NaN
238,307,NaN,NaN
237,309,NaN,NaN
228,330,NaN,NaN
NaN,NaN,216,346
209,356,NaN,NaN
212,351,NaN,NaN
NaN,NaN,216,355
216,355,NaN,NaN
212,370,NaN,NaN
NaN,NaN,218,361
NaN,NaN,216,365
199,365,NaN,NaN
NaN,NaN,210,369
NaN,NaN,210,370
206,374,NaN,NaN
220,372,NaN,NaN
215,380,NaN,NaN
214,373,NaN,NaN
NaN,NaN,220,379
NaN,NaN,211,378
208,373,NaN,NaN
NaN,NaN,221,376
NaN,NaN,221,382
220,376,NaN,NaN
NaN,NaN,223,383
215,375,NaN,NaN
NaN,NaN,217,374
NaN,NaN,225,377
NaN,NaN,213,357
215,355,NaN,NaN
240,321,NaN,NaN
240,329,NaN,NaN
NaN,NaN,NaN,NaN
NaN,NaN,NaN,NaN
NaN,NaN,NaN,NaN
NaN,NaN,NaN,NaN
NaN,NaN,NaN,NaN
NaN,NaN,NaN,NaN
480,136,378,117
488,135,394,105
494,132,398,101
422,91,521,116
502,124,402,93
420,103,522,113
426,97,527,127
520,110,420,94
423,93,521,106
520,108,421,100
428,96,529,119
525,112,428,87
521,113,426,86
419,91,522,119
424,88,525,122
522,98,422,87
528,113,426,106
428,94,525,115
521,112,421,85
514,98,414,103
516,102,420,83
426,110,525,119
418,94,516,102
428,96,524,114
424,84,522,111
521,103,426,97
423,86,524,113
426,94,515,109
426,96,523,114
420,88,521,98
NaN,NaN,418,95
523,116,424,100
521,102,422,105
422,96,520,109
521,117,419,98
527,128,428,87
419,87,518,111
417,91,521,111
424,93,520,111
516,123,416,102
413,111,514,105
425,98,523,93
513,95,414,97
410,105,512,103
406,107,507,104
504,103,NaN,NaN
415,124,515,109
517,103,418,105
517,111,414,114
413,105,513,106
409,117,509,96
519,119,420,101
413,105,517,102
518,111,418,105
421,117,520,95
416,109,516,103
504,103,402,107
514,100,420,113
500,98,402,117
514,101,417,113
404,120,507,91
515,105,415,123
412,115,512,103
509,105,408,103
399,105,503,106
421,94,521,99
517,106,415,109
522,105,423,91
507,103,408,97
517,107,416,107
410,103,513,105
515,108,414,114
417,118,520,105
403,105,502,94
403,93,506,95
402,94,502,100
418,103,518,122
514,105,413,100
515,101,414,99
515,112,414,102
518,100,420,109
415,132,513,109
515,108,413,132
417,114,517,115
519,106,415,94
413,106,516,108
412,102,513,98
409,96,510,109
408,113,511,98
507,106,404,116
516,111,415,110
522,106,419,115
512,106,407,113
515,101,414,103
514,110,412,99
516,98,416,123
410,101,515,110
414,111,517,99
415,108,512,108
416,111,517,100
408,101,513,101
416,103,512,99
508,110,409,118
412,104,516,109
515,117,409,108
416,108,516,109
408,112,509,105
521,104,419,111
511,107,413,108
404,98,503,95
413,99,510,113
518,105,418,101
516,115,416,95
494,101,394,98
512,109,412,119
516,105,409,98
514,98,408,107
416,112,521,101
519,101,420,116
512,98,412,110
416,95,516,105
414,95,522,99
NaN,NaN,422,99
516,99,417,96
416,95,514,112
510,103,412,109
511,105,413,115
526,115,426,99
416,105,516,84
510,102,415,97
408,104,508,108
412,113,511,109
411,112,508,107
514,99,414,98
420,112,512,108
512,98,412,113
NaN,NaN,431,115
421,103,517,110
516,108,414,112
412,114,516,101
518,106,419,95
508,108,408,101
415,102,513,101
512,101,416,111
508,104,408,103
512,98,411,101
NaN,NaN,434,100
514,105,413,112
514,100,417,110
420,112,516,101
414,111,514,105
406,114,507,94
415,101,515,103
504,100,405,105
508,97,409,103
509,107,410,112
502,109,402,110
410,122,511,109
412,96,510,109
507,101,411,124
414,117,515,110
396,113,499,103
501,119,401,124
500,110,402,113
397,126,NaN,NaN
NaN,NaN,333,143
NaN,NaN,338,149
NaN,NaN,NaN,NaN
NaN,NaN,NaN,NaN
NaN,NaN,NaN,NaN
NaN,NaN,NaN,NaN
NaN,NaN,171,324
167,315,NaN,NaN
NaN,NaN,150,337
NaN,NaN,149,336
151,336,NaN,NaN
138,367,NaN,NaN
148,353,NaN,NaN
NaN,NaN,142,355
141,354,NaN,NaN
143,360,NaN,NaN
135,364,NaN,NaN
NaN,NaN,144,361
NaN,NaN,120,376
NaN,NaN,139,365
NaN,NaN,134,364
121,375,NaN,NaN
134,362,NaN,NaN
NaN,NaN,132,366
NaN,NaN,131,362
NaN,NaN,126,357
NaN,NaN,127,374
NaN,NaN,122,368
NaN,NaN,137,337
137,343,NaN,NaN
155,310,NaN,NaN
NaN,NaN,NaN,NaN
NaN,NaN,NaN,NaN
NaN,NaN,NaN,NaN
NaN,NaN,NaN,NaN
NaN,NaN,NaN,NaN
NaN,NaN,NaN,NaN
NaN,NaN,NaN,NaN
NaN,NaN,NaN,NaN
NaN,NaN,319,121
341,128,NaN,NaN
NaN,NaN,348,123
358,126,NaN,NaN
NaN,NaN,368,126
NaN,NaN,NaN,NaN
NaN,NaN,NaN,NaN
NaN,NaN,NaN,NaN
NaN,NaN,NaN,NaN
NaN,NaN,NaN,NaN
NaN,NaN,NaN,NaN
NaN,NaN,NaN,NaN
NaN,NaN,NaN,NaN
NaN,NaN,NaN,NaN
NaN,NaN,NaN,NaN
NaN,NaN,NaN,NaN
NaN,NaN,NaN,NaN
NaN,NaN,NaN,NaN
NaN,NaN,NaN,NaN
NaN,NaN,NaN,NaN
390,148,NaN,NaN
NaN,NaN,NaN,NaN
NaN,NaN,NaN,NaN
NaN,NaN,NaN,NaN
NaN,NaN,NaN,NaN
NaN,NaN,NaN,NaN
NaN,NaN,NaN,NaN
NaN,NaN,NaN,NaN
NaN,NaN,NaN,NaN
NaN,NaN,167,326
141,339,NaN,NaN
NaN,NaN,137,342
136,347,NaN,NaN
NaN,NaN,126,344
119,356,NaN,NaN
121,353,NaN,NaN
NaN,NaN,119,367
NaN,NaN,121,367
117,356,NaN,NaN
NaN,NaN,118,373
NaN,NaN,113,376
118,369,NaN,NaN
113,378,NaN,NaN
118,371,NaN,NaN
112,374,NaN,NaN
NaN,NaN,117,374
NaN,NaN,110,377
NaN,NaN,116,372
NaN,NaN,114,374
106,375,NaN,NaN
NaN,NaN,107,369
NaN,NaN,108,369
NaN,NaN,111,394
109,358,NaN,NaN
95,371,NaN,NaN
NaN,NaN,108,341
NaN,NaN,90,354
113,341,NaN,NaN
116,301,NaN,NaN
NaN,NaN,119,292
129,281,NaN,NaN
148,262,NaN,NaN
NaN,NaN,182,239
NaN,NaN,NaN,NaN
NaN,NaN,NaN,NaN
NaN,NaN,NaN,NaN
NaN,NaN,NaN,NaN
NaN,NaN,NaN,NaN
NaN,NaN,NaN,NaN
NaN,NaN,290,85
312,97,NaN,NaN
326,90,NaN,NaN
341,93,NaN,NaN
NaN,NaN,352,103
366,116,NaN,NaN
NaN,NaN,375,111
384,126,NaN,NaN
NaN,NaN,391,130
NaN,NaN,398,129
NaN,NaN,398,136
392,137,NaN,NaN
NaN,NaN,382,126
404,145,NaN,NaN
390,142,NaN,NaN
392,142,NaN,NaN
399,152,NaN,NaN
388,150,NaN,NaN
NaN,NaN,390,149
368,137,NaN,NaN
368,146,NaN,NaN
NaN,NaN,366,147
NaN,NaN,379,154
369,151,NaN,NaN
NaN,NaN,372,155
NaN,NaN,371,145
368,151,NaN,NaN
370,145,NaN,NaN
NaN,NaN,373,148
NaN,NaN,375,155
374,155,NaN,NaN
370,160,NaN,NaN
383,164,NaN,NaN
390,175,NaN,NaN
383,167,NaN,NaN
383,168,NaN,NaN
384,171,NaN,NaN
383,171,NaN,NaN
387,172,NaN,NaN
383,165,NaN,NaN
385,170,NaN,NaN
372,150,NaN,NaN
NaN,NaN,383,161
NaN,NaN,383,162
381,161,NaN,NaN
NaN,NaN,389,177
NaN,NaN,373,166
NaN,NaN,362,168
349,175,NaN,NaN
328,174,NaN,NaN
NaN,NaN,NaN,NaN
NaN,NaN,NaN,NaN
NaN,NaN,NaN,NaN
NaN,NaN,NaN,NaN
NaN,NaN,NaN,NaN
NaN,NaN,NaN,NaN
NaN,NaN,NaN,NaN
NaN,NaN,NaN,NaN
NaN,NaN,NaN,NaN
NaN,NaN,NaN,NaN
NaN,NaN,NaN,NaN
NaN,NaN,NaN,NaN
NaN,NaN,NaN,NaN
220,356,NaN,NaN
225,375,NaN,NaN
NaN,NaN,220,369
NaN,NaN,221,383
218,377,NaN,NaN
NaN,NaN,223,394
NaN,NaN,216,395
217,403,NaN,NaN
223,409,NaN,NaN
NaN,NaN,221,397
210,394,NaN,NaN
NaN,NaN,206,401
NaN,NaN,208,400
NaN,NaN,204,401
205,409,NaN,NaN
NaN,NaN,213,412
NaN,NaN,212,405
NaN,NaN,205,404
NaN,NaN,212,403
201,417,NaN,NaN
206,411,NaN,NaN
208,410,NaN,NaN
NaN,NaN,206,405
NaN,NaN,211,396
NaN,NaN,212,407
214,404,NaN,NaN
220,386,NaN,NaN
NaN,NaN,218,373
NaN,NaN,219,393
NaN,NaN,222,379
NaN,NaN,NaN,NaN
NaN,NaN,NaN,NaN
NaN,NaN,NaN,NaN
NaN,NaN,NaN,NaN
NaN,NaN,NaN,NaN
NaN,NaN,NaN,NaN
NaN,NaN,NaN,NaN
NaN,NaN,NaN,NaN
NaN,NaN,359,149
NaN,NaN,370,150
NaN,NaN,384,136
NaN,NaN,389,131
404,126,NaN,NaN
NaN,NaN,400,125
396,129,NaN,NaN
NaN,NaN,406,121
NaN,NaN,401,123
408,129,NaN,NaN
407,131,NaN,NaN
416,137,NaN,NaN
NaN,NaN,419,143
NaN,NaN,421,141
NaN,NaN,400,125
397,136,NaN,NaN
NaN,NaN,401,134
397,136,NaN,NaN
NaN,NaN,400,125
NaN,NaN,414,134
NaN,NaN,411,140
NaN,NaN,417,135
NaN,NaN,417,133
416,131,NaN,NaN
407,132,NaN,NaN
NaN,NaN,417,128
414,133,NaN,NaN
NaN,NaN,417,130
NaN,NaN,419,129
423,131,NaN,NaN
409,128,NaN,NaN
NaN,NaN,410,126
NaN,NaN,421,126
414,128,NaN,NaN
NaN,NaN,409,128
NaN,NaN,410,129
409,122,NaN,NaN
NaN,NaN,418,131
NaN,NaN,417,125
410,126,NaN,NaN
411,128,NaN,NaN
NaN,NaN,410,127
398,122,NaN,NaN
NaN,NaN,418,124
NaN,NaN,405,117
NaN,NaN,426,124
409,124,NaN,NaN
NaN,NaN,408,117
NaN,NaN,415,121
409,124,NaN,NaN
NaN,NaN,410,125
NaN,NaN,409,124
NaN,NaN,414,128
423,126,NaN,NaN
NaN,NaN,415,126
408,127,NaN,NaN
414,133,NaN,NaN
414,123,NaN,NaN
398,122,NaN,NaN
421,124,NaN,NaN
405,125,NaN,NaN
NaN,NaN,390,129
NaN,NaN,410,132
411,129,NaN,NaN
413,135,NaN,NaN
NaN,NaN,413,132
406,128,NaN,NaN
NaN,NaN,406,136
410,130,NaN,NaN
406,132,NaN,NaN
NaN,NaN,412,135
407,128,NaN,NaN
402,147,NaN,NaN
399,135,NaN,NaN
407,130,NaN,NaN
NaN,NaN,413,135
NaN,NaN,402,130
406,133,NaN,NaN
417,134,NaN,NaN
405,144,NaN,NaN
412,132,NaN,NaN
NaN,NaN,NaN,NaN
405,129,NaN,NaN
410,128,NaN,NaN
NaN,NaN,405,127
409,129,NaN,NaN
NaN,NaN,413,131
NaN,NaN,411,129
409,136,NaN,NaN
410,130,NaN,NaN
413,135,NaN,NaN
NaN,NaN,418,131
NaN,NaN,404,131
NaN,NaN,422,133
411,127,NaN,NaN
408,134,NaN,NaN
NaN,NaN,420,123
420,127,NaN,NaN
416,138,NaN,NaN
NaN,NaN,411,122
416,119,NaN,NaN
NaN,NaN,409,118
NaN,NaN,NaN,NaN
NaN,NaN,NaN,NaN
421,102,NaN,NaN
429,117,NaN,NaN
439,126,NaN,NaN
NaN,NaN,NaN,NaN
NaN,NaN,410,102
416,121,NaN,NaN
NaN,NaN,NaN,NaN
NaN,NaN,378,123
383,142,NaN,NaN
NaN,NaN,369,161
325,146,NaN,NaN
NaN,NaN,NaN,NaN
NaN,NaN,NaN,NaN
NaN,NaN,NaN,NaN
NaN,NaN,NaN,NaN
236,295,NaN,NaN
NaN,NaN,229,314
NaN,NaN,223,328
222,339,NaN,NaN
221,359,NaN,NaN
222,366,NaN,NaN
NaN,NaN,220,374
209,372,NaN,NaN
NaN,NaN,210,384
216,382,NaN,NaN
213,395,NaN,NaN
NaN,NaN,211,399
218,393,NaN,NaN
216,398,NaN,NaN
NaN,NaN,213,382
NaN,NaN,213,396
NaN,NaN,215,393
NaN,NaN,214,399
NaN,NaN,210,381
211,402,NaN,NaN
NaN,NaN,215,391
NaN,NaN,216,392
214,390,NaN,NaN
208,387,NaN,NaN
NaN,NaN,215,390
NaN,NaN,213,389
217,388,NaN,NaN
NaN,NaN,213,379
212,366,NaN,NaN
NaN,NaN,222,357
228,346,NaN,NaN
NaN,NaN,237,331
NaN,NaN,NaN,NaN
NaN,NaN,NaN,NaN
NaN,NaN,NaN,NaN
NaN,NaN,NaN,NaN
NaN,NaN,NaN,NaN
NaN,NaN,NaN,NaN
NaN,NaN,NaN,NaN
NaN,NaN,NaN,NaN
NaN,NaN,NaN,NaN
NaN,NaN,NaN,NaN
NaN,NaN,NaN,NaN
NaN,NaN,NaN,NaN
NaN,NaN,NaN,NaN
NaN,NaN,NaN,NaN
NaN,NaN,319,143
NaN,NaN,NaN,NaN
NaN,NaN,NaN,NaN
NaN,NaN,315,150
314,151,NaN,NaN
NaN,NaN,326,165
335,165,NaN,NaN
NaN,NaN,341,155
349,157,NaN,NaN
361,158,NaN,NaN
NaN,NaN,364,155
380,159,NaN,NaN
NaN,NaN,372,151
390,158,NaN,NaN
384,150,NaN,NaN
NaN,NaN,378,146
NaN,NaN,NaN,NaN
NaN,NaN,NaN,NaN
NaN,NaN,NaN,NaN
NaN,NaN,NaN,NaN
NaN,NaN,NaN,NaN
NaN,NaN,NaN,NaN
NaN,NaN,NaN,NaN
NaN,NaN,NaN,NaN
NaN,NaN,NaN,NaN
381,155,NaN,NaN
NaN,NaN,377,155
379,156,NaN,NaN
NaN,NaN,381,154
NaN,NaN,378,160
NaN,NaN,379,160
375,147,NaN,NaN
386,160,NaN,NaN
387,152,NaN,NaN
NaN,NaN,372,154
NaN,NaN,376,157
NaN,NaN,375,147
378,142,NaN,NaN
NaN,NaN,378,140
NaN,NaN,376,136
380,133,NaN,NaN
NaN,NaN,374,136
372,136,NaN,NaN
NaN,NaN,370,135
NaN,NaN,368,150
365,133,NaN,NaN
366,156,NaN,NaN
362,154,NaN,NaN
353,147,NaN,NaN
NaN,NaN,353,153
NaN,NaN,346,133
NaN,NaN,342,144
338,145,NaN,NaN
NaN,NaN,335,146
NaN,NaN,342,169
NaN,NaN,331,156
331,158,NaN,NaN
329,168,NaN,NaN
NaN,NaN,332,174
333,170,NaN,NaN
NaN,NaN,329,178
NaN,NaN,334,175
NaN,NaN,NaN,NaN
NaN,NaN,337,177
334,179,NaN,NaN
332,177,NaN,NaN
332,181,NaN,NaN
333,184,NaN,NaN
332,180,NaN,NaN
NaN,NaN,332,175
329,184,NaN,NaN
331,183,NaN,NaN
NaN,NaN,328,178
327,185,NaN,NaN
327,181,NaN,NaN
329,180,NaN,NaN
326,183,NaN,NaN
NaN,NaN,327,190
328,185,NaN,NaN
NaN,NaN,NaN,NaN
NaN,NaN,NaN,NaN
NaN,NaN,NaN,NaN
NaN,NaN,NaN,NaN
NaN,NaN,NaN,NaN
NaN,NaN,NaN,NaN
NaN,NaN,NaN,NaN
NaN,NaN,NaN,NaN
NaN,NaN,NaN,NaN
NaN,NaN,NaN,NaN
NaN,NaN,NaN,NaN
NaN,NaN,NaN,NaN
349,165,NaN,NaN
NaN,NaN,NaN,NaN
NaN,NaN,NaN,NaN
NaN,NaN,NaN,NaN
NaN,NaN,NaN,NaN
NaN,NaN,NaN,NaN
NaN,NaN,NaN,NaN
NaN,NaN,NaN,NaN
NaN,NaN,NaN,NaN
NaN,NaN,NaN,NaN
NaN,NaN,NaN,NaN
NaN,NaN,NaN,NaN
NaN,NaN,NaN,NaN
NaN,NaN,NaN,NaN
NaN,NaN,NaN,NaN
NaN,NaN,NaN,NaN
NaN,NaN,NaN,NaN
NaN,NaN,NaN,NaN
NaN,NaN,NaN,NaN
NaN,NaN,NaN,NaN
NaN,NaN,NaN,NaN
NaN,NaN,NaN,NaN
NaN,NaN,NaN,NaN
NaN,NaN,NaN,NaN
NaN,NaN,NaN,NaN
NaN,NaN,338,170
NaN,NaN,343,166
350,154,NaN,NaN
356,151,NaN,NaN
364,130,NaN,NaN
NaN,NaN,379,129
NaN,NaN,400,124
406,112,NaN,NaN
398,89,NaN,NaN
401,101,NaN,NaN
405,100,NaN,NaN
402,104,NaN,NaN
406,118,NaN,NaN
418,123,NaN,NaN
421,130,NaN,NaN
NaN,NaN,414,125
NaN,NaN,410,124
NaN,NaN,405,112
406,131,NaN,NaN
404,109,NaN,NaN
NaN,NaN,403,135
NaN,NaN,NaN,NaN
NaN,NaN,402,132
NaN,NaN,413,127
415,132,NaN,NaN
NaN,NaN,NaN,NaN
NaN,NaN,NaN,NaN
NaN,NaN,NaN,NaN
NaN,NaN,NaN,NaN
NaN,NaN,NaN,NaN
NaN,NaN,NaN,NaN
NaN,NaN,NaN,NaN
NaN,NaN,NaN,NaN
NaN,NaN,NaN,NaN
401,128,NaN,NaN
NaN,NaN,NaN,NaN
NaN,NaN,NaN,NaN
NaN,NaN,NaN,NaN
NaN,NaN,NaN,NaN
NaN,NaN,NaN,NaN
NaN,NaN,NaN,NaN
NaN,NaN,NaN,NaN
NaN,NaN,NaN,NaN
NaN,NaN,NaN,NaN
NaN,NaN,NaN,NaN
NaN,NaN,NaN,NaN
NaN,NaN,NaN,NaN
NaN,NaN,NaN,NaN
NaN,NaN,NaN,NaN
NaN,NaN,NaN,NaN
NaN,NaN,NaN,NaN
NaN,NaN,NaN,NaN
NaN,NaN,NaN,NaN
NaN,NaN,NaN,NaN
NaN,NaN,NaN,NaN
NaN,NaN,NaN,NaN
NaN,NaN,NaN,NaN
NaN,NaN,NaN,NaN
NaN,NaN,NaN,NaN
NaN,NaN,NaN,NaN
NaN,NaN,NaN,NaN
NaN,NaN,NaN,NaN
NaN,NaN,NaN,NaN
NaN,NaN,NaN,NaN
NaN,NaN,NaN,NaN
NaN,NaN,NaN,NaN
NaN,NaN,NaN,NaN
NaN,NaN,NaN,NaN
NaN,NaN,NaN,NaN
NaN,NaN,NaN,NaN
NaN,NaN,NaN,NaN
NaN,NaN,NaN,NaN
NaN,NaN,NaN,NaN
NaN,NaN,NaN,NaN
NaN,NaN,NaN,NaN
NaN,NaN,NaN,NaN
NaN,NaN,NaN,NaN
NaN,NaN,NaN,NaN
NaN,NaN,NaN,NaN
NaN,NaN,NaN,NaN
NaN,NaN,NaN,NaN
NaN,NaN,NaN,NaN
NaN,NaN,NaN,NaN
NaN,NaN,424,138
NaN,NaN,NaN,NaN
NaN,NaN,NaN,NaN
NaN,NaN,NaN,NaN
418,127,NaN,NaN
427,139,NaN,NaN
413,124,NaN,NaN
419,127,NaN,NaN
419,135,NaN,NaN
410,123,NaN,NaN
NaN,NaN,410,119
NaN,NaN,393,126
NaN,NaN,407,130
NaN,NaN,402,122
401,126,NaN,NaN
NaN,NaN,394,120
NaN,NaN,400,120
NaN,NaN,407,125
402,127,NaN,NaN
NaN,NaN,394,125
NaN,NaN,394,123
NaN,NaN,NaN,NaN
NaN,NaN,NaN,NaN
NaN,NaN,NaN,NaN
NaN,NaN,NaN,NaN
NaN,NaN,NaN,NaN
NaN,NaN,NaN,NaN
NaN,NaN,NaN,NaN
NaN,NaN,NaN,NaN
NaN,NaN,NaN,NaN
NaN,NaN,NaN,NaN
NaN,NaN,NaN,NaN
NaN,NaN,NaN,NaN
NaN,NaN,NaN,NaN
NaN,NaN,NaN,NaN
NaN,NaN,NaN,NaN
NaN,NaN,NaN,NaN
NaN,NaN,NaN,NaN
NaN,NaN,NaN,NaN
NaN,NaN,NaN,NaN
NaN,NaN,NaN,NaN
NaN,NaN,NaN,NaN
NaN,NaN,NaN,NaN
NaN,NaN,NaN,NaN
NaN,NaN,NaN,NaN
NaN,NaN,NaN,NaN
