NaN,NaN,NaN,NaN
NaN,NaN,NaN,NaN
NaN,NaN,NaN,NaN
NaN,NaN,NaN,NaN
NaN,NaN,NaN,NaN
NaN,NaN,NaN,NaN
NaN,NaN,NaN,NaN
NaN,NaN,NaN,NaN
NaN,NaN,NaN,NaN
NaN,NaN,NaN,NaN
NaN,NaN,NaN,NaN
NaN,NaN,NaN,NaN
NaN,NaN,NaN,NaN
NaN,NaN,NaN,NaN
NaN,NaN,NaN,NaN
NaN,NaN,NaN,NaN
NaN,NaN,NaN,NaN
NaN,NaN,NaN,NaN
NaN,NaN,NaN,NaN
NaN,NaN,NaN,NaN
NaN,NaN,NaN,NaN
NaN,NaN,NaN,NaN
NaN,NaN,NaN,NaN
NaN,NaN,NaN,NaN
NaN,NaN,NaN,NaN
NaN,NaN,NaN,NaN
NaN,NaN,NaN,NaN
NaN,NaN,NaN,NaN
NaN,NaN,NaN,NaN
590,61,NaN,NaN
584,67,NaN,NaN
576,67,NaN,NaN
NaN,NaN,572,61
NaN,NaN,570,68
569,68,NaN,NaN
566,69,NaN,NaN
NaN,NaN,566,66
NaN,NaN,564,69
NaN,NaN,572,62
NaN,NaN,561,66
565,66,NaN,NaN
557,66,NaN,NaN
571,68,NaN,NaN
569,68,NaN,NaN
NaN,NaN,567,72
NaN,NaN,567,66
566,68,NaN,NaN
NaN,NaN,571,61
575,68,NaN,NaN
573,64,NaN,NaN
NaN,NaN,574,63
NaN,NaN,570,67
NaN,NaN,NaN,NaN
NaN,NaN,NaN,NaN
NaN,NaN,NaN,NaN
NaN,NaN,NaN,NaN
NaN,NaN,NaN,NaN
NaN,NaN,NaN,NaN
NaN,NaN,NaN,NaN
NaN,NaN,NaN,NaN
NaN,NaN,NaN,NaN
NaN,NaN,NaN,NaN
NaN,NaN,NaN,NaN
NaN,NaN,NaN,NaN
NaN,NaN,NaN,NaN
NaN,NaN,NaN,NaN
NaN,NaN,NaN,NaN
NaN,NaN,NaN,NaN
NaN,NaN,NaN,NaN
NaN,NaN,NaN,NaN
NaN,NaN,NaN,NaN
NaN,NaN,NaN,NaN
NaN,NaN,NaN,NaN
NaN,NaN,NaN,NaN
NaN,NaN,NaN,NaN
NaN,NaN,NaN,NaN
NaN,NaN,NaN,NaN
NaN,NaN,NaN,NaN
NaN,NaN,NaN,NaN
NaN,NaN,NaN,NaN
NaN,NaN,NaN,NaN
NaN,NaN,NaN,NaN
NaN,NaN,NaN,NaN
NaN,NaN,NaN,NaN
NaN,NaN,NaN,NaN
NaN,NaN,NaN,NaN
NaN,NaN,NaN,NaN
NaN,NaN,NaN,NaN
NaN,NaN,NaN,NaN
NaN,NaN,NaN,NaN
NaN,NaN,NaN,NaN
NaN,NaN,NaN,NaN
NaN,NaN,NaN,NaN
NaN,NaN,NaN,NaN
NaN,NaN,NaN,NaN
NaN,NaN,NaN,NaN
NaN,NaN,NaN,NaN
NaN,NaN,NaN,NaN
NaN,NaN,NaN,NaN
NaN,NaN,574,64
553,65,NaN,NaN
NaN,NaN,563,72
541,64,NaN,NaN
548,69,NaN,NaN
NaN,NaN,524,62
516,64,NaN,NaN
NaN,NaN,502,67
NaN,NaN,482,75
466,77,NaN,NaN
460,73,NaN,NaN
NaN,NaN,450,81
452,77,NaN,NaN
437,77,NaN,NaN
436,85,NaN,NaN
430,86,NaN,NaN
432,80,NaN,NaN
NaN,NaN,434,82
NaN,NaN,428,78
430,85,NaN,NaN
440,86,NaN,NaN
441,87,NaN,NaN
NaN,NaN,441,78
NaN,NaN,435,81
NaN,NaN,433,96
442,83,NaN,NaN
435,81,NaN,NaN
NaN,NaN,439,91
NaN,NaN,434,88
444,88,NaN,NaN
NaN,NaN,451,85
NaN,NaN,438,85
444,93,NaN,NaN
434,95,NaN,NaN
NaN,NaN,448,85
443,88,NaN,NaN
444,87,NaN,NaN
NaN,NaN,438,87
NaN,NaN,435,101
NaN,NaN,437,99
NaN,NaN,441,86
443,87,NaN,NaN
439,94,NaN,NaN
NaN,NaN,436,89
NaN,NaN,436,103
NaN,NaN,434,99
NaN,NaN,435,95
442,88,NaN,NaN
NaN,NaN,437,96
439,90,NaN,NaN
443,92,NaN,NaN
NaN,NaN,451,82
NaN,NaN,439,82
NaN,NaN,441,88
444,87,NaN,NaN
439,90,NaN,NaN
440,85,NaN,NaN
NaN,NaN,443,84
445,83,NaN,NaN
NaN,NaN,439,89
431,98,NaN,NaN
NaN,NaN,428,103
440,100,NaN,NaN
NaN,NaN,436,106
439,85,NaN,NaN
433,85,NaN,NaN
NaN,NaN,440,84
NaN,NaN,438,103
438,89,NaN,NaN
NaN,NaN,444,84
438,88,NaN,NaN
NaN,NaN,445,89
443,85,NaN,NaN
441,82,NaN,NaN
NaN,NaN,438,95
440,79,NaN,NaN
NaN,NaN,432,98
NaN,NaN,450,81
NaN,NaN,446,88
429,85,NaN,NaN
NaN,NaN,444,94
NaN,NaN,439,94
NaN,NaN,436,86
436,86,NaN,NaN
NaN,NaN,435,89
439,97,NaN,NaN
NaN,NaN,440,92
NaN,NaN,441,95
NaN,NaN,444,86
111,67,436,94
102,84,437,82
446,87,90,114
447,83,93,150
436,93,84,168
82,199,439,92
444,89,64,132
71,145,457,85
439,91,82,173
455,69,77,181
437,96,81,164
71,171,449,75
78,168,438,82
456,83,76,174
454,76,86,177
85,177,449,89
73,172,433,85
446,87,83,157
433,99,80,147
436,86,72,133
433,103,68,108
440,92,NaN,NaN
NaN,NaN,431,77
NaN,NaN,433,61
NaN,NaN,NaN,NaN
NaN,NaN,NaN,NaN
NaN,NaN,NaN,NaN
NaN,NaN,NaN,NaN
NaN,NaN,277,79
NaN,NaN,301,79
294,69,NaN,NaN
NaN,NaN,NaN,NaN
NaN,NaN,NaN,NaN
NaN,NaN,304,77
328,74,NaN,NaN
321,81,NaN,NaN
NaN,NaN,324,73
327,72,NaN,NaN
NaN,NaN,342,80
NaN,NaN,327,70
331,77,NaN,NaN
NaN,NaN,332,92
NaN,NaN,NaN,NaN
309,75,NaN,NaN
296,64,NaN,NaN
281,69,NaN,NaN
NaN,NaN,292,77
NaN,NaN,296,71
294,88,NaN,NaN
NaN,NaN,312,68
297,82,NaN,NaN
310,98,NaN,NaN
NaN,NaN,313,62
304,71,NaN,NaN
301,72,NaN,NaN
NaN,NaN,296,82
294,91,NaN,NaN
NaN,NaN,303,75
NaN,NaN,301,85
297,88,NaN,NaN
NaN,NaN,318,76
NaN,NaN,317,61
309,69,NaN,NaN
NaN,NaN,318,78
NaN,NaN,305,74
318,78,NaN,NaN
NaN,NaN,299,77
307,68,NaN,NaN
NaN,NaN,293,84
308,61,NaN,NaN
NaN,NaN,300,81
311,64,NaN,NaN
306,78,NaN,NaN
NaN,NaN,313,78
NaN,NaN,319,95
328,107,NaN,NaN
343,126,NaN,NaN
433,103,334,120
NaN,NaN,NaN,NaN
NaN,NaN,NaN,NaN
506,224,544,392
545,386,527,260
550,406,536,283
546,398,319,123
544,405,NaN,NaN
541,391,NaN,NaN
NaN,NaN,535,413
NaN,NaN,539,398
NaN,NaN,550,404
546,411,NaN,NaN
NaN,NaN,537,402
NaN,NaN,553,413
NaN,NaN,551,408
559,405,NaN,NaN
NaN,NaN,547,398
545,406,NaN,NaN
542,397,NaN,NaN
561,409,NaN,NaN
NaN,NaN,559,403
NaN,NaN,542,394
NaN,NaN,549,395
545,393,NaN,NaN
556,381,NaN,NaN
552,375,NaN,NaN
526,415,586,324
532,418,581,312
553,407,587,301
584,273,NaN,NaN
NaN,NaN,586,255
NaN,NaN,573,227
NaN,NaN,566,193
540,158,NaN,NaN
526,130,323,115
NaN,NaN,308,129
NaN,NaN,325,139
NaN,NaN,324,144
NaN,NaN,NaN,NaN
NaN,NaN,427,116
NaN,NaN,NaN,NaN
NaN,NaN,NaN,NaN
NaN,NaN,NaN,NaN
NaN,NaN,NaN,NaN
NaN,NaN,NaN,NaN
310,136,411,110
NaN,NaN,320,131
408,108,NaN,NaN
NaN,NaN,317,116
380,130,NaN,NaN
NaN,NaN,371,129
NaN,NaN,362,143
375,152,NaN,NaN
NaN,NaN,NaN,NaN
NaN,NaN,NaN,NaN
NaN,NaN,NaN,NaN
NaN,NaN,NaN,NaN
NaN,NaN,543,392
NaN,NaN,542,391
555,295,543,419
NaN,NaN,545,411
537,391,NaN,NaN
542,397,NaN,NaN
543,404,NaN,NaN
NaN,NaN,534,404
NaN,NaN,535,395
548,410,NaN,NaN
541,392,NaN,NaN
NaN,NaN,543,411
NaN,NaN,536,402
545,388,NaN,NaN
542,387,NaN,NaN
539,404,NaN,NaN
NaN,NaN,546,403
NaN,NaN,540,390
550,397,NaN,NaN
NaN,NaN,552,383
550,380,NaN,NaN
539,391,NaN,NaN
554,292,555,416
559,277,565,398
570,386,545,264
545,244,552,370
NaN,NaN,546,238
NaN,NaN,NaN,NaN
NaN,NaN,NaN,NaN
NaN,NaN,NaN,NaN
NaN,NaN,NaN,NaN
NaN,NaN,NaN,NaN
NaN,NaN,NaN,NaN
NaN,NaN,NaN,NaN
NaN,NaN,NaN,NaN
NaN,NaN,NaN,NaN
NaN,NaN,NaN,NaN
NaN,NaN,NaN,NaN
NaN,NaN,NaN,NaN
NaN,NaN,NaN,NaN
NaN,NaN,NaN,NaN
NaN,NaN,NaN,NaN
NaN,NaN,NaN,NaN
NaN,NaN,NaN,NaN
NaN,NaN,NaN,NaN
NaN,NaN,NaN,NaN
NaN,NaN,NaN,NaN
NaN,NaN,NaN,NaN
NaN,NaN,NaN,NaN
NaN,NaN,NaN,NaN
NaN,NaN,NaN,NaN
NaN,NaN,NaN,NaN
435,125,NaN,NaN
434,129,NaN,NaN
NaN,NaN,429,124
433,127,NaN,NaN
NaN,NaN,424,123
NaN,NaN,423,123
414,118,NaN,NaN
NaN,NaN,416,120
416,125,NaN,NaN
NaN,NaN,412,119
413,119,NaN,NaN
NaN,NaN,414,126
NaN,NaN,407,135
NaN,NaN,408,123
NaN,NaN,NaN,NaN
NaN,NaN,401,123
400,122,NaN,NaN
NaN,NaN,402,138
NaN,NaN,408,122
406,125,NaN,NaN
NaN,NaN,400,126
NaN,NaN,378,138
406,120,NaN,NaN
401,137,NaN,NaN
402,139,NaN,NaN
NaN,NaN,427,136
NaN,NaN,429,134
428,134,NaN,NaN
NaN,NaN,433,138
NaN,NaN,419,139
426,145,NaN,NaN
420,139,NaN,NaN
418,146,NaN,NaN
NaN,NaN,419,143
418,139,NaN,NaN
NaN,NaN,414,142
415,145,NaN,NaN
412,143,NaN,NaN
NaN,NaN,423,141
NaN,NaN,418,152
419,141,NaN,NaN
416,142,NaN,NaN
NaN,NaN,414,144
412,146,NaN,NaN
NaN,NaN,415,146
NaN,NaN,414,158
419,143,NaN,NaN
416,138,NaN,NaN
417,142,NaN,NaN
NaN,NaN,NaN,NaN
417,142,NaN,NaN
NaN,NaN,420,146
297,283,427,148
426,147,277,255
418,146,292,247
285,235,426,144
422,154,270,191
421,149,264,180
429,150,255,173
428,153,247,163
421,162,247,173
252,176,422,148
236,170,415,157
418,162,242,172
234,173,431,151
426,148,226,169
425,145,224,161
NaN,NaN,419,148
229,167,422,153
244,172,424,148
427,149,241,162
254,150,429,146
266,150,426,153
432,152,265,134
421,142,278,124
298,137,425,153
305,137,424,137
304,125,412,158
424,142,318,140
312,125,423,145
311,130,414,142
323,138,427,153
420,153,319,131
311,127,411,143
417,150,309,134
411,148,311,147
412,148,313,135
313,137,423,141
416,136,314,132
428,146,318,136
417,152,308,145
314,134,419,148
416,139,314,136
421,149,317,136
409,149,309,150
313,135,419,140
312,136,420,142
414,132,315,127
313,139,418,151
304,130,403,153
408,148,304,124
306,133,406,154
305,130,416,134
304,138,415,146
315,144,420,139
317,133,417,147
306,127,422,147
411,142,307,136
416,137,312,131
303,124,413,136
410,142,305,141
313,150,421,139
409,140,301,137
419,138,315,145
307,171,409,137
295,158,405,141
293,140,408,143
298,162,405,153
303,170,403,140
395,132,294,160
299,169,400,149
288,153,397,133
395,150,291,159
405,149,299,166
396,159,289,162
306,175,408,150
311,178,413,157
394,154,294,170
293,156,398,158
395,137,294,157
397,156,298,154
392,153,291,154
396,149,292,150
404,142,301,157
288,147,392,157
395,157,293,165
393,153,289,160
293,154,400,155
399,161,291,148
289,153,392,160
388,152,286,143
394,163,292,159
395,148,293,141
392,175,292,148
296,155,404,165
387,168,282,144
292,144,392,165
398,157,289,147
403,151,297,150
401,154,300,133
392,164,290,146
400,154,290,142
406,150,302,155
290,153,398,157
401,164,296,151
292,141,395,160
289,143,396,157
293,139,398,152
293,147,397,164
406,135,296,159
401,153,294,156
293,147,400,161
303,167,402,158
294,154,401,152
406,154,296,135
406,155,290,145
296,155,396,160
299,162,399,153
301,159,403,157
401,157,295,160
286,139,392,170
397,155,291,154
394,158,292,142
292,129,393,152
292,143,392,168
398,158,293,144
288,143,396,153
402,161,282,140
397,146,294,146
293,136,400,170
395,166,295,151
392,163,292,141
407,146,300,136
402,165,295,154
403,152,296,148
NaN,NaN,391,143
399,164,292,141
399,150,291,137
303,168,403,161
408,148,307,163
411,153,305,160
NaN,NaN,NaN,NaN
404,156,305,191
406,164,NaN,NaN
401,139,347,257
NaN,NaN,NaN,NaN
388,164,NaN,NaN
NaN,NaN,395,161
425,390,399,156
419,393,400,167
421,400,405,145
402,160,422,388
420,404,400,160
402,161,418,390
397,374,409,145
397,368,404,147
406,161,401,374
402,159,397,347
382,312,401,174
370,277,402,151
407,144,371,273
412,135,353,248
414,152,NaN,NaN
NaN,NaN,409,151
304,164,401,157
400,167,300,163
301,159,402,155
299,146,403,150
293,146,396,167
405,165,303,150
413,155,313,159
398,150,291,146
301,137,405,156
301,143,402,157
307,154,407,155
406,155,306,129
309,138,NaN,NaN
303,127,404,148
307,121,409,160
305,131,407,165
304,121,405,169
407,156,312,126
411,147,307,116
408,167,311,120
NaN,NaN,400,156
406,156,309,128
NaN,NaN,403,150
410,136,314,136
310,123,409,143
410,147,NaN,NaN
NaN,NaN,404,157
396,159,NaN,NaN
406,149,NaN,NaN
407,163,NaN,NaN
405,164,NaN,NaN
412,161,NaN,NaN
NaN,NaN,408,149
419,159,320,148
319,151,421,158
301,129,400,164
314,142,409,160
317,133,417,157
307,127,407,131
411,159,314,121
307,115,401,164
NaN,NaN,400,158
NaN,NaN,400,148
323,137,423,162
413,137,312,132
311,116,410,144
304,112,403,155
312,117,411,148
408,143,307,121
315,130,412,147
413,152,313,127
314,125,408,158
403,151,306,110
305,120,405,154
309,113,412,152
302,112,401,159
309,117,407,139
NaN,NaN,391,158
403,152,309,114
311,119,409,147
407,151,308,125
303,101,400,164
398,156,299,113
NaN,NaN,411,152
NaN,NaN,406,154
411,165,304,114
394,159,298,102
309,123,405,144
314,123,413,156
309,120,409,152
404,146,NaN,NaN
302,118,403,157
409,153,307,125
410,147,309,126
411,145,310,128
297,118,401,155
401,157,305,123
402,156,307,126
299,112,397,136
314,138,415,156
316,137,414,154
308,128,413,159
395,149,300,116
302,127,401,164
410,136,309,128
300,136,399,156
397,148,295,117
407,135,304,116
408,163,312,118
399,141,298,123
408,146,308,138
399,159,301,129
401,154,304,128
404,146,303,119
404,160,303,146
401,139,301,125
411,153,311,149
296,111,400,146
297,126,395,150
295,126,398,159
303,116,402,159
305,124,402,161
412,159,308,123
296,127,394,158
294,126,402,156
302,117,403,140
308,142,406,136
395,160,294,118
396,158,294,117
391,157,292,124
401,153,299,142
298,132,396,159
403,149,304,139
397,140,297,117
411,149,310,136
401,149,302,127
303,138,406,143
391,154,291,115
399,150,297,122
311,125,410,148
402,158,302,122
403,142,298,139
300,143,400,136
309,134,405,148
304,142,408,141
301,139,404,127
400,130,297,133
405,148,301,127
406,150,303,139
412,154,310,146
397,146,299,130
299,121,399,143
401,156,297,103
398,144,300,88
307,93,NaN,NaN
NaN,NaN,302,80
NaN,NaN,311,80
319,95,NaN,NaN
NaN,NaN,315,86
313,97,NaN,NaN
320,106,NaN,NaN
320,108,423,104
426,120,326,111
428,115,324,97
336,111,NaN,NaN
415,109,315,111
NaN,NaN,337,89
337,102,NaN,NaN
NaN,NaN,337,112
327,101,NaN,NaN
NaN,NaN,339,111
NaN,NaN,340,111
339,96,NaN,NaN
338,100,NaN,NaN
NaN,NaN,327,94
334,110,NaN,NaN
NaN,NaN,333,111
340,105,NaN,NaN
363,112,NaN,NaN
NaN,NaN,329,112
NaN,NaN,338,112
NaN,NaN,334,98
329,109,NaN,NaN
NaN,NaN,337,116
NaN,NaN,332,115
336,104,NaN,NaN
328,118,NaN,NaN
331,110,NaN,NaN
333,116,NaN,NaN
NaN,NaN,317,119
NaN,NaN,328,123
NaN,NaN,318,116
NaN,NaN,NaN,NaN
NaN,NaN,NaN,NaN
NaN,NaN,NaN,NaN
NaN,NaN,NaN,NaN
NaN,NaN,NaN,NaN
NaN,NaN,NaN,NaN
NaN,NaN,434,163
NaN,NaN,445,130
439,131,NaN,NaN
NaN,NaN,442,135
NaN,NaN,442,129
NaN,NaN,428,151
432,142,NaN,NaN
NaN,NaN,425,126
425,130,NaN,NaN
433,133,NaN,NaN
NaN,NaN,435,127
NaN,NaN,429,129
NaN,NaN,431,135
NaN,NaN,428,137
431,131,NaN,NaN
NaN,NaN,433,131
431,135,NaN,NaN
435,142,NaN,NaN
NaN,NaN,434,142
NaN,NaN,427,135
433,130,NaN,NaN
424,144,NaN,NaN
NaN,NaN,430,129
422,146,NaN,NaN
426,140,NaN,NaN
435,141,330,158
424,144,314,152
431,150,315,142
443,163,NaN,NaN
440,144,NaN,NaN
437,146,NaN,NaN
441,152,NaN,NaN
446,145,NaN,NaN
NaN,NaN,NaN,NaN
NaN,NaN,443,145
319,311,451,148
448,153,329,351
451,149,334,364
330,388,NaN,NaN
456,145,319,397
331,408,459,148
323,389,447,149
453,144,327,404
447,152,324,414
451,150,325,401
321,412,451,157
444,147,319,405
319,419,451,150
456,154,313,412
311,400,457,154
316,404,454,149
313,395,451,148
316,412,456,152
448,149,311,399
314,400,455,143
458,150,324,404
454,148,310,388
454,153,323,399
467,149,311,360
464,151,312,353
470,147,317,349
322,300,458,148
NaN,NaN,470,149
NaN,NaN,467,154
467,148,NaN,NaN
NaN,NaN,475,149
468,151,NaN,NaN
476,149,NaN,NaN
NaN,NaN,460,147
NaN,NaN,456,158
NaN,NaN,444,163
437,158,NaN,NaN
NaN,NaN,446,159
445,158,NaN,NaN
443,155,NaN,NaN
NaN,NaN,447,151
NaN,NaN,443,146
450,176,NaN,NaN
442,166,NaN,NaN
454,151,NaN,NaN
NaN,NaN,448,150
NaN,NaN,450,147
441,153,NaN,NaN
NaN,NaN,438,154
NaN,NaN,444,154
452,148,NaN,NaN
NaN,NaN,440,148
NaN,NaN,456,147
453,148,301,178
303,180,454,172
NaN,NaN,436,170
NaN,NaN,439,156
NaN,NaN,436,155
NaN,NaN,433,166
435,177,NaN,NaN
433,173,NaN,NaN
NaN,NaN,436,163
434,158,NaN,NaN
416,170,NaN,NaN
432,151,NaN,NaN
NaN,NaN,437,144
NaN,NaN,443,131
NaN,NaN,438,128
NaN,NaN,447,123
NaN,NaN,433,130
442,120,325,161
326,156,439,124
325,158,444,148
451,120,335,169
327,152,455,125
463,119,345,168
464,123,334,145
NaN,NaN,335,148
466,123,352,165
333,141,458,123
348,158,NaN,NaN
NaN,NaN,NaN,NaN
336,144,NaN,NaN
339,144,463,126
NaN,NaN,351,162
443,141,336,141
334,153,463,122
349,161,455,120
349,156,457,123
336,138,461,121
463,124,338,145
442,141,338,154
461,125,335,156
452,122,335,139
455,122,347,155
453,122,335,155
344,164,467,122
462,118,338,160
466,117,340,154
326,142,465,119
468,126,345,153
452,120,330,146
467,113,341,153
341,151,464,119
454,120,324,132
325,147,462,118
457,118,336,145
348,153,461,115
468,114,332,140
459,119,332,136
349,157,453,116
331,137,469,115
466,119,342,148
345,152,462,118
339,147,462,115
334,140,464,118
466,111,331,136
458,118,333,153
332,145,455,120
464,118,331,138
337,147,450,118
458,119,334,144
472,117,348,151
460,112,341,150
454,117,335,130
334,141,468,118
NaN,NaN,334,139
329,132,467,118
331,142,466,117
340,146,452,117
460,121,344,146
336,139,459,119
328,142,456,119
336,138,470,116
458,118,325,128
456,118,345,153
448,120,345,153
451,118,341,152
335,141,464,113
458,119,331,135
449,120,341,146
457,118,343,156
342,147,459,115
330,134,449,119
334,139,456,120
329,138,458,112
457,119,338,151
342,155,458,123
463,115,330,144
461,122,328,145
456,115,317,152
467,121,320,145
319,159,456,125
308,167,465,127
462,138,330,183
326,188,454,140
NaN,NaN,NaN,NaN
NaN,NaN,450,130
346,264,455,124
457,141,351,286
364,308,458,146
462,138,366,313
NaN,NaN,444,140
450,139,NaN,NaN
462,136,403,393
414,413,446,132
454,135,421,410
456,150,414,412
423,413,460,135
459,133,408,410
465,137,412,407
410,414,464,143
455,138,408,416
452,143,413,413
391,416,452,142
472,131,416,405
411,403,444,140
449,138,411,412
453,145,412,409
444,169,411,411
428,420,447,150
454,138,427,413
460,164,427,411
427,405,459,145
458,139,408,409
469,140,414,410
419,393,455,140
402,355,462,147
474,140,377,304
NaN,NaN,477,135
NaN,NaN,482,139
NaN,NaN,486,138
NaN,NaN,491,131
344,196,NaN,NaN
NaN,NaN,340,182
NaN,NaN,NaN,NaN
NaN,NaN,NaN,NaN
NaN,NaN,NaN,NaN
NaN,NaN,343,174
NaN,NaN,344,165
NaN,NaN,NaN,NaN
NaN,NaN,331,153
NaN,NaN,NaN,NaN
334,150,NaN,NaN
345,162,NaN,NaN
345,155,NaN,NaN
329,148,NaN,NaN
NaN,NaN,350,150
NaN,NaN,342,140
352,141,NaN,NaN
343,136,NaN,NaN
NaN,NaN,363,147
356,137,NaN,NaN
NaN,NaN,364,144
354,132,490,106
358,129,488,111
NaN,NaN,359,134
344,134,490,114
491,96,359,136
354,144,471,103
370,152,491,117
361,142,NaN,NaN
NaN,NaN,367,146
375,154,NaN,NaN
NaN,NaN,366,144
NaN,NaN,368,151
NaN,NaN,363,144
371,142,NaN,NaN
NaN,NaN,374,140
NaN,NaN,369,131
364,129,NaN,NaN
368,137,NaN,NaN
NaN,NaN,371,141
NaN,NaN,362,140
NaN,NaN,361,148
NaN,NaN,361,154
NaN,NaN,350,143
348,125,NaN,NaN
350,125,NaN,NaN
357,117,NaN,NaN
NaN,NaN,369,147
NaN,NaN,NaN,NaN
NaN,NaN,NaN,NaN
NaN,NaN,NaN,NaN
361,140,NaN,NaN
NaN,NaN,357,129
366,148,NaN,NaN
NaN,NaN,355,130
358,130,NaN,NaN
353,138,NaN,NaN
361,139,NaN,NaN
354,138,NaN,NaN
351,116,NaN,NaN
NaN,NaN,360,141
366,135,NaN,NaN
NaN,NaN,364,132
365,135,NaN,NaN
361,129,NaN,NaN
NaN,NaN,356,135
355,132,NaN,NaN
358,132,NaN,NaN
NaN,NaN,370,161
373,165,NaN,NaN
NaN,NaN,365,160
NaN,NaN,373,157
NaN,NaN,360,136
NaN,NaN,355,138
NaN,NaN,NaN,NaN
NaN,NaN,NaN,NaN
362,134,NaN,NaN
NaN,NaN,362,125
356,136,NaN,NaN
352,143,NaN,NaN
360,136,NaN,NaN
359,140,NaN,NaN
NaN,NaN,362,112
NaN,NaN,364,144
371,137,NaN,NaN
NaN,NaN,363,141
369,138,NaN,NaN
NaN,NaN,358,140
NaN,NaN,367,133
NaN,NaN,360,136
361,136,NaN,NaN
NaN,NaN,365,126
NaN,NaN,364,137
367,135,NaN,NaN
NaN,NaN,371,136
NaN,NaN,377,151
368,129,NaN,NaN
NaN,NaN,356,122
359,136,NaN,NaN
358,137,NaN,NaN
NaN,NaN,370,141
NaN,NaN,368,132
NaN,NaN,371,138
365,118,NaN,NaN
NaN,NaN,363,122
NaN,NaN,365,114
357,131,NaN,NaN
NaN,NaN,367,129
371,130,NaN,NaN
NaN,NaN,371,136
NaN,NaN,357,128
NaN,NaN,353,116
356,142,NaN,NaN
345,135,NaN,NaN
353,131,NaN,NaN
NaN,NaN,355,128
NaN,NaN,365,139
368,150,NaN,NaN
352,139,NaN,NaN
NaN,NaN,349,135
NaN,NaN,344,128
NaN,NaN,349,129
366,125,NaN,NaN
NaN,NaN,372,128
371,124,NaN,NaN
353,130,NaN,NaN
361,134,NaN,NaN
NaN,NaN,365,130
NaN,NaN,371,143
NaN,NaN,369,123
367,132,NaN,NaN
NaN,NaN,354,116
371,141,NaN,NaN
NaN,NaN,362,129
367,138,NaN,NaN
373,132,NaN,NaN
378,136,NaN,NaN
NaN,NaN,364,113
366,112,NaN,NaN
366,124,NaN,NaN
NaN,NaN,362,125
361,130,NaN,NaN
353,124,NaN,NaN
NaN,NaN,371,131
376,125,NaN,NaN
357,121,NaN,NaN
NaN,NaN,367,129
356,127,NaN,NaN
NaN,NaN,369,109
374,136,NaN,NaN
371,142,NaN,NaN
NaN,NaN,365,116
367,129,NaN,NaN
NaN,NaN,373,127
NaN,NaN,369,131
374,124,NaN,NaN
363,120,NaN,NaN
363,120,NaN,NaN
NaN,NaN,379,131
355,116,NaN,NaN
NaN,NaN,370,123
NaN,NaN,359,109
NaN,NaN,371,120
NaN,NaN,352,109
372,122,NaN,NaN
373,120,NaN,NaN
374,126,NaN,NaN
358,117,NaN,NaN
371,114,NaN,NaN
361,111,NaN,NaN
356,120,NaN,NaN
NaN,NaN,380,120
382,122,492,105
493,105,373,97
494,101,380,112
490,103,388,123
365,96,495,96
373,124,488,97
484,99,383,127
384,101,497,89
475,90,370,111
385,95,493,91
374,111,500,84
379,116,493,80
493,82,380,97
494,78,365,107
361,106,475,80
495,66,371,85
478,81,374,81
501,81,384,101
487,96,385,99
368,91,494,80
486,90,379,116
499,74,379,97
495,77,380,112
386,98,495,78
497,74,373,91
377,91,476,73
368,106,486,89
498,78,358,99
374,89,485,87
357,98,497,78
380,99,500,76
372,99,494,78
502,78,376,92
498,96,373,94
352,97,487,86
371,102,490,88
504,91,363,96
369,99,494,93
489,71,375,106
370,105,494,82
505,92,372,95
378,98,496,73
495,97,377,114
499,75,370,107
361,111,499,85
498,82,381,112
359,105,496,85
497,86,365,106
475,98,362,93
505,86,377,91
356,104,500,79
498,80,376,104
498,78,369,115
497,80,356,90
372,87,487,94
372,101,473,90
386,117,499,76
386,114,498,75
362,104,487,92
486,95,372,102
370,122,485,95
377,137,496,84
358,118,505,76
497,83,365,117
501,88,363,125
488,87,365,126
363,130,489,100
499,80,363,134
357,122,491,101
491,80,354,141
486,101,354,146
327,150,484,98
313,155,469,104
NaN,NaN,467,106
NaN,NaN,458,110
NaN,NaN,446,121
NaN,NaN,NaN,NaN
NaN,NaN,426,119
302,339,427,118
432,128,319,368
420,137,315,375
321,388,424,131
416,124,322,399
309,360,417,140
314,394,423,133
415,124,329,396
421,119,322,409
418,145,315,396
311,395,418,140
419,139,311,404
326,412,413,142
311,401,417,128
417,143,319,406
420,129,313,405
422,128,329,391
325,403,424,114
416,136,327,396
320,368,425,125
430,132,NaN,NaN
440,113,NaN,NaN
NaN,NaN,439,108
442,124,NaN,NaN
NaN,NaN,446,113
NaN,NaN,459,106
460,107,323,169
453,118,320,150
323,145,454,114
NaN,NaN,454,125
NaN,NaN,455,126
462,98,326,134
450,121,NaN,NaN
NaN,NaN,449,127
NaN,NaN,446,119
445,128,NaN,NaN
NaN,NaN,443,125
318,124,459,95
457,96,320,126
321,133,440,119
318,130,439,126
437,127,NaN,NaN
438,125,NaN,NaN
NaN,NaN,434,124
436,123,NaN,NaN
436,119,NaN,NaN
436,118,NaN,NaN
NaN,NaN,436,112
431,124,NaN,NaN
432,130,NaN,NaN
438,135,NaN,NaN
434,130,NaN,NaN
432,130,NaN,NaN
NaN,NaN,433,121
431,131,NaN,NaN
314,135,430,127
319,138,432,126
329,153,429,133
431,131,314,149
435,116,317,142
316,143,427,128
315,127,431,113
427,127,320,136
319,138,428,137
321,140,435,135
314,141,431,119
316,146,430,135
324,148,433,122
433,133,325,151
429,123,316,154
322,151,442,135
430,129,325,153
430,127,315,145
NaN,NaN,429,142
NaN,NaN,432,127
332,155,432,126
316,143,424,139
428,120,318,129
322,144,427,136
325,138,430,122
323,129,425,120
429,122,320,134
437,116,336,140
432,136,318,136
432,135,NaN,NaN
NaN,NaN,440,120
NaN,NaN,441,116
NaN,NaN,431,134
NaN,NaN,439,129
443,118,NaN,NaN
450,140,NaN,NaN
440,134,NaN,NaN
445,123,NaN,NaN
445,120,NaN,NaN
NaN,NaN,446,131
NaN,NaN,448,123
NaN,NaN,457,111
446,123,311,123
444,132,324,133
309,121,450,135
440,128,329,128
447,132,328,131
445,114,314,119
318,120,439,126
310,112,443,128
312,120,440,125
446,124,311,120
439,123,305,118
313,120,441,125
444,114,308,118
442,130,316,123
439,124,NaN,NaN
441,123,NaN,NaN
NaN,NaN,438,120
NaN,NaN,441,132
NaN,NaN,439,127
NaN,NaN,440,134
NaN,NaN,432,118
NaN,NaN,430,120
432,123,NaN,NaN
NaN,NaN,431,132
431,114,324,139
NaN,NaN,426,133
437,109,320,137
428,128,329,138
435,133,330,134
331,137,430,116
320,122,434,131
432,114,321,127
424,122,315,131
429,124,325,133
434,129,319,138
312,140,433,124
318,143,432,113
431,111,308,135
422,131,317,144
440,126,319,138
431,128,321,136
434,116,331,153
437,129,331,146
424,130,317,135
319,137,431,116
322,130,425,128
330,142,435,111
324,136,426,122
322,136,433,115
330,143,429,124
319,140,428,116
429,114,323,141
333,157,437,113
436,132,323,138
430,121,331,152
434,129,319,143
336,153,439,129
313,140,429,126
425,124,317,138
319,134,423,128
314,134,431,110
308,129,428,123
442,125,308,132
427,129,321,144
424,128,312,140
427,125,310,143
310,143,422,127
430,117,308,146
292,125,429,128
429,129,308,147
429,129,298,132
306,143,426,134
305,143,433,125
312,139,438,133
444,122,300,140
308,143,437,133
302,144,435,131
306,144,439,126
307,150,435,128
432,120,321,141
433,116,325,142
322,144,435,127
431,127,328,149
318,154,449,128
315,144,437,119
323,148,440,135
315,162,434,138
434,126,315,164
429,132,317,145
324,150,436,121
426,125,317,152
327,145,430,123
426,112,NaN,NaN
NaN,NaN,429,119
NaN,NaN,421,128
428,119,NaN,NaN
NaN,NaN,423,124
425,120,NaN,NaN
NaN,NaN,422,123
419,121,NaN,NaN
314,145,416,131
419,119,NaN,NaN
430,122,318,143
440,125,318,152
322,140,429,121
321,143,428,109
327,149,425,121
416,125,NaN,NaN
NaN,NaN,430,108
419,121,NaN,NaN
422,116,NaN,NaN
NaN,NaN,429,109
NaN,NaN,422,124
320,150,424,123
430,112,317,152
308,157,426,130
425,127,310,149
306,170,435,135
303,172,447,131
300,178,429,134
440,158,296,176
454,137,303,171
447,143,297,167
453,137,NaN,NaN
446,149,NaN,NaN
299,167,460,137
289,181,454,136
295,176,451,139
461,137,291,165
448,145,307,176
NaN,NaN,451,147
449,146,297,176
454,147,NaN,NaN
303,177,452,134
438,141,299,176
453,138,295,171
289,175,457,139
443,137,292,157
450,149,295,173
440,155,NaN,NaN
285,160,445,148
299,156,452,142
459,136,305,161
453,136,301,174
457,135,NaN,NaN
309,165,459,143
NaN,NaN,475,132
478,134,301,160
472,130,303,177
NaN,NaN,477,129
NaN,NaN,473,123
310,162,485,124
475,123,NaN,NaN
NaN,NaN,479,124
NaN,NaN,482,131
NaN,NaN,476,137
NaN,NaN,477,121
NaN,NaN,482,130
490,133,NaN,NaN
477,135,NaN,NaN
477,129,NaN,NaN
488,129,NaN,NaN
NaN,NaN,479,137
NaN,NaN,484,144
NaN,NaN,480,133
NaN,NaN,475,128
471,134,NaN,NaN
NaN,NaN,482,132
480,126,NaN,NaN
474,129,NaN,NaN
NaN,NaN,470,128
469,134,NaN,NaN
NaN,NaN,456,132
460,132,NaN,NaN
NaN,NaN,456,131
307,152,463,126
462,123,NaN,NaN
295,157,461,129
459,132,301,162
454,123,307,196
311,200,461,128
306,233,447,141
NaN,NaN,449,127
448,140,NaN,NaN
454,131,309,312
445,128,325,349
449,137,319,360
463,129,322,397
456,127,319,399
325,402,452,139
462,125,318,406
312,400,462,129
318,407,450,125
456,123,315,405
457,124,315,406
447,126,317,395
316,416,455,136
451,142,319,396
448,127,313,405
446,141,316,399
447,142,317,405
316,404,444,132
446,138,310,401
311,404,463,129
449,131,318,413
309,397,454,135
304,402,458,124
459,135,316,412
453,135,318,414
457,127,315,410
445,141,308,401
456,138,309,400
312,404,443,148
310,406,463,123
308,402,454,129
328,420,454,133
304,405,450,134
453,131,302,398
456,132,305,390
446,132,305,403
306,399,449,128
308,405,465,132
447,123,313,406
312,417,458,130
447,145,311,404
461,131,314,417
315,418,456,127
320,417,447,134
315,419,454,134
318,418,449,147
NaN,NaN,446,144
NaN,NaN,447,135
NaN,NaN,449,148
451,120,NaN,NaN
NaN,NaN,447,141
446,152,NaN,NaN
NaN,NaN,464,126
459,122,NaN,NaN
NaN,NaN,457,143
NaN,NaN,446,129
NaN,NaN,459,128
461,130,NaN,NaN
NaN,NaN,457,124
462,133,NaN,NaN
455,132,NaN,NaN
NaN,NaN,458,126
458,130,NaN,NaN
NaN,NaN,458,124
465,128,NaN,NaN
452,144,NaN,NaN
452,134,NaN,NaN
452,123,NaN,NaN
446,131,NaN,NaN
328,416,450,134
333,419,450,132
446,134,322,410
444,130,318,402
328,384,452,121
453,122,317,376
309,314,456,125
NaN,NaN,459,127
NaN,NaN,456,126
449,124,NaN,NaN
452,118,NaN,NaN
451,125,NaN,NaN
456,122,NaN,NaN
NaN,NaN,462,123
NaN,NaN,461,127
473,122,NaN,NaN
NaN,NaN,451,126
NaN,NaN,454,123
467,114,NaN,NaN
313,155,472,117
455,123,NaN,NaN
NaN,NaN,NaN,NaN
471,115,338,155
339,150,454,116
317,134,457,117
334,147,463,119
327,142,462,117
320,135,441,123
454,122,333,144
NaN,NaN,461,111
438,115,325,122
446,119,318,117
456,122,321,122
452,109,328,130
322,119,452,108
321,108,458,108
433,116,330,114
447,122,339,112
344,104,453,112
342,112,447,107
344,107,453,111
336,114,450,110
332,108,440,116
434,109,334,93
449,117,338,116
441,116,332,123
331,91,448,108
332,112,433,123
442,110,326,104
330,111,451,102
442,107,337,121
439,125,332,99
333,118,440,117
327,111,431,126
337,123,444,112
438,112,324,115
338,130,439,113
437,110,331,124
437,114,324,106
325,114,424,114
326,113,434,133
435,120,323,104
318,109,435,117
321,102,427,120
425,125,322,113
441,110,328,115
429,126,325,117
437,123,336,114
435,104,329,104
442,111,329,116
430,120,327,102
431,122,319,110
444,99,332,103
336,109,437,117
330,99,431,123
334,92,438,106
436,125,335,111
327,100,428,114
434,98,324,113
429,101,332,113
336,108,435,107
439,99,339,119
434,118,329,97
439,112,330,113
440,106,331,98
323,111,440,105
330,111,443,108
329,93,436,107
333,105,439,114
430,116,325,93
436,124,331,92
433,128,328,101
423,127,322,85
429,121,324,90
319,73,424,122
429,122,322,72
311,75,431,125
434,113,305,84
433,121,312,96
430,130,298,83
429,137,299,102
424,115,301,114
294,121,433,127
307,98,427,121
298,124,428,125
435,131,303,123
300,123,425,135
417,132,310,128
413,140,313,128
409,137,307,133
311,134,412,141
400,143,299,116
307,128,407,144
413,121,312,130
420,138,311,128
307,112,408,146
306,128,409,131
300,131,409,128
413,131,313,134
307,113,413,149
417,145,314,135
310,127,412,133
412,130,310,126
410,133,309,121
302,124,414,142
409,139,302,118
301,109,406,136
310,128,412,121
408,136,301,128
408,140,300,105
299,117,402,142
412,135,311,132
404,132,291,116
412,142,305,128
294,116,407,130
299,121,398,138
291,121,405,143
296,153,411,125
414,134,260,164
421,123,256,152
408,135,NaN,NaN
NaN,NaN,412,138
NaN,NaN,413,136
NaN,NaN,NaN,NaN
NaN,NaN,410,139
411,127,NaN,NaN
NaN,NaN,410,128
409,137,NaN,NaN
408,132,NaN,NaN
NaN,NaN,408,135
NaN,NaN,402,139
NaN,NaN,410,121
NaN,NaN,405,138
413,145,NaN,NaN
412,143,NaN,NaN
NaN,NaN,405,130
410,137,NaN,NaN
NaN,NaN,411,136
414,136,NaN,NaN
NaN,NaN,409,131
NaN,NaN,412,131
NaN,NaN,419,129
NaN,NaN,411,126
177,374,415,127
176,353,412,143
413,135,200,346
413,130,211,334
225,310,412,122
418,121,224,266
NaN,NaN,414,134
413,131,NaN,NaN
NaN,NaN,405,141
409,140,NaN,NaN
NaN,NaN,410,133
NaN,NaN,410,136
412,128,NaN,NaN
309,134,412,140
413,128,306,128
313,130,415,129
306,122,414,128
311,126,414,121
413,124,314,133
414,128,310,119
309,127,409,126
414,132,314,135
305,121,406,136
308,127,408,129
311,130,413,139
304,121,410,131
309,118,411,133
302,118,403,137
311,125,412,127
307,116,406,136
404,142,303,118
421,124,316,119
410,125,307,117
414,138,312,116
416,123,307,118
312,126,411,123
303,118,412,134
403,137,298,119
299,124,408,140
409,140,307,138
295,115,410,132
308,122,414,135
414,129,303,123
300,129,412,134
407,130,289,119
406,128,296,134
297,151,416,126
412,128,304,159
289,161,420,121
277,186,412,137
NaN,NaN,414,124
NaN,NaN,413,121
414,130,NaN,NaN
408,131,NaN,NaN
NaN,NaN,415,130
NaN,NaN,412,131
NaN,NaN,407,135
419,120,224,351
219,365,416,128
416,121,208,363
205,374,421,127
417,111,207,372
423,118,210,381
210,371,413,128
210,381,411,138
199,364,412,136
410,129,205,382
416,121,218,381
213,382,417,129
206,384,412,124
216,382,404,133
414,128,202,372
418,120,211,393
212,390,420,131
204,370,409,136
422,123,224,393
417,126,224,394
416,131,204,392
209,391,416,120
204,385,407,124
212,374,415,132
422,117,210,362
216,344,418,121
419,129,207,328
208,334,422,123
417,123,216,310
418,125,NaN,NaN
419,125,NaN,NaN
417,124,NaN,NaN
NaN,NaN,412,130
NaN,NaN,412,125
409,138,308,142
314,129,415,121
312,112,418,118
403,126,303,108
418,127,316,120
415,124,313,106
423,123,322,106
311,105,416,129
424,135,324,110
312,106,413,130
324,112,427,133
421,128,327,108
416,139,316,102
317,110,418,130
423,119,323,116
333,105,433,143
326,103,424,117
324,113,424,121
424,126,324,113
424,143,326,114
428,134,329,101
333,109,428,134
431,137,330,110
332,105,432,139
416,137,319,102
337,107,435,136
322,108,423,139
414,152,318,111
313,106,408,144
314,103,412,144
401,156,NaN,NaN
399,149,NaN,NaN
NaN,NaN,389,154
NaN,NaN,384,153
NaN,NaN,387,151
311,87,396,157
382,152,300,81
NaN,NaN,382,145
295,80,386,148
NaN,NaN,388,150
383,155,NaN,NaN
381,149,292,85
302,83,388,143
385,138,294,85
NaN,NaN,383,148
294,82,388,151
389,140,297,78
382,148,291,77
379,143,297,68
389,145,297,84
392,152,296,82
297,67,385,145
392,147,293,69
391,146,304,84
403,154,310,90
311,91,407,158
419,139,314,80
414,130,314,96
422,128,321,104
407,134,305,97
306,88,412,124
407,135,309,81
311,92,428,139
423,146,317,106
315,78,420,150
421,147,311,92
311,91,415,149
416,150,318,102
311,81,411,129
305,78,413,126
306,93,400,151
315,100,416,123
400,131,299,80
413,134,312,95
301,75,402,149
307,66,406,155
421,131,320,102
315,74,411,130
412,134,302,78
301,78,411,133
309,86,403,131
403,154,307,82
411,135,311,95
408,157,309,64
413,127,311,78
408,134,307,68
395,132,296,80
411,127,308,78
406,129,308,84
397,132,308,68
398,136,317,66
312,76,407,120
305,66,403,121
315,79,397,156
404,133,304,85
310,79,404,127
313,77,399,154
411,126,311,76
303,73,397,129
297,76,396,124
397,152,310,69
304,88,404,152
407,140,312,84
407,133,306,84
311,83,403,134
316,78,418,137
295,84,393,125
293,64,396,124
297,65,391,131
390,148,311,72
303,79,399,133
395,122,296,61
399,134,307,69
312,71,400,130
291,75,398,135
292,74,387,132
296,69,385,139
390,137,295,72
303,70,396,133
301,74,389,147
393,148,301,72
303,75,407,140
301,61,396,150
389,145,291,70
394,150,303,66
404,132,299,77
305,71,397,151
411,146,311,78
404,128,305,76
398,131,298,99
406,142,304,78
305,102,408,138
399,153,304,89
405,124,304,87
396,131,298,95
398,132,293,82
415,139,309,96
404,157,308,83
405,155,306,64
405,137,305,91
398,156,307,79
405,141,303,67
395,138,297,76
289,74,398,157
289,75,391,148
294,82,402,141
288,78,400,138
400,141,289,78
295,77,403,168
302,70,407,137
386,149,288,68
293,72,393,153
291,77,393,158
399,143,283,70
291,74,408,139
299,79,401,132
398,143,303,96
300,84,398,154
298,79,406,137
390,135,296,80
405,142,306,97
400,153,301,80
289,76,398,142
398,152,299,105
405,153,300,88
286,75,397,154
287,80,393,155
295,81,393,150
399,153,299,79
299,93,407,144
297,80,396,154
410,157,300,94
294,76,403,158
395,138,297,85
384,148,287,79
301,85,397,135
404,156,294,86
399,139,293,84
391,151,284,89
391,155,289,99
301,96,392,154
398,143,298,86
402,154,305,96
308,103,412,154
390,155,293,99
298,102,399,131
395,156,298,94
300,99,400,157
404,130,300,93
399,146,302,92
309,122,408,137
291,83,390,154
298,105,398,131
292,97,404,155
294,112,402,152
398,131,292,94
292,101,391,140
302,98,425,123
416,115,311,109
293,110,422,127
419,122,291,95
418,135,281,109
433,140,293,109
424,130,289,105
300,111,431,133
425,130,289,123
285,115,439,137
280,111,437,125
427,131,287,107
278,106,447,116
440,112,288,129
282,124,449,110
449,114,278,127
434,116,279,120
443,128,286,117
294,123,447,119
437,133,297,129
427,138,288,116
433,134,286,143
292,123,431,138
297,125,428,130
289,121,427,138
300,137,435,132
293,127,430,125
290,133,428,126
427,136,296,130
426,133,286,126
421,123,293,124
428,133,298,139
427,137,294,135
294,129,438,112
436,125,294,124
427,128,289,123
285,120,423,129
426,131,298,134
435,117,297,136
299,137,433,139
432,127,299,130
431,117,293,128
423,129,280,134
430,135,295,130
423,141,298,133
429,133,287,125
293,120,424,129
432,133,286,119
434,126,298,130
292,130,431,127
430,116,295,137
288,124,422,131
424,123,291,126
307,128,435,129
422,127,301,121
420,122,304,120
420,138,311,122
430,116,320,108
315,124,426,141
437,118,321,125
318,123,423,136
431,119,324,123
323,125,438,131
313,136,427,123
325,132,424,124
429,131,308,116
429,133,315,125
432,125,318,129
432,130,321,126
324,130,430,137
425,130,323,144
306,130,423,139
426,129,307,141
426,128,304,133
431,140,291,132
NaN,NaN,283,156
429,133,268,123
427,141,271,135
433,126,263,122
266,127,425,141
438,127,260,125
426,135,265,122
434,131,260,117
267,126,437,124
266,130,429,146
430,128,266,126
436,122,270,130
273,149,424,135
258,139,437,135
435,137,259,175
428,123,245,194
429,130,NaN,NaN
NaN,NaN,NaN,NaN
420,130,132,322
134,308,420,134
432,131,119,335
115,354,423,132
85,356,419,141
91,368,426,137
86,397,431,126
72,384,428,133
74,396,427,128
425,134,79,403
76,409,428,143
420,146,67,410
426,146,66,413
425,138,61,410
61,417,437,127
55,410,431,141
62,409,428,119
434,124,64,405
55,408,422,141
429,118,69,408
56,410,432,138
69,402,426,134
68,394,429,135
434,138,53,377
51,376,419,139
434,126,54,349
425,121,51,355
421,129,57,328
53,318,424,138
437,126,55,283
422,128,90,272
422,144,138,238
190,225,435,123
428,128,235,200
222,203,433,132
426,131,NaN,NaN
NaN,NaN,436,119
NaN,NaN,432,131
NaN,NaN,421,130
NaN,NaN,422,120
425,136,NaN,NaN
NaN,NaN,427,139
NaN,NaN,431,141
421,137,NaN,NaN
421,143,NaN,NaN
NaN,NaN,419,136
424,138,NaN,NaN
430,131,NaN,NaN
NaN,NaN,425,140
NaN,NaN,424,128
427,138,NaN,NaN
433,128,NaN,NaN
NaN,NaN,432,131
432,125,NaN,NaN
428,130,NaN,NaN
422,135,NaN,NaN
432,128,NaN,NaN
NaN,NaN,430,136
432,134,NaN,NaN
NaN,NaN,430,131
430,138,NaN,NaN
424,135,NaN,NaN
NaN,NaN,425,138
432,128,154,352
433,134,157,336
118,356,427,134
425,128,103,372
105,372,438,131
426,124,91,400
436,129,72,406
431,133,79,404
422,131,63,411
78,416,417,141
62,416,438,124
441,125,64,417
433,120,61,417
427,137,73,419
65,415,424,130
431,134,81,420
83,415,425,123
84,406,435,133
76,409,427,134
72,411,434,129
85,411,436,136
423,140,70,408
70,392,440,129
62,387,429,139
429,129,69,368
429,131,78,354
51,374,425,126
52,343,433,145
424,137,65,325
71,292,431,128
123,276,430,132
147,243,423,135
197,222,435,123
NaN,NaN,434,122
425,137,267,171
424,129,281,155
419,138,286,150
305,143,427,129
438,141,302,135
306,111,435,131
434,130,308,129
436,131,326,136
318,139,433,134
421,140,317,145
428,137,305,142
317,139,430,142
432,135,314,140
432,125,311,140
428,131,314,138
319,148,430,136
316,144,427,140
313,145,431,135
426,137,316,150
433,130,307,142
320,152,424,143
314,144,425,129
322,146,422,138
316,140,430,131
319,147,430,134
423,136,318,140
424,132,320,143
426,132,318,141
327,149,433,133
430,128,330,144
426,127,315,137
424,138,324,138
421,122,314,137
428,130,328,142
321,139,426,122
331,144,433,125
322,135,421,130
324,135,430,133
430,129,323,140
325,137,432,115
437,119,318,132
430,131,317,157
307,159,434,135
292,160,436,131
287,159,433,129
439,124,281,185
262,188,442,135
256,208,441,120
240,227,441,122
229,255,440,129
NaN,NaN,436,120
436,136,220,292
442,116,NaN,NaN
428,133,NaN,NaN
NaN,NaN,441,130
NaN,NaN,440,114
437,130,240,374
216,375,433,131
224,396,447,127
442,138,212,399
222,403,448,145
222,408,448,132
441,122,203,397
204,397,433,130
202,394,438,129
449,132,208,403
444,130,205,414
451,123,212,390
439,130,209,415
209,401,437,137
438,120,201,401
439,131,212,415
440,132,220,408
219,413,443,146
431,129,200,396
216,420,452,121
218,413,436,146
196,395,435,129
218,408,443,131
437,114,207,419
441,114,214,409
445,126,211,401
440,115,203,343
438,130,205,323
443,127,216,338
436,125,230,273
442,128,230,239
243,255,445,124
437,117,260,212
272,188,443,128
278,167,435,125
436,125,274,131
283,122,431,125
441,127,286,111
295,122,439,126
450,116,292,110
292,108,436,119
286,111,431,124
438,127,296,122
294,104,451,124
447,128,293,115
429,129,295,116
286,105,440,120
292,110,441,131
295,109,436,124
433,126,292,106
444,112,299,115
447,131,299,112
438,130,303,114
442,119,291,112
299,127,436,122
435,127,295,121
437,125,292,118
298,119,435,125
296,123,441,126
303,132,438,125
442,127,298,124
289,113,436,128
299,125,444,127
293,130,435,127
443,133,300,132
297,143,434,124
302,142,435,133
443,128,298,120
296,131,447,135
299,137,438,128
434,129,305,129
298,118,439,131
296,129,443,124
432,132,292,122
292,116,433,124
306,129,437,124
301,140,434,132
289,116,435,139
439,133,288,133
443,132,290,130
439,131,297,125
433,117,286,116
288,135,436,123
435,129,296,135
429,126,288,123
300,122,430,136
293,124,433,128
291,122,450,124
293,111,445,126
431,130,294,111
441,119,294,124
436,124,298,111
291,130,432,128
439,133,296,117
300,130,435,130
295,111,438,126
291,111,442,125
439,120,298,130
300,131,436,132
294,114,444,121
431,130,297,122
294,113,443,133
302,135,437,120
296,119,441,122
438,136,295,114
441,135,298,119
298,115,446,137
450,123,296,130
456,134,296,115
469,121,297,114
467,123,288,131
472,118,292,116
479,117,300,130
490,117,294,132
297,119,484,112
301,129,477,129
482,117,307,135
318,144,494,123
316,142,484,123
317,158,498,116
493,125,313,163
329,210,492,126
332,228,486,124
NaN,NaN,NaN,NaN
NaN,NaN,492,137
498,123,NaN,NaN
NaN,NaN,500,127
NaN,NaN,498,123
497,133,NaN,NaN
NaN,NaN,497,116
NaN,NaN,494,129
NaN,NaN,503,114
NaN,NaN,491,126
NaN,NaN,500,117
NaN,NaN,495,129
NaN,NaN,494,129
NaN,NaN,NaN,NaN
NaN,NaN,496,122
496,123,NaN,NaN
500,124,NaN,NaN
498,116,NaN,NaN
NaN,NaN,492,120
491,135,NaN,NaN
504,129,NaN,NaN
500,125,NaN,NaN
NaN,NaN,491,120
500,119,NaN,NaN
NaN,NaN,497,118
490,122,NaN,NaN
499,125,335,351
327,304,499,142
511,118,337,263
NaN,NaN,346,234
NaN,NaN,369,219
NaN,NaN,377,170
374,138,NaN,NaN
380,136,NaN,NaN
NaN,NaN,410,105
521,83,414,73
421,81,523,82
414,79,514,74
514,91,412,69
497,91,397,63
415,73,510,85
414,63,504,88
538,70,435,68
415,71,513,69
437,68,536,85
425,84,527,61
432,106,540,81
NaN,NaN,431,113
NaN,NaN,431,110
431,127,547,79
432,133,536,90
536,92,433,130
529,83,431,132
422,131,526,83
528,91,426,137
525,81,422,132
422,132,524,91
420,125,525,86
425,147,524,87
521,90,420,130
414,128,516,93
515,104,415,131
409,133,508,93
412,133,513,89
513,92,407,113
515,93,413,132
409,125,517,94
512,99,404,122
405,124,509,102
394,118,492,109
511,110,409,126
404,117,502,106
405,120,508,116
497,110,396,105
395,106,499,112
394,116,500,112
395,125,496,105
497,114,399,127
495,104,395,114
387,126,491,109
394,121,494,103
498,103,401,129
402,118,503,112
500,106,395,127
400,123,507,108
494,113,NaN,NaN
398,123,498,113
502,115,402,134
493,104,NaN,NaN
NaN,NaN,499,118
505,111,NaN,NaN
397,127,501,105
497,107,398,127
401,141,501,104
394,125,499,103
507,113,408,140
501,101,398,131
498,114,398,130
398,127,498,100
496,104,397,134
394,125,494,102
397,125,503,110
398,129,500,110
497,106,399,106
501,113,400,110
382,98,484,109
501,106,401,101
396,86,491,112
485,110,384,72
474,113,366,81
373,89,482,122
493,118,363,95
484,113,347,120
333,139,497,106
488,113,311,165
289,194,503,111
NaN,NaN,NaN,NaN
495,108,NaN,NaN
494,107,NaN,NaN
240,325,492,110
219,347,507,111
225,365,496,118
494,106,221,375
496,109,212,386
214,390,494,107
211,394,484,108
495,130,213,401
209,402,500,111
488,108,206,410
502,107,212,413
216,420,500,103
494,102,210,411
213,414,503,110
504,110,211,418
216,404,498,119
491,104,207,404
223,402,494,113
220,403,493,118
495,105,206,397
205,404,497,113
216,403,495,102
496,105,216,403
495,121,209,404
206,397,493,105
206,386,485,107
215,399,493,111
206,398,496,116
198,381,493,104
500,107,206,392
222,387,504,105
503,116,208,388
495,109,226,380
217,374,495,114
217,361,496,111
495,110,206,334
497,111,216,340
500,109,NaN,NaN
505,113,NaN,NaN
NaN,NaN,496,111
492,105,NaN,NaN
498,115,NaN,NaN
487,106,NaN,NaN
NaN,NaN,497,109
494,109,285,129
496,102,306,112
496,112,354,116
373,96,475,117
364,91,477,122
479,120,376,80
372,89,474,122
471,114,368,91
NaN,NaN,485,107
396,96,494,101
484,106,383,93
483,107,NaN,NaN
499,110,399,103
400,109,500,112
501,107,403,95
502,118,405,95
405,102,503,105
402,118,502,116
404,118,499,109
389,110,488,102
486,106,381,101
508,100,410,119
398,111,500,108
505,95,407,104
492,102,389,110
414,118,509,101
495,105,396,108
385,105,481,99
501,97,405,118
508,95,408,113
399,121,497,105
389,118,491,103
500,98,401,119
410,122,513,93
NaN,NaN,483,102
388,107,493,108
402,117,504,104
507,103,402,119
404,118,507,97
398,112,499,108
495,109,395,126
396,113,497,117
402,117,505,112
389,109,489,104
397,108,503,97
397,118,501,97
391,111,496,117
402,110,500,101
400,110,501,99
501,100,398,105
499,95,396,103
487,121,386,109
400,108,502,105
391,94,489,108
400,108,500,94
392,97,494,90
383,97,483,94
388,90,492,91
483,90,383,86
480,90,378,90
485,111,360,81
368,95,475,100
494,104,343,124
488,98,317,141
300,176,485,115
502,103,NaN,NaN
NaN,NaN,495,105
NaN,NaN,501,97
NaN,NaN,NaN,NaN
218,330,NaN,NaN
221,345,482,116
501,103,225,341
221,359,504,104
495,100,220,354
492,97,211,367
493,114,221,364
223,368,500,108
212,376,492,93
491,109,223,362
209,361,492,126
210,374,497,110
206,367,490,99
499,107,206,363
213,377,493,116
213,373,501,99
213,366,501,98
481,104,212,363
210,369,504,109
505,97,209,362
208,362,493,108
486,93,211,366
209,361,503,111
208,364,496,105
207,364,493,120
510,97,213,364
214,366,500,99
499,98,215,369
213,366,495,97
492,113,215,372
223,372,496,101
205,350,495,101
219,365,507,100
490,97,224,374
493,102,220,368
496,99,208,354
205,362,493,103
501,101,192,343
195,329,497,104
NaN,NaN,499,99
493,111,247,308
500,102,NaN,NaN
NaN,NaN,505,97
306,187,501,106
493,109,319,158
363,130,487,118
362,135,493,115
360,117,471,112
509,104,409,101
399,110,500,103
499,99,398,107
499,93,403,107
513,83,414,100
401,110,502,97
409,106,509,89
512,81,414,90
414,96,509,110
NaN,NaN,493,114
406,97,507,111
410,101,NaN,NaN
412,110,515,98
415,102,516,83
413,106,514,94
NaN,NaN,506,107
406,101,505,106
465,114,NaN,NaN
472,117,NaN,NaN
514,106,414,89
511,82,410,97
495,108,NaN,NaN
522,90,422,112
419,90,514,97
515,80,414,102
412,95,509,94
413,114,512,82
510,83,407,100
509,95,413,111
413,104,514,92
511,78,409,108
412,112,513,105
NaN,NaN,510,107
469,123,NaN,NaN
498,108,NaN,NaN
NaN,NaN,NaN,NaN
NaN,NaN,494,92
NaN,NaN,492,104
NaN,NaN,501,100
496,116,NaN,NaN
NaN,NaN,497,117
391,98,492,105
NaN,NaN,494,118
NaN,NaN,489,112
398,113,498,109
498,107,400,98
NaN,NaN,474,109
394,96,494,123
406,104,506,122
499,121,406,94
510,101,410,113
488,109,390,110
394,108,494,110
410,100,510,94
404,98,500,100
400,109,498,101
415,109,517,89
407,90,506,111
516,89,418,110
393,101,493,112
492,117,394,100
391,102,495,111
407,101,506,89
501,98,403,112
407,96,509,87
513,89,412,118
502,92,400,108
507,100,404,100
512,95,413,100
410,108,510,93
516,78,415,113
409,114,511,81
499,107,397,117
514,85,415,119
410,117,511,82
500,102,397,122
497,111,396,122
406,111,506,102
394,100,495,110
413,117,512,90
417,117,515,95
481,122,NaN,NaN
402,98,501,120
407,117,503,115
NaN,NaN,502,115
NaN,NaN,408,110
410,119,NaN,NaN
NaN,NaN,421,115
415,112,511,105
412,119,513,104
514,105,414,103
511,107,413,123
513,106,414,116
412,118,511,89
511,106,410,114
414,117,517,96
512,109,409,121
405,118,505,91
514,87,411,111
404,120,506,96
497,101,397,117
412,131,508,98
494,106,NaN,NaN
NaN,NaN,493,108
411,129,NaN,NaN
412,122,513,85
NaN,NaN,495,89
403,123,502,104
406,119,506,99
501,100,403,111
393,116,492,103
411,124,511,104
504,92,405,114
507,102,404,124
494,103,NaN,NaN
NaN,NaN,496,106
495,89,NaN,NaN
480,128,NaN,NaN
NaN,NaN,499,110
510,95,406,118
511,104,411,103
409,123,510,102
NaN,NaN,498,105
504,107,NaN,NaN
416,127,515,87
518,103,419,128
NaN,NaN,511,101
489,121,NaN,NaN
NaN,NaN,NaN,NaN
507,112,408,117
503,88,403,122
410,118,NaN,NaN
409,126,510,105
NaN,NaN,502,90
502,93,401,124
493,104,NaN,NaN
514,105,408,130
512,86,412,130
503,87,NaN,NaN
498,109,NaN,NaN
413,125,NaN,NaN
NaN,NaN,498,123
NaN,NaN,415,129
NaN,NaN,416,122
415,119,NaN,NaN
510,90,410,121
501,102,NaN,NaN
NaN,NaN,495,98
514,83,411,108
405,121,508,102
507,86,408,130
514,99,414,130
NaN,NaN,415,124
NaN,NaN,497,101
410,119,509,92
496,95,395,122
493,96,400,120
394,127,497,98
NaN,NaN,501,103
507,94,NaN,NaN
NaN,NaN,514,92
498,100,NaN,NaN
492,102,NaN,NaN
NaN,NaN,493,97
495,97,NaN,NaN
408,129,509,97
506,94,408,125
NaN,NaN,489,104
503,98,NaN,NaN
NaN,NaN,489,101
490,100,NaN,NaN
511,96,412,121
NaN,NaN,502,97
485,91,NaN,NaN
499,98,NaN,NaN
486,90,NaN,NaN
409,130,509,95
497,99,NaN,NaN
485,107,NaN,NaN
494,92,391,123
393,127,501,97
504,110,404,121
380,132,481,109
504,102,403,124
400,115,500,87
487,93,386,114
479,101,371,121
492,86,390,115
464,115,363,117
460,112,360,123
377,111,485,84
475,84,378,115
492,89,384,112
371,115,473,87
365,100,466,95
377,101,475,91
465,92,360,87
364,78,471,115
332,78,476,104
485,111,308,86
484,97,277,69
482,103,238,66
215,66,482,103
477,101,185,68
60,103,161,84
476,110,133,94
112,96,483,97
488,99,98,117
101,119,472,97
484,96,63,149
484,100,77,156
79,159,NaN,NaN
101,160,NaN,NaN
NaN,NaN,97,166
528,78,105,164
113,168,531,70
534,84,114,179
111,184,525,121
96,179,524,164
529,174,111,204
NaN,NaN,NaN,NaN
95,196,513,257
522,289,NaN,NaN
532,318,NaN,NaN
118,171,529,357
NaN,NaN,52,157
524,361,113,180
131,171,523,363
513,347,160,120
185,105,517,357
513,365,188,97
171,73,504,366
190,70,500,367
510,375,196,61
509,361,211,62
NaN,NaN,510,369
518,375,NaN,NaN
NaN,NaN,514,366
NaN,NaN,518,383
NaN,NaN,518,365
NaN,NaN,521,376
519,371,448,125
521,389,445,126
511,380,453,129
517,385,448,129
443,122,511,371
445,125,515,384
450,119,524,382
446,126,519,373
451,120,516,373
462,122,528,388
459,121,539,389
538,368,457,127
545,351,459,85
464,80,544,350
544,354,462,88
485,86,562,322
484,66,533,263
492,67,537,265
490,61,535,253
539,242,489,69
494,62,530,210
536,192,NaN,NaN
519,184,NaN,NaN
NaN,NaN,NaN,NaN
NaN,NaN,NaN,NaN
NaN,NaN,NaN,NaN
NaN,NaN,NaN,NaN
NaN,NaN,NaN,NaN
NaN,NaN,NaN,NaN
NaN,NaN,NaN,NaN
NaN,NaN,NaN,NaN
NaN,NaN,NaN,NaN
NaN,NaN,488,111
488,95,NaN,NaN
NaN,NaN,482,95
484,97,NaN,NaN
491,95,NaN,NaN
NaN,NaN,504,79
512,73,NaN,NaN
512,70,NaN,NaN
505,94,NaN,NaN
NaN,NaN,507,82
488,68,NaN,NaN
NaN,NaN,482,94
NaN,NaN,476,74
NaN,NaN,480,94
464,78,NaN,NaN
472,77,NaN,NaN
NaN,NaN,487,73
NaN,NaN,478,93
NaN,NaN,484,77
472,95,NaN,NaN
489,62,NaN,NaN
478,75,NaN,NaN
479,81,NaN,NaN
NaN,NaN,469,81
NaN,NaN,513,65
NaN,NaN,487,61
483,74,NaN,NaN
473,83,NaN,NaN
475,80,NaN,NaN
486,62,NaN,NaN
NaN,NaN,468,82
492,62,452,115
479,79,NaN,NaN
484,79,NaN,NaN
NaN,NaN,485,72
NaN,NaN,492,66
490,66,NaN,NaN
NaN,NaN,474,77
NaN,NaN,493,73
NaN,NaN,476,97
NaN,NaN,483,76
NaN,NaN,488,73
491,72,NaN,NaN
485,76,NaN,NaN
476,79,NaN,NaN
NaN,NaN,481,75
NaN,NaN,490,78
NaN,NaN,483,72
NaN,NaN,505,61
NaN,NaN,498,66
505,70,NaN,NaN
NaN,NaN,516,61
NaN,NaN,511,66
491,75,NaN,NaN
NaN,NaN,495,62
510,64,NaN,NaN
465,121,512,64
503,62,NaN,NaN
510,63,466,118
NaN,NaN,480,81
NaN,NaN,480,85
489,82,NaN,NaN
480,91,NaN,NaN
477,89,NaN,NaN
NaN,NaN,482,85
NaN,NaN,478,90
458,132,502,61
453,131,493,64
478,91,NaN,NaN
481,88,NaN,NaN
485,87,NaN,NaN
478,91,NaN,NaN
507,64,NaN,NaN
NaN,NaN,490,88
512,62,NaN,NaN
497,96,NaN,NaN
NaN,NaN,509,101
NaN,NaN,522,71
NaN,NaN,NaN,NaN
NaN,NaN,517,179
NaN,NaN,532,220
NaN,NaN,NaN,NaN
NaN,NaN,NaN,NaN
NaN,NaN,543,340
538,361,NaN,NaN
540,373,NaN,NaN
NaN,NaN,NaN,NaN
NaN,NaN,NaN,NaN
NaN,NaN,NaN,NaN
NaN,NaN,NaN,NaN
512,336,NaN,NaN
NaN,NaN,516,338
NaN,NaN,516,344
515,348,NaN,NaN
NaN,NaN,512,343
NaN,NaN,505,342
NaN,NaN,500,344
503,340,471,134
465,132,501,338
509,354,469,137
470,136,515,345
463,138,511,352
508,348,461,133
512,338,468,137
471,126,511,340
506,345,470,141
470,142,507,345
525,368,466,137
515,355,467,136
468,131,512,351
471,133,516,364
469,131,508,347
468,137,512,353
464,134,513,361
515,365,465,131
472,127,524,375
462,139,527,370
528,378,470,141
467,136,531,355
480,129,537,358
556,355,478,110
480,116,561,324
480,85,562,310
572,294,482,74
482,64,549,247
490,61,560,186
543,195,496,62
553,188,NaN,NaN
521,67,NaN,NaN
NaN,NaN,531,62
NaN,NaN,518,63
NaN,NaN,530,67
NaN,NaN,497,78
492,92,NaN,NaN
NaN,NaN,490,88
NaN,NaN,485,83
NaN,NaN,485,78
477,78,NaN,NaN
481,77,NaN,NaN
478,81,NaN,NaN
470,82,NaN,NaN
475,107,NaN,NaN
NaN,NaN,474,87
NaN,NaN,464,112
469,93,NaN,NaN
NaN,NaN,467,97
NaN,NaN,467,93
NaN,NaN,NaN,NaN
NaN,NaN,470,98
NaN,NaN,471,95
472,97,NaN,NaN
NaN,NaN,468,98
468,112,NaN,NaN
469,111,NaN,NaN
473,102,NaN,NaN
NaN,NaN,476,128
NaN,NaN,478,128
NaN,NaN,476,133
474,123,NaN,NaN
NaN,NaN,473,122
NaN,NaN,477,106
NaN,NaN,453,132
472,126,NaN,NaN
NaN,NaN,NaN,NaN
NaN,NaN,NaN,NaN
NaN,NaN,NaN,NaN
458,130,NaN,NaN
NaN,NaN,471,154
NaN,NaN,474,122
480,106,NaN,NaN
NaN,NaN,484,98
480,99,NaN,NaN
NaN,NaN,476,147
455,130,NaN,NaN
NaN,NaN,482,98
482,102,NaN,NaN
NaN,NaN,487,96
464,143,NaN,NaN
NaN,NaN,465,139
471,146,NaN,NaN
464,136,NaN,NaN
457,137,NaN,NaN
480,97,NaN,NaN
NaN,NaN,474,100
NaN,NaN,477,111
462,137,512,64
511,62,458,132
480,92,NaN,NaN
506,77,449,126
NaN,NaN,474,108
NaN,NaN,470,86
473,89,NaN,NaN
475,87,NaN,NaN
NaN,NaN,474,88
468,95,NaN,NaN
471,90,NaN,NaN
NaN,NaN,475,94
NaN,NaN,473,99
506,62,454,127
451,142,501,70
509,62,455,133
454,120,511,61
452,138,502,62
451,137,511,63
463,131,512,61
460,123,508,61
454,143,505,64
511,61,453,128
451,143,513,64
456,135,507,63
510,62,453,125
510,66,455,137
458,129,516,61
514,61,450,121
515,61,454,131
454,138,513,65
454,131,511,66
511,62,465,125
NaN,NaN,NaN,NaN
513,63,453,132
513,68,450,131
NaN,NaN,509,66
508,63,460,133
NaN,NaN,NaN,NaN
454,135,510,68
450,130,NaN,NaN
NaN,NaN,NaN,NaN
NaN,NaN,507,68
NaN,NaN,NaN,NaN
NaN,NaN,485,96
NaN,NaN,NaN,NaN
NaN,NaN,472,133
468,126,NaN,NaN
NaN,NaN,NaN,NaN
NaN,NaN,NaN,NaN
NaN,NaN,NaN,NaN
NaN,NaN,NaN,NaN
NaN,NaN,NaN,NaN
NaN,NaN,NaN,NaN
NaN,NaN,NaN,NaN
NaN,NaN,NaN,NaN
NaN,NaN,NaN,NaN
NaN,NaN,NaN,NaN
NaN,NaN,NaN,NaN
NaN,NaN,NaN,NaN
NaN,NaN,NaN,NaN
NaN,NaN,NaN,NaN
NaN,NaN,NaN,NaN
NaN,NaN,NaN,NaN
NaN,NaN,NaN,NaN
NaN,NaN,NaN,NaN
NaN,NaN,NaN,NaN
NaN,NaN,NaN,NaN
NaN,NaN,NaN,NaN
NaN,NaN,NaN,NaN
202,62,NaN,NaN
161,69,NaN,NaN
NaN,NaN,132,99
NaN,NaN,120,126
NaN,NaN,115,157
95,187,NaN,NaN
NaN,NaN,NaN,NaN
64,155,NaN,NaN
NaN,NaN,60,154
NaN,NaN,56,165
NaN,NaN,57,171
NaN,NaN,60,171
NaN,NaN,57,179
NaN,NaN,60,184
61,181,NaN,NaN
60,181,NaN,NaN
NaN,NaN,64,182
58,189,NaN,NaN
63,179,NaN,NaN
NaN,NaN,62,173
59,175,NaN,NaN
NaN,NaN,73,160
NaN,NaN,61,158
NaN,NaN,61,127
91,100,NaN,NaN
53,112,147,61
145,72,53,138
NaN,NaN,139,76
NaN,NaN,157,84
171,190,158,70
NaN,NaN,177,218
NaN,NaN,197,222
209,269,NaN,NaN
214,304,NaN,NaN
222,342,NaN,NaN
NaN,NaN,222,356
223,370,NaN,NaN
227,384,NaN,NaN
NaN,NaN,224,398
NaN,NaN,219,394
214,401,NaN,NaN
216,404,NaN,NaN
NaN,NaN,207,397
NaN,NaN,205,403
214,404,NaN,NaN
NaN,NaN,217,409
205,403,NaN,NaN
NaN,NaN,212,409
NaN,NaN,209,407
NaN,NaN,213,404
NaN,NaN,211,387
222,380,NaN,NaN
219,382,NaN,NaN
NaN,NaN,228,359
232,330,NaN,NaN
NaN,NaN,NaN,NaN
NaN,NaN,NaN,NaN
NaN,NaN,NaN,NaN
NaN,NaN,NaN,NaN
NaN,NaN,NaN,NaN
NaN,NaN,310,144
311,123,NaN,NaN
NaN,NaN,338,118
344,105,NaN,NaN
347,90,452,120
454,121,357,90
357,105,459,107
354,86,456,107
472,105,362,101
466,116,369,97
364,92,465,112
384,109,482,95
386,97,490,99
466,110,367,93
387,98,487,94
369,98,468,114
398,106,497,110
397,111,497,111
NaN,NaN,458,122
453,113,NaN,NaN
NaN,NaN,455,124
458,124,NaN,NaN
449,117,NaN,NaN
NaN,NaN,449,116
452,119,NaN,NaN
NaN,NaN,452,118
NaN,NaN,453,126
NaN,NaN,461,111
451,120,NaN,NaN
NaN,NaN,454,120
458,109,NaN,NaN
454,125,NaN,NaN
NaN,NaN,449,140
NaN,NaN,460,119
460,113,NaN,NaN
460,121,NaN,NaN
460,127,NaN,NaN
461,103,NaN,NaN
486,102,NaN,NaN
457,134,NaN,NaN
470,98,NaN,NaN
NaN,NaN,461,120
462,115,NaN,NaN
NaN,NaN,457,111
451,127,NaN,NaN
NaN,NaN,466,101
NaN,NaN,454,118
NaN,NaN,456,106
NaN,NaN,466,126
NaN,NaN,467,125
459,113,NaN,NaN
NaN,NaN,452,134
485,93,NaN,NaN
471,97,NaN,NaN
469,101,NaN,NaN
NaN,NaN,463,129
449,120,NaN,NaN
NaN,NaN,458,118
NaN,NaN,459,132
461,123,NaN,NaN
NaN,NaN,460,120
455,122,NaN,NaN
453,119,NaN,NaN
471,101,NaN,NaN
455,125,NaN,NaN
NaN,NaN,454,127
453,122,NaN,NaN
453,117,NaN,NaN
NaN,NaN,457,136
479,99,NaN,NaN
455,130,NaN,NaN
456,125,NaN,NaN
456,136,NaN,NaN
458,134,NaN,NaN
450,130,NaN,NaN
NaN,NaN,385,132
NaN,NaN,377,138
369,131,482,100
379,134,NaN,NaN
377,130,NaN,NaN
473,98,373,123
471,100,368,127
371,120,NaN,NaN
378,120,NaN,NaN
NaN,NaN,379,124
NaN,NaN,369,115
372,127,NaN,NaN
370,123,NaN,NaN
371,118,NaN,NaN
NaN,NaN,370,116
NaN,NaN,375,123
374,126,NaN,NaN
NaN,NaN,374,109
NaN,NaN,360,128
NaN,NaN,372,121
369,125,NaN,NaN
367,114,NaN,NaN
NaN,NaN,381,124
NaN,NaN,381,126
365,115,NaN,NaN
NaN,NaN,379,114
370,119,NaN,NaN
NaN,NaN,371,122
372,123,NaN,NaN
NaN,NaN,371,120
NaN,NaN,369,109
368,115,NaN,NaN
NaN,NaN,379,112
378,118,NaN,NaN
NaN,NaN,372,118
371,117,NaN,NaN
375,122,NaN,NaN
378,125,NaN,NaN
NaN,NaN,375,122
368,129,NaN,NaN
NaN,NaN,367,106
362,109,464,101
375,112,478,102
368,106,471,98
480,101,380,109
376,113,NaN,NaN
382,114,492,101
476,99,374,99
368,111,472,100
376,99,476,90
373,114,472,112
474,97,373,112
377,112,478,106
367,107,476,105
358,118,480,106
NaN,NaN,345,123
332,130,NaN,NaN
319,126,NaN,NaN
318,125,NaN,NaN
312,121,NaN,NaN
NaN,NaN,301,123
293,113,NaN,NaN
NaN,NaN,299,111
297,125,NaN,NaN
NaN,NaN,294,110
297,96,NaN,NaN
NaN,NaN,300,93
306,101,NaN,NaN
NaN,NaN,310,102
NaN,NaN,310,92
316,90,NaN,NaN
NaN,NaN,319,82
324,92,NaN,NaN
NaN,NaN,325,82
NaN,NaN,333,80
NaN,NaN,331,80
327,75,NaN,NaN
NaN,NaN,335,74
NaN,NaN,335,93
339,87,NaN,NaN
333,89,NaN,NaN
NaN,NaN,312,98
NaN,NaN,281,119
NaN,NaN,258,147
NaN,NaN,261,185
NaN,NaN,246,208
NaN,NaN,234,247
229,278,NaN,NaN
227,309,NaN,NaN
NaN,NaN,219,319
NaN,NaN,NaN,NaN
212,354,NaN,NaN
NaN,NaN,NaN,NaN
NaN,NaN,222,384
212,385,NaN,NaN
224,391,NaN,NaN
NaN,NaN,220,388
NaN,NaN,215,394
224,398,NaN,NaN
NaN,NaN,220,396
214,400,NaN,NaN
219,401,NaN,NaN
NaN,NaN,219,399
217,396,NaN,NaN
NaN,NaN,206,401
NaN,NaN,217,402
218,401,NaN,NaN
218,398,NaN,NaN
NaN,NaN,222,396
216,387,NaN,NaN
212,380,NaN,NaN
NaN,NaN,200,368
200,361,NaN,NaN
NaN,NaN,187,354
NaN,NaN,180,342
NaN,NaN,194,310
NaN,NaN,193,282
NaN,NaN,190,270
NaN,NaN,NaN,NaN
NaN,NaN,NaN,NaN
455,153,NaN,NaN
NaN,NaN,NaN,NaN
NaN,NaN,201,176
NaN,NaN,NaN,NaN
NaN,NaN,NaN,NaN
NaN,NaN,NaN,NaN
NaN,NaN,NaN,NaN
230,167,450,163
454,161,NaN,NaN
NaN,NaN,NaN,NaN
NaN,NaN,NaN,NaN
NaN,NaN,NaN,NaN
NaN,NaN,NaN,NaN
456,162,NaN,NaN
457,153,NaN,NaN
NaN,NaN,NaN,NaN
NaN,NaN,NaN,NaN
NaN,NaN,453,159
NaN,NaN,NaN,NaN
NaN,NaN,NaN,NaN
456,165,NaN,NaN
NaN,NaN,458,142
458,165,NaN,NaN
454,162,244,163
248,158,460,162
255,161,453,161
NaN,NaN,255,156
NaN,NaN,255,151
NaN,NaN,260,154
NaN,NaN,260,156
266,158,461,146
NaN,NaN,459,145
461,162,NaN,NaN
458,154,256,144
NaN,NaN,264,156
458,157,262,148
457,157,259,140
449,163,274,156
450,156,275,156
456,158,275,152
456,155,271,147
264,145,NaN,NaN
263,148,NaN,NaN
NaN,NaN,271,153
453,165,NaN,NaN
NaN,NaN,459,169
NaN,NaN,455,167
NaN,NaN,NaN,NaN
279,155,NaN,NaN
NaN,NaN,272,151
451,154,275,150
271,148,457,159
269,147,456,153
273,164,NaN,NaN
266,139,NaN,NaN
275,162,NaN,NaN
NaN,NaN,265,135
NaN,NaN,262,136
456,159,262,145
NaN,NaN,270,139
NaN,NaN,277,149
271,141,NaN,NaN
NaN,NaN,276,144
275,148,NaN,NaN
280,150,NaN,NaN
NaN,NaN,271,146
265,140,NaN,NaN
NaN,NaN,267,143
NaN,NaN,273,150
265,142,NaN,NaN
NaN,NaN,276,149
NaN,NaN,NaN,NaN
NaN,NaN,NaN,NaN
274,125,NaN,NaN
NaN,NaN,288,127
NaN,NaN,303,128
332,113,NaN,NaN
NaN,NaN,320,122
NaN,NaN,328,126
329,122,NaN,NaN
NaN,NaN,332,128
338,127,NaN,NaN
329,122,NaN,NaN
323,107,NaN,NaN
323,110,NaN,NaN
323,117,NaN,NaN
NaN,NaN,327,117
NaN,NaN,334,122
NaN,NaN,327,116
NaN,NaN,336,124
NaN,NaN,331,125
NaN,NaN,335,118
NaN,NaN,338,132
NaN,NaN,338,122
349,130,452,162
339,118,451,169
453,157,343,120
344,118,449,154
454,161,345,120
341,119,450,169
441,176,337,115
338,119,440,162
453,164,337,121
340,121,441,168
341,127,452,159
341,129,448,154
336,121,449,157
453,162,335,127
439,169,333,127
450,152,338,126
453,159,343,135
451,153,341,131
336,127,450,166
335,127,447,163
338,128,NaN,NaN
NaN,NaN,341,132
NaN,NaN,338,130
342,132,NaN,NaN
337,132,NaN,NaN
NaN,NaN,341,134
337,134,NaN,NaN
NaN,NaN,331,130
328,130,NaN,NaN
324,132,NaN,NaN
316,126,NaN,NaN
NaN,NaN,294,115
289,118,NaN,NaN
NaN,NaN,284,104
NaN,NaN,281,104
NaN,NaN,271,99
NaN,NaN,274,101
NaN,NaN,275,96
274,96,460,110
284,104,460,104
282,102,456,100
464,100,284,95
275,96,476,71
475,70,277,91
272,99,461,93
278,93,459,96
279,96,454,91
478,73,275,107
260,88,463,85
487,68,272,106
469,83,274,109
283,110,468,80
476,76,278,117
479,73,263,104
464,83,260,95
271,117,469,85
268,111,464,84
477,86,268,92
270,103,471,96
455,93,273,106
283,110,467,98
471,97,268,95
458,102,271,108
459,107,268,101
275,111,469,106
457,102,269,102
458,113,266,104
257,99,459,110
266,108,460,128
475,114,264,108
488,113,262,110
477,118,257,113
473,124,253,106
261,108,476,147
256,104,NaN,NaN
256,111,NaN,NaN
262,110,508,159
263,107,513,151
NaN,NaN,259,107
NaN,NaN,255,104
263,103,NaN,NaN
NaN,NaN,262,103
261,107,NaN,NaN
NaN,NaN,261,103
NaN,NaN,266,109
264,104,499,137
267,113,496,130
493,131,258,106
505,128,269,112
262,115,492,145
NaN,NaN,264,112
261,108,NaN,NaN
NaN,NaN,267,121
NaN,NaN,262,111
NaN,NaN,260,114
256,111,NaN,NaN
NaN,NaN,259,119
251,114,NaN,NaN
NaN,NaN,NaN,NaN
253,128,NaN,NaN
243,122,NaN,NaN
243,128,NaN,NaN
NaN,NaN,242,122
244,121,NaN,NaN
245,132,NaN,NaN
245,129,NaN,NaN
NaN,NaN,241,121
242,117,NaN,NaN
NaN,NaN,244,123
238,120,NaN,NaN
NaN,NaN,241,122
240,127,NaN,NaN
243,121,NaN,NaN
241,120,NaN,NaN
NaN,NaN,246,125
244,129,NaN,NaN
NaN,NaN,246,122
247,131,491,155
239,123,488,149
501,152,242,125
502,145,243,133
482,161,238,121
NaN,NaN,237,124
244,118,NaN,NaN
NaN,NaN,241,125
NaN,NaN,239,118
NaN,NaN,234,115
NaN,NaN,237,111
234,107,NaN,NaN
NaN,NaN,240,109
247,108,NaN,NaN
NaN,NaN,247,120
246,122,NaN,NaN
475,144,237,126
NaN,NaN,244,138
227,128,475,146
472,148,239,135
NaN,NaN,NaN,NaN
NaN,NaN,NaN,NaN
NaN,NaN,NaN,NaN
NaN,NaN,NaN,NaN
NaN,NaN,NaN,NaN
NaN,NaN,NaN,NaN
NaN,NaN,NaN,NaN
NaN,NaN,NaN,NaN
NaN,NaN,NaN,NaN
NaN,NaN,NaN,NaN
NaN,NaN,NaN,NaN
NaN,NaN,NaN,NaN
NaN,NaN,NaN,NaN
NaN,NaN,NaN,NaN
NaN,NaN,NaN,NaN
NaN,NaN,NaN,NaN
NaN,NaN,NaN,NaN
NaN,NaN,NaN,NaN
NaN,NaN,NaN,NaN
NaN,NaN,NaN,NaN
NaN,NaN,NaN,NaN
NaN,NaN,NaN,NaN
NaN,NaN,NaN,NaN
NaN,NaN,NaN,NaN
NaN,NaN,NaN,NaN
NaN,NaN,NaN,NaN
NaN,NaN,NaN,NaN
NaN,NaN,NaN,NaN
NaN,NaN,NaN,NaN
NaN,NaN,NaN,NaN
NaN,NaN,NaN,NaN
NaN,NaN,NaN,NaN
NaN,NaN,NaN,NaN
NaN,NaN,NaN,NaN
NaN,NaN,NaN,NaN
NaN,NaN,NaN,NaN
NaN,NaN,NaN,NaN
NaN,NaN,NaN,NaN
NaN,NaN,NaN,NaN
NaN,NaN,NaN,NaN
NaN,NaN,NaN,NaN
NaN,NaN,NaN,NaN
NaN,NaN,NaN,NaN
NaN,NaN,NaN,NaN
NaN,NaN,NaN,NaN
NaN,NaN,NaN,NaN
NaN,NaN,NaN,NaN
NaN,NaN,NaN,NaN
NaN,NaN,NaN,NaN
NaN,NaN,NaN,NaN
NaN,NaN,NaN,NaN
NaN,NaN,NaN,NaN
NaN,NaN,NaN,NaN
NaN,NaN,NaN,NaN
NaN,NaN,NaN,NaN
NaN,NaN,NaN,NaN
NaN,NaN,NaN,NaN
NaN,NaN,NaN,NaN
NaN,NaN,NaN,NaN
NaN,NaN,NaN,NaN
NaN,NaN,NaN,NaN
NaN,NaN,NaN,NaN
NaN,NaN,NaN,NaN
NaN,NaN,NaN,NaN
NaN,NaN,NaN,NaN
NaN,NaN,NaN,NaN
NaN,NaN,NaN,NaN
NaN,NaN,NaN,NaN
NaN,NaN,NaN,NaN
NaN,NaN,NaN,NaN
NaN,NaN,NaN,NaN
NaN,NaN,NaN,NaN
NaN,NaN,NaN,NaN
NaN,NaN,NaN,NaN
NaN,NaN,NaN,NaN
NaN,NaN,NaN,NaN
NaN,NaN,NaN,NaN
NaN,NaN,NaN,NaN
NaN,NaN,NaN,NaN
NaN,NaN,NaN,NaN
NaN,NaN,NaN,NaN
NaN,NaN,NaN,NaN
NaN,NaN,NaN,NaN
NaN,NaN,NaN,NaN
NaN,NaN,NaN,NaN
NaN,NaN,NaN,NaN
NaN,NaN,212,164
NaN,NaN,213,172
NaN,NaN,NaN,NaN
NaN,NaN,NaN,NaN
210,160,NaN,NaN
NaN,NaN,NaN,NaN
NaN,NaN,216,175
215,164,NaN,NaN
215,161,NaN,NaN
214,163,NaN,NaN
NaN,NaN,216,171
NaN,NaN,211,160
NaN,NaN,217,168
224,167,NaN,NaN
NaN,NaN,225,165
225,171,NaN,NaN
NaN,NaN,228,167
NaN,NaN,NaN,NaN
NaN,NaN,NaN,NaN
NaN,NaN,NaN,NaN
NaN,NaN,NaN,NaN
NaN,NaN,158,139
NaN,NaN,167,99
128,104,NaN,NaN
NaN,NaN,75,109
52,125,NaN,NaN
NaN,NaN,52,131
53,161,NaN,NaN
NaN,NaN,55,170
52,166,NaN,NaN
NaN,NaN,99,207
NaN,NaN,77,193
NaN,NaN,81,192
97,211,NaN,NaN
98,198,NaN,NaN
NaN,NaN,104,215
100,203,NaN,NaN
NaN,NaN,93,208
NaN,NaN,101,208
100,206,NaN,NaN
98,201,NaN,NaN
NaN,NaN,99,201
NaN,NaN,98,203
92,202,NaN,NaN
85,198,NaN,NaN
81,202,NaN,NaN
77,192,NaN,NaN
NaN,NaN,80,187
82,171,NaN,NaN
NaN,NaN,87,169
NaN,NaN,88,148
96,149,NaN,NaN
111,126,NaN,NaN
NaN,NaN,117,112
145,95,NaN,NaN
142,81,NaN,NaN
149,75,NaN,NaN
151,72,NaN,NaN
162,61,NaN,NaN
159,74,NaN,NaN
NaN,NaN,155,61
156,63,NaN,NaN
NaN,NaN,155,63
159,65,NaN,NaN
NaN,NaN,NaN,NaN
159,63,NaN,NaN
NaN,NaN,161,64
157,63,NaN,NaN
NaN,NaN,162,64
157,62,NaN,NaN
NaN,NaN,153,61
NaN,NaN,157,63
NaN,NaN,163,62
159,61,NaN,NaN
161,61,NaN,NaN
NaN,NaN,159,61
NaN,NaN,NaN,NaN
NaN,NaN,NaN,NaN
NaN,NaN,NaN,NaN
NaN,NaN,NaN,NaN
NaN,NaN,NaN,NaN
NaN,NaN,NaN,NaN
NaN,NaN,NaN,NaN
NaN,NaN,NaN,NaN
NaN,NaN,NaN,NaN
NaN,NaN,NaN,NaN
NaN,NaN,NaN,NaN
NaN,NaN,NaN,NaN
NaN,NaN,NaN,NaN
NaN,NaN,NaN,NaN
NaN,NaN,NaN,NaN
NaN,NaN,NaN,NaN
NaN,NaN,NaN,NaN
NaN,NaN,NaN,NaN
NaN,NaN,NaN,NaN
NaN,NaN,NaN,NaN
NaN,NaN,NaN,NaN
NaN,NaN,NaN,NaN
NaN,NaN,NaN,NaN
NaN,NaN,NaN,NaN
NaN,NaN,NaN,NaN
NaN,NaN,NaN,NaN
NaN,NaN,NaN,NaN
NaN,NaN,NaN,NaN
NaN,NaN,NaN,NaN
NaN,NaN,NaN,NaN
NaN,NaN,NaN,NaN
NaN,NaN,NaN,NaN
NaN,NaN,NaN,NaN
NaN,NaN,NaN,NaN
NaN,NaN,NaN,NaN
NaN,NaN,NaN,NaN
NaN,NaN,NaN,NaN
NaN,NaN,NaN,NaN
NaN,NaN,NaN,NaN
NaN,NaN,NaN,NaN
NaN,NaN,NaN,NaN
NaN,NaN,NaN,NaN
NaN,NaN,NaN,NaN
NaN,NaN,NaN,NaN
NaN,NaN,NaN,NaN
NaN,NaN,NaN,NaN
NaN,NaN,NaN,NaN
NaN,NaN,NaN,NaN
NaN,NaN,NaN,NaN
NaN,NaN,NaN,NaN
NaN,NaN,NaN,NaN
NaN,NaN,NaN,NaN
NaN,NaN,NaN,NaN
NaN,NaN,NaN,NaN
NaN,NaN,NaN,NaN
NaN,NaN,NaN,NaN
NaN,NaN,NaN,NaN
NaN,NaN,NaN,NaN
NaN,NaN,NaN,NaN
NaN,NaN,NaN,NaN
NaN,NaN,NaN,NaN
NaN,NaN,NaN,NaN
NaN,NaN,NaN,NaN
NaN,NaN,NaN,NaN
NaN,NaN,NaN,NaN
NaN,NaN,NaN,NaN
NaN,NaN,NaN,NaN
NaN,NaN,NaN,NaN
NaN,NaN,NaN,NaN
NaN,NaN,NaN,NaN
NaN,NaN,NaN,NaN
NaN,NaN,NaN,NaN
NaN,NaN,NaN,NaN
NaN,NaN,NaN,NaN
NaN,NaN,NaN,NaN
NaN,NaN,NaN,NaN
NaN,NaN,NaN,NaN
NaN,NaN,NaN,NaN
NaN,NaN,NaN,NaN
NaN,NaN,NaN,NaN
NaN,NaN,NaN,NaN
NaN,NaN,NaN,NaN
NaN,NaN,NaN,NaN
