211,347,404,94
217,410,207,323
403,96,199,357
214,358,411,91
200,307,217,402
405,94,215,333
228,324,405,103
403,109,229,266
238,274,391,99
402,112,238,258
246,252,389,99
249,232,397,93
398,93,256,211
270,205,395,113
401,100,262,185
286,177,393,101
398,95,290,169
405,104,298,143
398,102,301,143
401,113,303,127
339,110,313,144
340,105,NaN,NaN
333,91,NaN,NaN
333,89,NaN,NaN
343,67,NaN,NaN
NaN,NaN,338,63
322,83,NaN,NaN
NaN,NaN,328,85
NaN,NaN,324,95
309,97,NaN,NaN
NaN,NaN,333,94
350,81,NaN,NaN
NaN,NaN,351,77
NaN,NaN,347,78
356,82,NaN,NaN
NaN,NaN,348,65
NaN,NaN,352,65
NaN,NaN,349,69
NaN,NaN,346,83
339,72,NaN,NaN
341,78,NaN,NaN
NaN,NaN,335,63
325,65,NaN,NaN
NaN,NaN,333,70
351,87,270,65
277,84,376,87
396,81,295,81
294,87,395,93
397,101,278,83
402,97,299,88
394,110,279,79
281,80,392,115
407,122,281,90
424,152,281,85
305,81,443,163
307,84,500,196
517,218,310,90
503,254,312,91
311,82,537,265
552,316,308,88
308,85,538,344
540,361,301,83
552,381,297,85
546,378,309,96
304,80,539,384
539,383,294,80
295,80,534,386
280,82,528,387
307,89,540,391
285,78,536,394
271,94,535,382
310,81,542,396
544,378,296,82
530,397,307,88
541,389,280,82
299,79,541,392
543,416,294,85
531,399,307,85
531,392,307,85
305,84,533,398
538,383,293,91
541,395,311,85
297,88,540,399
535,390,302,79
527,374,300,82
535,365,302,82
304,83,545,378
306,83,567,327
581,312,311,92
582,287,296,79
309,74,577,262
287,72,568,235
515,205,295,81
313,86,536,175
302,80,NaN,NaN
482,120,314,84
319,89,466,100
324,76,440,82
431,80,314,76
289,76,420,62
301,65,412,60
299,70,409,67
397,56,289,59
299,63,404,69
409,63,308,73
302,61,411,59
413,63,307,58
304,68,415,54
418,54,307,65
326,62,419,60
319,57,422,55
315,60,428,62
422,59,320,53
281,60,403,58
299,64,437,61
296,66,452,82
268,70,464,95
NaN,NaN,274,73
NaN,NaN,287,80
279,86,NaN,NaN
271,75,541,244
260,81,550,287
553,309,540,411
554,379,269,77
555,390,274,73
548,401,276,73
548,408,298,82
553,393,274,80
293,85,545,397
285,78,543,397
551,400,299,81
542,398,280,75
542,398,294,71
278,85,546,394
276,81,544,392
277,82,546,402
267,85,548,394
282,82,545,409
297,83,546,391
544,413,280,79
547,394,270,72
289,74,548,395
560,397,295,83
288,72,565,390
276,81,571,370
581,354,277,90
276,71,584,311
285,85,574,276
562,260,290,77
289,82,553,248
530,223,275,82
288,86,534,203
NaN,NaN,276,82
513,175,273,82
297,80,511,165
265,74,508,198
283,86,505,168
NaN,NaN,277,88
NaN,NaN,288,82
NaN,NaN,275,84
261,82,510,182
277,82,512,180
513,189,280,84
519,187,274,85
287,91,522,185
514,177,291,84
274,94,511,181
484,172,281,91
281,88,465,168
448,160,268,94
279,89,424,142
406,138,271,89
262,88,398,119
260,98,388,108
263,89,385,95
280,80,380,88
386,91,285,82
381,85,280,63
393,68,252,75
268,78,393,63
288,70,396,61
286,69,396,63
398,62,295,62
388,66,283,68
294,53,396,63
397,71,289,68
287,58,388,78
407,72,301,66
404,69,299,67
285,67,382,71
281,53,386,66
304,70,407,68
300,60,400,67
292,58,391,63
403,71,296,71
304,60,403,71
303,64,410,73
302,65,400,66
417,78,317,66
308,56,406,75
308,61,412,56
291,67,410,68
406,68,301,65
311,64,411,83
393,69,288,51
304,59,404,61
288,51,410,65
295,55,412,66
311,59,410,64
405,69,305,60
296,51,400,67
410,74,310,56
412,71,307,53
314,59,415,55
293,56,393,57
402,60,293,52
417,71,318,56
298,52,404,67
410,62,311,57
302,55,408,55
317,53,408,69
414,66,318,60
397,68,296,57
407,61,305,51
305,62,407,68
418,73,315,58
299,70,400,79
406,62,305,53
421,61,321,52
300,57,402,67
409,68,303,60
398,74,295,66
408,70,308,60
309,61,408,65
302,74,403,70
310,64,412,73
304,64,399,83
419,73,304,59
307,62,394,75
411,74,310,55
300,55,401,95
298,66,401,66
304,57,398,72
398,60,300,61
304,59,398,82
301,61,397,83
403,66,301,55
322,56,417,70
307,57,406,87
318,58,409,73
295,62,404,68
301,71,398,78
309,57,409,72
312,56,411,68
295,62,394,83
405,69,318,64
303,58,402,65
296,60,391,71
410,76,304,64
403,79,303,60
396,74,298,66
293,58,413,92
403,101,291,60
301,57,411,104
394,115,291,62
307,56,414,115
398,122,298,56
299,79,409,118
305,124,403,114
308,120,406,116
394,121,326,218
308,275,394,121
389,118,319,279
337,348,402,117
336,397,395,128
393,123,332,371
405,111,328,399
389,132,307,406
309,392,390,130
313,401,394,123
388,121,311,410
313,400,395,109
390,108,315,391
394,112,318,399
398,108,309,399
394,106,311,410
314,396,390,109
318,416,390,106
383,122,314,408
397,115,309,392
395,121,310,414
400,127,323,409
311,412,385,106
305,402,390,119
310,411,398,112
396,113,339,403
336,388,398,122
410,115,314,296
415,116,315,293
311,260,416,122
434,114,312,190
410,116,313,194
419,119,311,167
324,128,433,117
423,115,320,123
414,103,316,105
313,72,415,98
442,110,325,94
329,94,437,93
439,100,333,71
440,85,326,78
324,74,428,86
323,71,408,78
324,63,423,73
422,77,321,72
325,54,429,70
322,64,430,71
317,64,417,58
420,65,320,60
332,60,426,67
421,71,321,58
410,61,309,63
419,62,317,60
409,59,318,51
428,62,326,58
315,57,430,53
426,65,325,60
NaN,NaN,427,63
416,63,NaN,NaN
NaN,NaN,424,53
417,64,NaN,NaN
NaN,NaN,414,63
NaN,NaN,389,62
389,54,NaN,NaN
362,67,NaN,NaN
387,68,NaN,NaN
375,59,NaN,NaN
374,63,NaN,NaN
NaN,NaN,371,61
376,56,NaN,NaN
NaN,NaN,372,56
NaN,NaN,366,63
NaN,NaN,373,60
361,54,NaN,NaN
375,68,NaN,NaN
NaN,NaN,374,64
375,63,NaN,NaN
NaN,NaN,347,63
352,55,NaN,NaN
422,63,316,55
NaN,NaN,353,66
404,65,304,55
414,66,318,52
423,65,327,62
291,54,395,62
334,59,434,57
432,61,329,57
325,67,425,68
422,63,320,53
324,58,425,64
327,59,426,69
401,72,297,53
321,68,419,69
323,60,427,70
416,73,315,53
314,58,414,54
416,52,317,69
323,52,414,53
427,64,325,63
417,53,321,69
319,64,418,70
431,61,329,56
314,52,388,69
324,68,422,70
433,65,330,63
396,68,304,53
332,52,436,67
420,51,316,58
301,55,402,57
318,54,416,63
399,60,300,65
316,64,415,87
320,61,420,74
324,73,417,100
408,98,313,86
398,119,301,91
NaN,NaN,359,137
385,97,361,199
389,111,367,209
365,219,397,111
400,97,388,278
389,286,409,93
434,359,411,95
432,356,407,86
424,350,409,94
403,83,423,363
429,366,424,91
401,78,425,366
413,364,406,93
407,83,409,361
422,88,436,370
418,373,403,76
408,90,433,377
426,378,406,97
426,376,406,89
414,90,414,353
430,374,402,85
434,350,401,78
402,89,419,321
420,329,420,85
424,86,419,300
412,81,379,228
406,120,392,238
372,210,417,91
443,76,356,158
434,91,366,178
436,94,356,164
420,118,315,115
324,117,426,125
325,128,419,107
289,81,398,101
404,97,301,91
415,101,295,73
293,68,400,93
424,69,304,78
435,64,309,77
305,63,410,75
304,63,420,66
420,58,308,59
395,56,295,61
306,51,407,59
301,52,408,59
321,54,421,57
300,56,405,65
297,57,408,56
294,60,399,59
391,62,292,58
404,54,294,51
389,61,279,62
392,56,284,51
290,57,419,63
306,51,409,66
290,63,399,65
278,66,381,54
406,63,302,53
394,64,284,59
303,54,407,59
285,59,390,71
403,61,300,57
301,51,405,64
389,64,287,60
395,65,297,51
403,54,278,55
281,57,394,61
282,51,401,61
291,62,407,62
392,53,295,59
409,58,302,64
296,56,394,52
393,61,290,55
291,54,396,67
392,54,288,53
291,60,396,60
275,56,395,64
284,59,400,58
293,55,398,69
397,64,274,53
297,53,406,62
288,64,404,55
299,62,401,60
297,60,397,62
286,57,401,62
271,65,391,51
280,53,397,66
270,56,397,64
389,51,279,56
405,61,276,53
277,51,393,51
393,54,274,52
295,57,407,65
310,63,414,60
295,60,402,67
280,61,397,65
289,65,395,58
394,64,298,53
266,53,401,67
282,59,388,71
273,55,403,68
283,55,406,62
280,60,397,60
275,53,390,68
284,52,404,73
290,60,398,62
270,57,398,63
402,69,274,53
397,59,283,66
402,64,280,58
391,65,286,66
267,56,398,61
390,61,289,54
284,55,394,61
270,63,400,64
399,64,271,55
400,59,299,63
296,52,399,63
286,52,402,60
399,63,281,58
397,68,266,55
406,64,274,55
286,68,398,69
303,55,398,67
406,68,305,62
290,54,403,64
276,51,405,62
288,55,399,67
389,51,278,59
402,74,292,56
404,65,293,53
403,64,293,63
304,59,400,73
403,57,294,65
400,53,294,51
292,58,398,61
295,58,395,55
294,57,398,62
405,52,314,58
NaN,NaN,389,58
NaN,NaN,395,53
NaN,NaN,355,55
356,60,NaN,NaN
NaN,NaN,368,54
360,55,NaN,NaN
NaN,NaN,365,60
NaN,NaN,369,53
372,55,NaN,NaN
375,53,NaN,NaN
NaN,NaN,NaN,NaN
NaN,NaN,NaN,NaN
NaN,NaN,388,56
395,52,NaN,NaN
NaN,NaN,NaN,NaN
389,54,NaN,NaN
NaN,NaN,NaN,NaN
NaN,NaN,NaN,NaN
NaN,NaN,NaN,NaN
NaN,NaN,NaN,NaN
NaN,NaN,NaN,NaN
NaN,NaN,NaN,NaN
NaN,NaN,NaN,NaN
NaN,NaN,NaN,NaN
NaN,NaN,NaN,NaN
NaN,NaN,NaN,NaN
NaN,NaN,NaN,NaN
NaN,NaN,NaN,NaN
NaN,NaN,NaN,NaN
NaN,NaN,NaN,NaN
NaN,NaN,NaN,NaN
NaN,NaN,NaN,NaN
NaN,NaN,NaN,NaN
NaN,NaN,NaN,NaN
NaN,NaN,NaN,NaN
NaN,NaN,NaN,NaN
NaN,NaN,NaN,NaN
NaN,NaN,NaN,NaN
NaN,NaN,NaN,NaN
NaN,NaN,NaN,NaN
NaN,NaN,NaN,NaN
NaN,NaN,NaN,NaN
NaN,NaN,NaN,NaN
NaN,NaN,NaN,NaN
NaN,NaN,NaN,NaN
NaN,NaN,NaN,NaN
NaN,NaN,NaN,NaN
NaN,NaN,NaN,NaN
NaN,NaN,NaN,NaN
NaN,NaN,NaN,NaN
NaN,NaN,NaN,NaN
NaN,NaN,NaN,NaN
NaN,NaN,NaN,NaN
NaN,NaN,NaN,NaN
NaN,NaN,NaN,NaN
NaN,NaN,NaN,NaN
NaN,NaN,NaN,NaN
NaN,NaN,NaN,NaN
NaN,NaN,NaN,NaN
NaN,NaN,NaN,NaN
NaN,NaN,NaN,NaN
NaN,NaN,NaN,NaN
NaN,NaN,NaN,NaN
NaN,NaN,381,51
NaN,NaN,NaN,NaN
NaN,NaN,NaN,NaN
NaN,NaN,NaN,NaN
383,51,NaN,NaN
NaN,NaN,NaN,NaN
NaN,NaN,NaN,NaN
NaN,NaN,NaN,NaN
NaN,NaN,NaN,NaN
NaN,NaN,NaN,NaN
NaN,NaN,NaN,NaN
NaN,NaN,NaN,NaN
NaN,NaN,NaN,NaN
NaN,NaN,NaN,NaN
NaN,NaN,NaN,NaN
NaN,NaN,NaN,NaN
NaN,NaN,NaN,NaN
NaN,NaN,382,51
385,53,NaN,NaN
329,51,NaN,NaN
377,51,NaN,NaN
NaN,NaN,NaN,NaN
NaN,NaN,NaN,NaN
NaN,NaN,NaN,NaN
NaN,NaN,NaN,NaN
NaN,NaN,NaN,NaN
NaN,NaN,NaN,NaN
NaN,NaN,NaN,NaN
NaN,NaN,NaN,NaN
NaN,NaN,NaN,NaN
NaN,NaN,NaN,NaN
NaN,NaN,NaN,NaN
NaN,NaN,NaN,NaN
NaN,NaN,NaN,NaN
NaN,NaN,NaN,NaN
NaN,NaN,NaN,NaN
NaN,NaN,NaN,NaN
NaN,NaN,NaN,NaN
NaN,NaN,NaN,NaN
NaN,NaN,NaN,NaN
NaN,NaN,NaN,NaN
NaN,NaN,NaN,NaN
NaN,NaN,NaN,NaN
NaN,NaN,NaN,NaN
NaN,NaN,NaN,NaN
NaN,NaN,NaN,NaN
NaN,NaN,NaN,NaN
NaN,NaN,NaN,NaN
NaN,NaN,NaN,NaN
NaN,NaN,NaN,NaN
NaN,NaN,NaN,NaN
NaN,NaN,NaN,NaN
NaN,NaN,NaN,NaN
NaN,NaN,NaN,NaN
NaN,NaN,NaN,NaN
NaN,NaN,NaN,NaN
NaN,NaN,NaN,NaN
NaN,NaN,NaN,NaN
NaN,NaN,NaN,NaN
NaN,NaN,NaN,NaN
NaN,NaN,NaN,NaN
NaN,NaN,NaN,NaN
NaN,NaN,NaN,NaN
NaN,NaN,NaN,NaN
NaN,NaN,NaN,NaN
NaN,NaN,NaN,NaN
NaN,NaN,NaN,NaN
NaN,NaN,NaN,NaN
NaN,NaN,NaN,NaN
NaN,NaN,NaN,NaN
NaN,NaN,NaN,NaN
NaN,NaN,NaN,NaN
NaN,NaN,NaN,NaN
NaN,NaN,NaN,NaN
NaN,NaN,NaN,NaN
NaN,NaN,NaN,NaN
NaN,NaN,NaN,NaN
NaN,NaN,NaN,NaN
NaN,NaN,NaN,NaN
NaN,NaN,NaN,NaN
NaN,NaN,NaN,NaN
NaN,NaN,NaN,NaN
NaN,NaN,NaN,NaN
NaN,NaN,NaN,NaN
NaN,NaN,NaN,NaN
NaN,NaN,NaN,NaN
NaN,NaN,NaN,NaN
NaN,NaN,NaN,NaN
NaN,NaN,NaN,NaN
NaN,NaN,NaN,NaN
NaN,NaN,NaN,NaN
NaN,NaN,NaN,NaN
NaN,NaN,NaN,NaN
NaN,NaN,NaN,NaN
NaN,NaN,NaN,NaN
NaN,NaN,NaN,NaN
NaN,NaN,NaN,NaN
NaN,NaN,NaN,NaN
NaN,NaN,NaN,NaN
NaN,NaN,NaN,NaN
NaN,NaN,NaN,NaN
NaN,NaN,NaN,NaN
NaN,NaN,NaN,NaN
NaN,NaN,NaN,NaN
NaN,NaN,NaN,NaN
NaN,NaN,NaN,NaN
NaN,NaN,NaN,NaN
NaN,NaN,NaN,NaN
NaN,NaN,NaN,NaN
NaN,NaN,NaN,NaN
NaN,NaN,NaN,NaN
NaN,NaN,NaN,NaN
NaN,NaN,NaN,NaN
NaN,NaN,NaN,NaN
NaN,NaN,NaN,NaN
NaN,NaN,NaN,NaN
NaN,NaN,NaN,NaN
NaN,NaN,NaN,NaN
NaN,NaN,NaN,NaN
NaN,NaN,NaN,NaN
NaN,NaN,NaN,NaN
NaN,NaN,NaN,NaN
NaN,NaN,NaN,NaN
NaN,NaN,NaN,NaN
NaN,NaN,NaN,NaN
NaN,NaN,NaN,NaN
NaN,NaN,NaN,NaN
NaN,NaN,NaN,NaN
NaN,NaN,NaN,NaN
NaN,NaN,NaN,NaN
NaN,NaN,NaN,NaN
NaN,NaN,NaN,NaN
NaN,NaN,NaN,NaN
NaN,NaN,NaN,NaN
NaN,NaN,NaN,NaN
NaN,NaN,NaN,NaN
NaN,NaN,NaN,NaN
NaN,NaN,NaN,NaN
NaN,NaN,NaN,NaN
NaN,NaN,NaN,NaN
NaN,NaN,NaN,NaN
NaN,NaN,NaN,NaN
NaN,NaN,NaN,NaN
NaN,NaN,NaN,NaN
NaN,NaN,NaN,NaN
NaN,NaN,NaN,NaN
NaN,NaN,NaN,NaN
NaN,NaN,NaN,NaN
NaN,NaN,NaN,NaN
NaN,NaN,NaN,NaN
NaN,NaN,NaN,NaN
NaN,NaN,NaN,NaN
NaN,NaN,NaN,NaN
NaN,NaN,NaN,NaN
NaN,NaN,NaN,NaN
NaN,NaN,NaN,NaN
NaN,NaN,NaN,NaN
NaN,NaN,NaN,NaN
NaN,NaN,NaN,NaN
NaN,NaN,NaN,NaN
NaN,NaN,NaN,NaN
NaN,NaN,NaN,NaN
NaN,NaN,NaN,NaN
NaN,NaN,NaN,NaN
NaN,NaN,NaN,NaN
NaN,NaN,NaN,NaN
NaN,NaN,NaN,NaN
NaN,NaN,NaN,NaN
NaN,NaN,NaN,NaN
NaN,NaN,NaN,NaN
NaN,NaN,NaN,NaN
NaN,NaN,NaN,NaN
NaN,NaN,NaN,NaN
338,54,NaN,NaN
324,54,NaN,NaN
NaN,NaN,328,61
375,52,NaN,NaN
285,63,380,55
377,62,NaN,NaN
392,52,289,72
NaN,NaN,360,53
NaN,NaN,354,54
365,63,NaN,NaN
361,62,NaN,NaN
339,62,NaN,NaN
367,53,NaN,NaN
377,60,282,56
NaN,NaN,330,65
282,61,376,56
287,57,388,55
NaN,NaN,349,53
372,55,286,65
373,61,286,55
NaN,NaN,347,54
375,53,277,63
NaN,NaN,352,62
NaN,NaN,324,60
NaN,NaN,357,62
374,61,275,67
383,57,292,67
352,57,NaN,NaN
NaN,NaN,359,64
369,56,NaN,NaN
NaN,NaN,369,71
363,64,NaN,NaN
355,68,NaN,NaN
336,70,NaN,NaN
352,73,NaN,NaN
NaN,NaN,330,72
328,62,NaN,NaN
NaN,NaN,335,66
NaN,NaN,339,60
NaN,NaN,331,66
330,68,NaN,NaN
NaN,NaN,341,62
337,65,NaN,NaN
290,68,390,75
300,67,400,71
388,78,294,52
297,65,400,78
404,88,299,68
300,57,393,80
293,58,382,83
289,59,405,89
388,98,282,77
392,96,292,142
389,104,285,128
279,197,392,97
408,110,313,243
325,267,394,108
330,295,NaN,NaN
410,104,311,332
322,358,407,88
402,86,325,363
341,364,396,85
322,367,399,85
385,92,324,380
390,100,319,366
320,363,403,95
326,373,383,101
322,373,375,77
393,106,340,400
399,102,326,381
386,97,342,399
314,401,394,105
336,401,401,93
391,103,328,417
333,400,390,89
398,88,314,405
391,96,341,400
391,99,327,409
322,371,NaN,NaN
335,348,NaN,NaN
331,331,NaN,NaN
323,299,405,107
NaN,NaN,324,284
NaN,NaN,298,215
NaN,NaN,304,213
NaN,NaN,309,192
312,174,409,104
413,110,303,143
408,104,303,111
394,104,291,69
299,64,393,104
312,65,402,95
326,68,424,63
314,62,420,59
417,58,312,66
305,63,402,87
398,87,304,64
305,59,397,81
392,85,297,62
322,61,411,64
323,64,413,73
295,54,388,58
395,67,294,62
311,60,397,56
309,61,408,72
407,67,307,54
285,65,385,56
369,60,284,51
293,60,398,75
287,65,385,62
400,62,292,61
362,58,272,61
289,63,392,74
402,61,308,52
276,70,376,56
285,60,395,62
284,65,388,63
381,70,275,63
307,59,415,66
285,58,391,55
404,73,287,64
374,76,281,63
281,65,378,79
380,73,275,54
358,51,268,66
272,70,366,73
403,70,300,63
369,58,272,64
266,72,364,60
373,82,272,66
401,71,286,56
408,70,306,63
262,53,364,63
268,56,368,56
289,73,391,55
284,71,386,72
272,65,373,75
281,62,386,71
295,70,394,80
375,74,265,75
370,76,273,65
386,68,281,78
376,73,275,73
389,59,289,69
380,70,273,74
279,75,386,65
308,76,406,74
386,64,283,67
404,76,302,71
310,87,411,65
306,82,401,77
410,64,304,86
311,84,394,77
301,80,393,79
385,62,284,77
411,67,309,82
396,83,299,78
NaN,NaN,323,90
294,96,395,83
359,92,280,78
365,99,291,65
289,71,373,95
372,98,299,67
376,102,335,55
340,60,376,99
377,99,330,63
349,98,NaN,NaN
328,54,371,109
338,96,NaN,NaN
333,95,NaN,NaN
NaN,NaN,327,99
316,109,NaN,NaN
NaN,NaN,313,104
NaN,NaN,338,102
387,118,287,79
290,73,367,130
NaN,NaN,334,94
331,96,NaN,NaN
317,105,NaN,NaN
338,90,NaN,NaN
NaN,NaN,339,119
325,109,NaN,NaN
NaN,NaN,345,110
381,130,288,89
NaN,NaN,341,123
289,92,379,120
385,123,292,122
NaN,NaN,NaN,NaN
402,119,NaN,NaN
NaN,NaN,407,123
419,136,313,179
404,137,NaN,NaN
396,137,NaN,NaN
405,131,NaN,NaN
NaN,NaN,304,253
317,272,NaN,NaN
NaN,NaN,330,297
NaN,NaN,320,297
395,150,326,317
346,343,392,147
327,342,393,153
322,349,390,147
392,151,321,355
330,357,394,146
395,155,324,356
389,140,330,353
330,355,387,149
400,140,324,363
401,140,329,355
403,141,320,363
325,366,402,133
316,371,406,140
394,144,319,385
392,142,337,394
393,144,316,404
343,402,393,148
396,149,332,407
410,147,335,390
309,406,390,148
319,396,408,146
392,145,321,387
NaN,NaN,321,395
NaN,NaN,326,372
NaN,NaN,338,360
NaN,NaN,339,337
NaN,NaN,NaN,NaN
NaN,NaN,393,150
NaN,NaN,NaN,NaN
NaN,NaN,388,145
347,188,NaN,NaN
383,152,287,136
292,113,384,142
282,105,381,136
284,102,380,141
278,97,378,140
278,84,380,125
372,132,283,78
365,108,269,64
364,99,281,75
388,90,287,88
276,57,372,102
NaN,NaN,325,82
360,93,280,56
NaN,NaN,328,85
315,70,NaN,NaN
NaN,NaN,316,75
NaN,NaN,314,67
NaN,NaN,333,73
318,83,NaN,NaN
314,73,NaN,NaN
NaN,NaN,324,67
NaN,NaN,304,62
318,57,NaN,NaN
NaN,NaN,303,52
294,57,NaN,NaN
297,60,NaN,NaN
NaN,NaN,316,59
311,54,NaN,NaN
NaN,NaN,312,60
NaN,NaN,307,51
336,64,NaN,NaN
NaN,NaN,312,54
318,56,NaN,NaN
317,57,NaN,NaN
NaN,NaN,334,66
311,64,NaN,NaN
313,54,NaN,NaN
302,56,NaN,NaN
NaN,NaN,330,61
NaN,NaN,314,70
329,57,NaN,NaN
NaN,NaN,310,65
331,59,NaN,NaN
327,57,NaN,NaN
NaN,NaN,320,57
NaN,NaN,321,74
314,53,NaN,NaN
313,55,535,417
316,53,NaN,NaN
309,67,NaN,NaN
318,52,NaN,NaN
NaN,NaN,316,57
NaN,NaN,312,70
326,66,NaN,NaN
531,421,347,76
NaN,NaN,328,69
345,77,NaN,NaN
318,54,549,427
348,76,NaN,NaN
349,70,NaN,NaN
354,68,530,424
534,422,351,64
350,65,532,414
343,56,531,423
534,422,356,63
530,422,348,60
NaN,NaN,352,63
NaN,NaN,354,60
351,62,533,427
335,53,NaN,NaN
335,52,536,417
NaN,NaN,352,64
NaN,NaN,337,62
358,68,NaN,NaN
NaN,NaN,331,66
346,56,NaN,NaN
345,62,NaN,NaN
536,415,350,66
329,53,534,414
541,425,348,64
NaN,NaN,332,65
357,65,548,427
320,62,552,424
339,51,532,422
NaN,NaN,322,54
325,62,NaN,NaN
NaN,NaN,315,65
338,57,532,425
NaN,NaN,335,51
533,417,340,54
NaN,NaN,336,66
330,56,NaN,NaN
NaN,NaN,336,65
535,427,334,54
NaN,NaN,323,66
328,55,NaN,NaN
NaN,NaN,329,59
327,60,NaN,NaN
NaN,NaN,326,66
NaN,NaN,338,63
336,65,NaN,NaN
NaN,NaN,337,58
356,59,530,422
535,415,355,54
345,71,535,427
335,65,531,422
335,66,NaN,NaN
331,57,543,427
535,419,314,62
378,60,306,62
379,54,294,75
292,65,385,63
267,51,382,61
302,60,402,51
307,66,404,57
301,60,399,60
377,63,268,57
379,61,292,63
393,61,296,62
390,58,299,78
394,53,292,68
384,62,279,65
283,71,388,51
396,67,300,62
309,71,398,63
386,69,293,68
397,61,301,68
277,59,393,56
382,64,281,62
286,64,394,65
262,66,377,64
395,54,291,55
269,63,390,59
292,61,385,59
304,60,404,52
275,62,387,61
274,55,381,60
400,63,298,58
275,61,387,63
270,60,385,57
279,76,379,63
373,66,271,56
391,62,268,66
395,67,297,63
393,58,296,55
280,59,375,61
381,71,283,61
378,53,279,66
373,58,272,71
389,69,282,74
377,51,277,74
375,66,263,70
277,69,381,64
277,71,376,53
380,61,274,66
279,80,384,70
386,57,268,73
383,64,284,73
378,62,270,65
273,72,375,55
272,72,381,63
276,72,380,58
255,74,377,54
389,51,260,73
271,64,379,61
256,70,386,60
388,70,250,65
272,68,385,60
368,77,246,62
259,66,368,88
272,66,367,80
390,71,286,70
264,53,361,69
379,83,274,63
361,80,264,56
377,82,275,86
400,86,301,75
296,97,394,67
378,67,300,115
386,78,287,173
385,85,318,197
308,240,407,87
323,261,396,94
339,289,404,105
339,309,400,110
411,107,331,323
348,348,413,112
344,362,408,114
326,352,410,112
330,362,405,112
314,373,405,110
330,368,410,107
327,370,407,114
403,119,324,388
402,119,314,390
326,395,407,109
327,377,400,120
318,383,404,118
417,109,328,381
325,393,410,117
408,112,319,370
399,122,324,367
408,106,329,372
313,365,404,120
407,111,317,359
304,335,419,99
422,117,321,326
321,283,422,107
427,109,318,234
313,209,424,99
431,104,317,185
419,96,309,165
319,154,428,76
432,69,317,129
413,78,302,116
412,69,319,125
413,69,329,106
315,111,418,63
316,106,409,64
402,61,310,107
307,94,399,61
416,56,314,79
399,64,305,83
294,76,396,54
413,53,313,75
278,74,382,54
378,55,287,76
284,79,375,53
290,83,392,53
383,60,280,69
364,63,266,77
372,52,279,73
378,60,270,70
366,57,285,77
381,51,283,69
260,60,366,53
372,63,280,73
371,52,266,63
362,69,263,58
265,60,375,60
264,68,366,63
264,70,362,65
268,58,363,63
378,56,281,65
331,62,NaN,NaN
328,63,NaN,NaN
327,59,NaN,NaN
321,63,NaN,NaN
NaN,NaN,322,63
308,56,401,63
302,61,403,53
380,60,289,65
399,63,296,59
301,57,399,57
340,53,NaN,NaN
379,52,289,64
NaN,NaN,338,54
281,59,381,67
298,60,395,64
397,64,292,62
387,64,290,64
394,51,299,54
301,60,401,56
297,60,394,57
293,55,389,54
304,66,395,61
287,57,388,61
286,75,382,59
406,59,313,68
313,73,395,66
396,52,297,70
293,68,388,77
265,74,366,80
365,95,284,59
371,94,275,75
364,92,270,94
284,84,366,105
298,67,337,123
NaN,NaN,336,127
NaN,NaN,340,132
350,155,353,66
376,98,364,214
373,111,381,220
393,234,387,79
389,85,418,276
373,60,429,315
428,334,405,68
406,82,444,353
432,381,393,65
439,385,400,70
398,75,437,385
375,62,430,397
420,378,510,416
439,387,420,111
428,390,386,111
391,108,429,395
419,366,511,423
532,416,434,387
436,391,387,117
529,427,429,378
413,105,426,379
432,390,383,116
402,77,426,393
397,83,435,392
409,73,432,383
434,363,402,78
435,336,399,73
430,324,388,80
418,288,392,71
381,65,401,245
394,118,385,228
395,93,374,200
344,190,369,110
359,161,349,90
397,111,303,133
411,102,313,99
393,104,293,108
292,106,391,102
288,88,390,86
275,67,380,97
263,76,382,87
384,85,279,73
273,58,386,78
369,70,259,74
397,63,266,74
269,72,376,65
274,65,388,52
382,77,257,54
266,61,391,73
255,51,368,59
255,59,388,65
262,59,361,68
266,62,400,69
261,62,375,68
383,62,258,64
388,69,267,66
380,64,256,61
252,68,392,58
362,55,257,69
261,60,389,77
388,78,265,65
258,71,392,59
392,64,260,59
278,65,381,64
273,62,403,60
386,62,272,64
363,66,263,57
385,59,259,57
381,62,262,57
266,59,385,60
277,53,389,58
379,58,273,52
380,57,281,67
369,61,255,56
280,59,387,63
281,59,390,64
388,60,290,52
378,62,287,55
383,54,245,56
277,63,380,65
383,59,275,59
271,63,381,54
279,59,385,56
271,65,376,55
366,55,256,57
277,65,376,53
356,67,256,66
371,54,267,64
274,66,372,59
372,57,267,59
283,55,380,60
390,61,289,54
371,55,275,55
382,53,268,53
255,53,360,61
370,54,269,54
366,54,264,52
364,55,256,57
257,57,363,60
236,61,361,59
277,51,371,53
272,51,373,61
369,58,251,51
370,57,269,53
370,58,262,61
257,57,370,54
371,55,264,65
371,61,269,66
371,51,253,51
363,56,256,54
250,55,373,52
263,67,371,57
381,53,268,53
257,64,358,60
252,61,363,55
269,54,386,54
262,56,363,60
269,54,375,52
261,61,364,55
267,57,376,55
366,67,265,61
253,56,369,62
262,64,365,70
249,74,355,66
246,66,344,66
266,70,373,83
360,63,261,69
271,77,377,76
379,87,278,60
383,70,258,53
254,60,385,71
267,51,356,74
356,72,247,59
360,74,247,73
260,85,360,74
266,77,368,69
266,63,365,68
239,69,361,69
271,65,382,79
248,59,357,86
387,78,278,59
252,63,353,81
387,89,287,81
247,64,350,85
359,88,254,66
383,81,282,72
350,103,264,61
259,52,355,91
351,93,264,67
255,57,348,105
267,60,349,100
266,75,353,99
365,124,279,68
308,68,368,120
312,68,364,117
319,58,364,127
367,120,310,59
328,67,374,128
331,61,377,154
370,127,338,57
366,161,336,61
346,61,372,131
377,127,357,63
383,129,353,56
361,150,361,55
371,58,365,148
369,53,363,159
NaN,NaN,360,64
NaN,NaN,373,67
NaN,NaN,356,67
362,65,NaN,NaN
NaN,NaN,374,64
367,57,NaN,NaN
336,62,NaN,NaN
338,62,NaN,NaN
341,67,NaN,NaN
267,60,364,70
377,82,275,54
368,81,265,67
361,91,271,54
362,79,279,62
287,58,387,76
299,64,397,67
272,56,390,68
402,64,297,60
290,63,393,74
394,74,282,66
399,76,288,65
403,70,286,70
401,79,293,79
291,80,397,72
293,69,395,65
404,74,305,52
404,61,289,62
402,78,292,72
288,63,396,70
289,59,394,72
289,61,391,67
397,73,290,64
402,80,297,53
295,54,400,66
404,78,291,65
396,85,297,61
292,61,395,78
287,62,394,84
286,52,387,77
260,65,365,80
392,72,290,60
289,64,392,72
369,60,268,64
289,79,396,62
266,63,366,56
373,55,271,59
305,54,394,67
298,63,398,66
295,53,409,63
402,64,284,64
275,60,397,65
375,56,263,61
266,60,366,60
374,59,273,57
372,61,265,55
398,64,293,69
262,57,374,52
376,54,268,65
401,51,274,55
270,65,374,52
284,54,403,53
271,56,372,72
372,53,264,53
397,55,286,63
391,66,289,52
294,70,392,64
399,56,297,71
271,63,366,58
272,67,378,68
399,54,291,69
383,68,281,54
283,67,399,56
391,60,282,56
257,53,389,61
392,52,265,64
390,64,280,61
260,51,363,62
259,57,361,61
289,56,387,65
270,57,387,66
252,56,386,63
366,63,265,52
395,65,289,70
400,52,281,64
397,51,278,71
389,63,294,64
388,64,281,56
388,64,274,68
387,60,277,59
408,63,275,56
392,56,281,54
276,55,387,66
269,62,381,63
369,70,266,62
277,59,377,63
390,57,286,56
379,64,276,53
375,67,259,60
396,64,275,55
299,68,404,58
285,51,393,52
388,59,276,53
275,66,390,59
276,61,370,63
283,58,387,52
380,56,274,62
280,53,386,59
274,66,367,60
381,71,274,60
373,64,268,51
NaN,NaN,369,60
273,60,381,67
367,67,272,56
390,54,295,69
271,59,385,59
282,51,393,51
297,62,396,56
306,62,395,62
389,58,287,55
294,58,394,62
343,63,NaN,NaN
353,58,NaN,NaN
397,64,294,54
353,52,NaN,NaN
355,64,NaN,NaN
NaN,NaN,378,60
362,56,NaN,NaN
NaN,NaN,368,61
377,63,NaN,NaN
381,52,NaN,NaN
360,53,NaN,NaN
NaN,NaN,362,53
NaN,NaN,NaN,NaN
NaN,NaN,NaN,NaN
NaN,NaN,NaN,NaN
NaN,NaN,NaN,NaN
NaN,NaN,NaN,NaN
NaN,NaN,NaN,NaN
NaN,NaN,NaN,NaN
NaN,NaN,NaN,NaN
NaN,NaN,NaN,NaN
NaN,NaN,NaN,NaN
NaN,NaN,NaN,NaN
NaN,NaN,NaN,NaN
NaN,NaN,NaN,NaN
NaN,NaN,NaN,NaN
NaN,NaN,NaN,NaN
NaN,NaN,NaN,NaN
NaN,NaN,NaN,NaN
NaN,NaN,NaN,NaN
NaN,NaN,NaN,NaN
NaN,NaN,NaN,NaN
NaN,NaN,NaN,NaN
NaN,NaN,NaN,NaN
NaN,NaN,NaN,NaN
NaN,NaN,NaN,NaN
NaN,NaN,NaN,NaN
NaN,NaN,NaN,NaN
NaN,NaN,NaN,NaN
NaN,NaN,NaN,NaN
NaN,NaN,NaN,NaN
NaN,NaN,NaN,NaN
NaN,NaN,NaN,NaN
NaN,NaN,NaN,NaN
NaN,NaN,NaN,NaN
NaN,NaN,NaN,NaN
NaN,NaN,NaN,NaN
NaN,NaN,NaN,NaN
NaN,NaN,NaN,NaN
NaN,NaN,NaN,NaN
NaN,NaN,NaN,NaN
NaN,NaN,NaN,NaN
NaN,NaN,NaN,NaN
NaN,NaN,NaN,NaN
NaN,NaN,NaN,NaN
NaN,NaN,NaN,NaN
NaN,NaN,NaN,NaN
NaN,NaN,NaN,NaN
NaN,NaN,NaN,NaN
NaN,NaN,NaN,NaN
NaN,NaN,394,52
NaN,NaN,377,51
305,60,404,59
385,55,286,61
287,58,379,59
286,55,393,55
276,53,382,56
276,53,376,59
274,63,379,51
371,58,269,65
274,71,379,65
382,64,278,68
276,82,375,64
257,64,385,64
391,63,273,71
278,76,391,67
278,107,386,67
266,126,389,75
395,93,278,160
405,92,279,213
302,247,395,95
403,100,288,277
396,104,332,308
412,108,333,328
405,105,314,346
398,104,318,357
326,354,403,102
404,105,322,348
326,365,402,110
327,373,384,112
405,103,325,367
313,360,402,95
312,373,400,100
402,96,341,380
330,359,399,97
313,377,393,90
401,109,316,374
330,380,404,104
404,106,331,377
402,107,326,378
402,102,310,377
415,108,316,369
315,345,408,108
412,120,330,320
336,288,407,88
404,92,322,246
312,210,406,102
422,88,305,163
303,128,409,105
305,141,407,97
313,86,416,79
313,90,418,85
413,74,315,85
389,109,289,67
388,93,287,71
307,70,403,90
284,65,390,80
317,64,417,75
388,65,304,62
316,63,414,70
290,67,387,63
394,69,287,64
294,67,392,63
370,66,279,70
274,58,373,58
412,63,306,70
294,67,384,60
277,58,372,52
397,71,280,66
285,76,381,53
283,68,411,63
361,66,268,59
391,67,276,69
304,51,NaN,NaN
315,52,418,63
271,57,386,62
386,66,272,62
385,60,274,64
374,67,270,54
NaN,NaN,301,58
301,55,NaN,NaN
284,56,405,60
288,60,386,52
300,64,NaN,NaN
275,59,383,51
274,56,373,62
387,62,274,54
275,60,389,54
282,65,399,60
383,53,285,60
291,55,395,53
378,61,272,63
393,63,280,62
284,62,388,57
376,65,277,66
382,62,278,63
271,53,383,60
275,53,382,54
288,56,402,61
387,52,285,61
382,59,286,60
404,51,300,61
281,57,379,51
284,51,381,56
285,66,381,67
395,62,295,56
384,62,283,52
398,58,298,60
384,51,269,58
373,56,259,65
273,65,372,58
265,52,371,57
281,56,385,60
279,66,381,62
273,58,382,57
378,56,263,62
384,61,284,52
399,55,289,60
370,59,266,52
384,63,283,58
276,60,380,58
372,58,276,68
383,51,268,53
267,54,376,59
359,56,267,64
379,57,270,55
267,61,382,65
269,67,380,60
387,51,270,66
359,60,259,52
305,62,406,55
410,52,302,58
374,66,274,54
276,56,372,64
372,59,265,66
269,61,370,56
271,63,372,53
264,61,368,59
392,59,291,55
272,62,370,71
400,52,305,56
389,65,299,63
279,51,376,52
300,53,390,69
391,62,291,71
263,68,369,54
277,65,383,56
286,65,388,56
279,53,379,65
296,58,393,59
301,54,389,55
388,54,299,64
343,56,NaN,NaN
360,55,268,67
262,52,357,60
356,60,260,60
380,53,284,57
268,69,370,53
268,66,372,54
363,64,261,65
262,78,372,64
257,91,360,69
379,70,274,75
374,56,273,93
384,57,283,73
369,60,271,86
285,79,383,69
388,63,289,71
290,89,395,67
363,81,265,65
272,67,360,63
367,91,284,105
282,97,380,59
285,114,384,72
384,78,287,131
289,165,395,87
393,77,293,191
388,91,294,230
NaN,NaN,NaN,NaN
NaN,NaN,413,120
393,99,341,338
328,354,396,106
322,377,392,94
322,401,382,94
375,106,323,379
322,398,380,101
324,385,379,104
343,411,376,100
324,390,372,98
385,90,331,400
320,399,375,112
389,90,321,408
384,92,324,387
327,403,379,93
379,95,329,389
331,401,389,82
319,407,391,103
319,405,389,90
381,70,318,399
393,80,312,398
379,100,315,401
322,393,389,101
313,377,385,79
323,358,388,98
315,336,399,106
309,306,405,101
405,113,309,238
409,98,313,197
413,75,340,144
432,97,343,141
404,98,306,107
413,89,310,82
331,81,436,89
402,91,306,60
305,54,405,90
319,69,432,81
429,76,329,73
408,71,310,70
427,76,322,67
398,70,298,57
424,74,324,68
425,85,306,54
410,65,304,56
301,54,396,70
402,55,298,53
402,64,279,66
285,73,388,66
286,72,403,70
272,69,379,63
312,55,411,64
289,52,406,76
279,52,393,70
280,51,374,69
264,75,390,62
304,56,405,69
396,54,297,55
260,56,398,65
306,62,406,63
383,55,264,57
380,52,266,62
262,68,399,67
259,61,395,60
255,59,368,59
256,58,391,72
382,66,270,73
263,66,367,57
283,52,382,62
283,60,386,56
405,65,277,60
373,71,272,51
265,60,380,64
277,67,387,63
276,61,398,62
381,65,266,61
385,51,281,64
384,71,280,51
289,56,396,57
375,67,270,65
282,52,391,56
272,63,398,54
291,58,390,51
272,64,391,57
395,58,276,65
375,65,268,62
286,61,398,61
384,69,269,67
378,73,271,62
276,56,384,62
399,68,296,59
389,68,291,59
390,62,281,62
393,62,290,53
297,64,399,63
301,66,401,59
397,70,292,60
401,70,300,64
404,62,293,69
275,54,375,59
382,61,278,67
400,76,280,68
272,65,388,61
293,72,392,67
385,62,284,61
389,74,289,78
379,65,283,67
296,57,398,67
402,61,295,69
288,64,393,73
395,58,283,67
276,65,382,58
385,56,284,76
264,63,376,61
387,66,297,72
392,61,276,78
400,66,303,69
397,62,293,70
394,59,295,78
288,70,390,53
278,66,381,75
273,68,369,60
284,67,396,57
279,67,379,56
284,75,383,71
281,58,390,63
386,69,286,59
272,62,383,57
378,65,260,65
275,71,385,66
278,58,379,68
282,64,378,57
271,61,381,51
288,66,394,54
287,62,388,65
387,53,284,68
384,51,276,62
271,66,375,59
277,66,380,58
379,57,266,65
386,61,288,63
273,67,374,55
280,65,383,54
379,56,276,61
272,68,373,61
281,68,381,63
289,62,394,52
275,65,373,51
378,54,268,66
391,66,289,62
381,65,287,68
392,58,295,64
290,68,389,52
268,66,368,53
371,52,262,64
290,65,391,58
373,58,274,61
368,62,265,63
289,62,385,66
266,64,375,65
269,66,380,64
372,63,279,59
279,63,382,55
272,66,372,56
281,62,383,56
379,68,282,67
279,65,375,60
273,62,376,54
377,54,274,64
380,55,268,80
375,61,264,79
373,60,278,98
287,91,380,60
272,75,376,66
368,62,251,62
270,58,377,65
276,66,373,74
273,70,369,77
267,60,371,82
362,86,266,66
379,87,253,65
278,82,383,75
382,80,254,78
253,70,385,88
247,75,399,77
242,82,391,84
249,83,390,66
393,68,245,89
268,85,391,68
378,66,248,83
386,63,265,77
236,74,383,63
234,86,385,70
223,102,385,66
385,75,253,108
404,66,245,92
386,78,239,92
387,68,237,93
240,98,396,58
253,104,391,64
238,84,389,61
257,100,396,79
252,102,394,75
241,102,389,63
388,57,253,95
394,76,255,93
252,91,391,68
384,66,252,106
249,85,385,66
393,65,268,85
250,104,394,65
399,69,251,91
246,93,394,67
393,67,248,95
270,80,394,62
389,66,250,85
387,75,250,89
388,64,252,96
253,97,385,81
379,90,250,89
377,78,242,91
242,87,376,65
375,83,243,90
243,90,373,80
263,80,376,70
382,64,278,88
386,60,283,84
283,88,398,64
293,106,397,70
403,84,303,115
307,135,405,92
298,143,413,73
408,75,299,188
406,112,333,237
NaN,NaN,NaN,NaN
338,286,415,109
416,109,339,318
416,116,334,347
414,103,318,348
312,354,414,108
317,355,386,110
386,113,323,356
404,100,331,369
325,365,388,117
322,370,406,86
399,94,333,364
320,370,408,76
327,374,406,82
327,385,388,110
322,372,387,111
320,367,391,111
313,370,408,86
329,362,393,92
408,97,322,360
327,357,404,94
409,81,311,346
412,74,322,332
428,78,333,312
417,66,336,276
326,243,417,79
421,67,305,205
413,69,292,170
277,133,406,64
272,110,412,62
413,84,269,100
258,89,397,99
256,76,418,96
401,105,275,75
412,99,261,69
386,86,258,66
391,98,259,70
375,111,262,63
395,109,258,58
385,88,280,64
396,101,266,62
373,103,251,66
388,103,258,55
272,52,368,104
381,87,259,60
258,60,388,96
385,79,237,57
263,64,363,81
366,89,256,59
258,57,385,92
255,56,375,98
365,107,259,61
366,96,254,58
375,96,265,59
264,62,375,93
257,60,375,102
374,97,263,56
368,98,264,63
376,89,254,62
253,62,365,102
372,94,256,62
374,90,251,61
256,62,361,94
370,80,251,62
273,59,384,79
377,78,249,59
381,58,244,58
254,58,378,57
403,60,244,53
246,55,407,61
255,59,395,58
255,62,370,52
351,57,244,58
254,62,360,61
257,60,362,66
248,56,354,61
268,67,363,59
254,59,358,65
263,68,367,59
381,53,260,62
254,65,361,58
340,64,235,59
244,62,354,64
260,62,374,51
360,67,264,66
255,66,356,56
250,58,351,72
255,68,357,73
269,54,364,60
353,70,249,63
260,65,377,69
369,64,258,59
360,57,260,64
354,55,251,58
360,66,251,63
353,73,256,58
352,55,251,60
354,56,256,56
354,64,249,63
361,55,260,63
252,59,352,59
253,60,348,77
339,74,238,60
245,64,348,75
237,53,337,79
249,64,348,70
246,59,344,78
254,59,350,73
342,88,277,63
290,63,350,85
321,66,543,426
527,429,330,62
372,86,320,65
324,64,387,88
419,145,386,63
405,92,442,152
472,181,535,423
534,426,497,218
535,420,523,269
539,296,NaN,NaN
557,417,529,317
542,412,530,311
547,428,541,328
NaN,NaN,543,377
NaN,NaN,540,391
543,391,NaN,NaN
NaN,NaN,531,392
NaN,NaN,535,394
541,399,NaN,NaN
NaN,NaN,541,397
530,412,NaN,NaN
NaN,NaN,538,412
537,410,NaN,NaN
NaN,NaN,540,403
316,100,536,407
531,412,313,83
545,409,322,89
525,411,316,82
526,412,NaN,NaN
525,413,NaN,NaN
312,79,531,412
NaN,NaN,545,411
542,414,NaN,NaN
524,413,NaN,NaN
NaN,NaN,533,412
NaN,NaN,526,415
525,412,NaN,NaN
NaN,NaN,527,414
531,411,NaN,NaN
530,411,NaN,NaN
544,411,NaN,NaN
533,413,NaN,NaN
NaN,NaN,533,408
527,413,NaN,NaN
537,403,NaN,NaN
NaN,NaN,533,412
NaN,NaN,531,400
NaN,NaN,535,394
532,399,NaN,NaN
548,420,NaN,NaN
563,405,NaN,NaN
576,391,521,313
577,363,512,279
527,269,NaN,NaN
516,221,NaN,NaN
NaN,NaN,494,190
NaN,NaN,477,158
NaN,NaN,451,130
369,73,434,135
346,67,394,104
382,102,326,61
331,60,359,85
357,68,303,57
275,54,357,64
274,51,375,67
263,55,345,87
348,80,248,58
341,80,243,56
346,87,241,62
330,70,229,51
347,80,229,65
342,79,241,56
349,79,238,60
327,80,222,56
228,61,332,85
340,76,227,64
339,87,229,58
337,79,222,61
336,62,234,59
342,71,232,60
238,56,347,71
233,57,343,67
236,58,338,69
236,60,348,61
340,94,236,63
239,64,341,73
225,60,345,67
236,56,340,52
341,76,225,56
334,69,227,65
342,82,230,53
225,62,340,63
348,78,237,57
346,66,246,61
247,58,347,67
342,69,242,67
235,67,355,80
249,67,353,65
340,68,233,63
343,81,239,67
353,76,240,69
248,66,348,76
233,60,349,66
240,67,342,99
231,56,334,94
239,65,346,68
338,85,240,67
246,62,345,93
350,96,253,65
235,60,344,83
356,77,248,64
338,74,233,71
348,82,235,66
249,66,353,84
334,88,238,61
356,69,256,70
241,63,342,78
246,59,343,76
352,94,250,68
234,62,339,87
246,60,338,85
239,59,339,71
343,75,236,66
241,59,344,85
342,78,238,59
251,64,349,80
350,73,248,57
243,60,342,71
251,69,347,73
242,60,343,72
352,68,252,66
240,61,343,80
351,77,250,63
237,62,334,74
336,94,231,65
236,70,341,74
349,85,254,70
336,96,241,66
338,72,237,76
345,74,245,73
252,65,353,88
357,80,251,74
366,81,259,71
360,91,274,72
336,104,251,68
324,57,330,152
347,66,348,174
371,108,357,203
377,112,376,227
376,65,394,270
415,289,385,66
428,326,377,62
380,72,430,337
461,381,394,67
399,66,438,382
442,391,408,65
412,65,446,394
446,387,408,68
392,66,429,396
385,67,430,401
409,65,440,386
435,392,397,71
435,399,401,58
437,387,414,70
387,62,440,391
439,399,397,65
429,389,390,71
393,65,427,377
435,380,381,66
427,414,387,65
383,63,427,405
381,66,434,398
402,61,437,383
431,388,387,70
428,393,385,64
400,67,441,385
408,67,428,386
432,388,382,67
380,63,430,377
435,376,386,68
388,66,446,385
431,376,407,65
397,52,432,379
402,62,432,386
427,369,405,65
422,336,386,84
394,72,419,316
395,72,401,297
378,69,403,273
378,233,380,65
377,62,353,182
372,65,353,170
346,170,366,63
375,63,325,161
381,98,289,99
353,104,267,96
267,77,363,90
247,80,349,103
246,64,349,68
242,63,358,67
222,65,342,68
228,56,336,76
333,67,225,54
223,59,338,71
325,63,218,54
323,56,224,69
218,62,316,61
224,65,339,55
321,57,214,53
333,57,232,66
324,54,209,51
320,61,220,58
210,64,328,68
228,54,329,61
335,60,233,51
325,71,218,60
233,64,338,70
354,78,252,57
229,60,329,73
241,64,338,64
340,61,240,52
223,55,323,57
324,79,223,52
343,67,243,56
231,52,323,75
227,52,321,60
241,59,337,73
230,57,330,65
232,51,331,69
316,57,236,60
325,73,237,51
323,79,225,55
333,58,234,56
324,77,234,54
249,55,315,82
338,57,240,59
327,79,224,54
324,85,225,59
229,63,329,74
221,56,320,61
231,59,321,67
223,54,327,78
320,59,221,61
232,56,324,56
325,60,234,67
237,64,325,72
332,58,234,66
233,57,320,63
335,62,232,60
227,65,313,68
230,58,326,63
334,72,237,69
319,61,227,57
320,71,233,59
237,56,330,81
328,73,236,66
317,65,221,56
343,61,251,60
355,63,253,59
243,59,346,66
235,65,333,64
248,66,333,65
225,62,318,65
256,65,322,70
329,76,236,58
257,52,319,91
334,79,231,53
331,75,243,56
319,68,224,53
232,53,325,55
229,53,331,59
337,63,237,58
336,87,248,55
260,53,317,97
328,65,235,58
246,51,333,76
243,57,348,62
333,67,238,51
247,52,334,67
340,62,241,62
234,57,331,59
347,62,243,63
247,57,343,64
242,56,334,75
322,91,242,52
324,89,239,52
333,78,236,59
234,56,325,80
320,59,226,57
318,84,221,60
320,58,219,59
332,67,240,54
355,73,239,57
238,62,340,65
224,54,319,90
325,74,226,65
220,51,316,85
230,60,322,73
238,56,342,74
327,53,225,53
229,58,328,58
331,62,228,53
321,87,224,66
335,52,236,65
330,94,239,58
322,68,228,56
327,75,229,59
345,59,245,57
222,58,324,78
322,75,225,52
230,62,329,74
342,60,232,59
217,59,324,59
234,59,335,56
233,58,338,77
239,65,325,78
322,88,227,62
335,77,229,55
333,66,227,63
336,72,240,52
330,76,228,62
239,53,348,59
231,64,325,77
223,59,324,66
231,60,327,74
333,68,224,58
228,63,326,79
229,62,322,66
221,52,325,79
225,59,315,76
250,63,350,61
329,65,236,62
226,53,326,67
347,68,248,59
241,55,342,71
339,66,237,55
335,62,243,53
353,56,254,65
250,65,345,60
330,69,247,54
334,71,238,60
232,58,331,62
229,59,331,57
226,57,321,84
237,62,324,59
310,71,241,52
329,70,231,65
344,62,241,55
255,56,351,54
236,62,327,54
234,56,333,61
323,58,240,65
328,62,231,68
365,56,256,60
240,62,338,64
364,54,264,61
369,51,272,57
353,58,265,72
275,59,372,67
383,62,279,64
364,56,268,58
270,55,385,53
378,67,286,62
399,64,301,60
262,63,394,68
269,67,387,85
285,66,383,99
386,93,290,55
374,111,291,64
296,57,387,88
394,77,300,53
302,65,397,75
296,58,398,80
290,63,394,80
394,69,292,61
291,65,393,85
388,68,285,55
394,84,309,62
391,70,292,66
396,69,302,61
389,68,293,51
282,51,389,64
290,59,389,74
311,54,393,81
392,86,291,60
307,62,389,90
305,68,399,94
288,52,391,87
393,90,301,62
396,75,300,64
288,54,382,75
292,59,371,63
370,76,302,60
380,74,308,59
392,58,302,65
376,77,294,52
394,69,304,59
293,64,386,79
295,61,378,71
297,70,389,61
390,72,298,72
401,77,302,65
369,80,292,61
368,87,281,69
382,87,280,63
380,99,288,81
289,104,377,78
386,83,286,111
305,167,378,73
378,96,305,194
367,90,305,188
299,241,371,95
299,275,375,96
374,97,313,300
323,310,377,86
336,345,374,93
374,92,325,355
337,357,369,74
371,64,326,369
328,376,372,64
370,80,347,376
328,373,369,77
380,66,342,379
319,379,369,81
334,378,364,71
320,386,362,62
367,66,325,389
328,394,370,82
372,92,314,385
317,373,367,65
316,381,372,73
372,66,313,368
371,77,320,372
308,338,378,75
322,326,371,91
308,307,379,93
288,277,388,79
377,103,266,245
380,97,248,174
248,185,379,94
382,108,250,156
382,97,247,143
380,99,266,141
381,92,252,131
376,99,266,125
293,130,381,93
293,112,387,78
296,114,391,87
294,112,375,87
285,101,376,81
379,69,289,97
289,96,375,74
269,93,369,81
289,87,373,65
365,73,292,85
373,76,277,76
288,88,374,75
299,86,394,63
285,84,365,74
284,85,378,70
273,80,368,65
279,76,368,70
381,69,282,74
273,80,356,66
280,86,363,68
363,72,270,76
294,78,364,61
263,76,361,64
394,70,299,76
285,71,361,63
283,77,360,64
368,69,274,73
358,59,288,73
284,82,363,74
359,67,274,78
389,82,289,78
280,76,371,71
262,78,359,69
355,73,284,81
305,78,355,63
293,79,355,66
357,73,270,76
293,85,345,72
358,61,299,87
285,81,352,77
352,83,290,75
357,57,299,80
303,91,342,62
273,89,351,69
269,83,350,80
276,86,353,83
299,93,352,75
348,73,276,88
294,80,383,81
297,94,351,62
350,88,296,81
349,92,285,77
374,86,282,82
270,80,351,92
266,77,346,94
257,86,356,87
282,76,379,93
394,86,298,80
294,75,346,100
299,78,346,107
353,84,265,87
356,93,272,81
357,100,301,83
356,101,295,75
357,111,305,79
361,102,302,79
340,104,294,78
293,74,363,106
347,104,302,86
355,109,282,80
294,87,352,114
369,87,276,96
263,111,359,103
264,114,367,110
233,141,354,106
195,146,356,98
180,202,355,102
174,228,358,108
160,265,362,110
353,96,143,271
360,87,137,315
352,105,124,321
358,116,133,342
365,102,131,338
363,91,126,354
124,366,345,102
363,92,130,361
360,117,123,362
125,366,357,105
126,371,352,101
122,377,356,88
131,355,354,102
128,356,354,99
359,108,121,371
121,362,353,101
360,93,122,360
356,92,135,358
358,93,136,368
135,360,362,88
125,373,353,89
357,108,113,370
119,344,357,98
362,99,129,360
359,89,124,364
116,360,355,90
347,96,127,373
353,91,130,368
358,86,134,369
354,90,123,365
124,360,351,92
351,106,113,357
360,95,139,370
360,86,117,358
124,344,363,101
126,332,361,98
355,106,132,302
354,95,138,293
140,272,361,110
160,240,356,107
176,204,356,102
195,177,358,113
359,90,202,152
362,97,216,125
350,88,225,107
349,83,214,103
225,90,363,107
236,84,367,77
245,78,360,97
360,87,251,85
361,87,224,80
240,77,364,86
367,83,250,72
247,77,359,92
242,80,352,84
365,81,253,84
241,82,367,79
366,82,252,77
255,84,361,97
364,87,256,75
365,89,254,90
368,93,252,88
253,86,371,92
252,92,374,87
363,86,253,86
240,98,368,86
371,90,259,91
250,95,372,79
247,100,373,86
245,96,368,85
242,87,369,85
373,84,233,102
260,92,366,84
235,111,362,84
360,83,247,95
362,89,248,91
251,96,355,71
367,84,248,99
373,86,246,100
251,108,365,83
368,95,248,100
244,107,380,72
245,100,371,90
381,106,246,103
357,85,252,107
356,78,248,108
357,86,236,100
247,90,361,88
364,98,250,107
373,82,245,105
235,103,360,84
357,91,248,106
243,107,355,82
360,89,245,106
355,83,241,106
243,108,373,88
371,81,259,106
243,119,371,83
256,113,359,89
237,106,370,86
229,111,368,88
236,112,360,83
238,111,370,86
250,109,359,81
360,85,239,104
370,84,245,100
246,114,369,91
366,86,236,105
370,81,242,125
248,114,356,88
373,89,247,112
375,77,240,113
243,106,376,91
371,90,248,107
243,111,360,90
363,96,238,113
374,84,255,103
360,86,258,114
259,109,369,92
244,109,360,87
NaN,NaN,249,111
242,106,373,77
370,81,248,114
236,109,372,83
365,86,247,105
370,87,258,114
365,90,246,118
360,89,244,108
369,82,235,117
241,101,370,84
257,110,372,88
370,79,241,105
242,109,370,76
248,105,368,80
370,81,245,118
368,79,254,107
239,104,375,78
370,79,239,96
379,82,241,101
225,109,387,76
252,84,387,79
390,79,246,81
278,97,386,67
297,107,398,69
327,164,395,71
355,187,400,74
395,70,360,217
399,64,379,248
405,70,394,278
393,291,402,73
403,79,413,323
402,64,438,347
437,354,404,69
422,388,402,78
416,81,434,380
401,74,436,380
435,386,400,74
424,380,399,86
432,388,395,77
399,79,430,379
404,82,429,376
412,94,427,389
433,385,417,71
422,383,404,70
418,73,427,391
425,378,402,82
428,382,409,64
438,381,408,90
405,78,443,386
424,385,399,79
426,384,409,96
404,69,432,396
428,381,412,83
404,77,433,381
393,68,416,344
421,325,397,82
420,312,400,76
405,73,387,276
395,230,411,83
407,77,366,205
362,190,407,59
397,81,342,167
355,168,401,83
411,87,316,144
325,151,405,89
404,90,304,130
396,101,293,135
265,131,384,98
289,94,398,94
269,98,376,94
381,107,282,106
373,105,263,86
259,91,366,110
251,105,362,104
363,104,255,108
263,89,363,102
357,105,241,82
236,75,356,94
357,101,256,97
261,105,353,98
253,109,358,91
248,94,351,103
349,86,227,75
245,97,347,91
244,91,348,97
347,101,241,88
244,93,345,88
246,83,355,92
349,96,233,80
350,98,245,80
355,101,256,97
346,98,250,87
340,96,278,78
339,101,268,78
344,109,283,80
273,65,344,97
284,81,351,104
345,99,265,78
350,110,269,71
346,97,271,73
299,79,346,115
285,83,351,94
346,106,278,77
347,97,276,64
351,112,284,72
348,117,280,67
344,111,297,70
277,77,341,101
354,95,286,74
348,102,292,55
292,74,354,114
344,95,263,74
274,76,352,91
351,96,261,74
283,86,344,104
344,97,294,79
348,95,288,84
292,76,356,104
350,83,298,96
360,93,278,85
286,112,354,91
294,114,355,84
279,98,364,89
355,97,277,92
283,92,359,96
347,94,271,96
288,94,354,95
263,91,350,86
271,84,353,97
275,75,352,96
357,87,279,76
347,93,281,77
287,65,343,99
285,63,358,96
291,70,354,97
290,61,354,93
347,97,272,62
278,59,348,101
353,107,290,60
364,74,291,62
301,57,351,94
288,60,354,78
362,76,285,52
277,55,377,67
370,81,289,57
393,80,294,53
358,70,270,62
369,73,282,59
274,54,365,70
288,59,391,72
271,51,367,61
294,60,393,63
378,67,279,54
363,73,268,55
365,60,272,58
291,60,393,71
299,60,376,73
379,69,280,55
292,53,383,82
287,52,365,80
364,80,275,57
264,52,365,73
286,60,386,66
265,60,362,82
261,51,356,84
282,56,377,79
273,53,372,62
278,53,362,60
294,54,355,84
291,55,355,88
287,60,372,83
273,59,357,80
367,83,282,53
356,94,284,52
357,75,283,59
279,56,377,73
379,66,275,55
287,54,389,59
384,62,280,52
275,51,367,86
279,54,364,61
358,90,291,51
275,57,360,75
356,89,288,58
271,66,370,83
358,79,269,54
357,91,280,61
270,62,353,74
370,83,279,61
350,74,264,59
363,60,265,68
362,74,283,64
360,77,271,60
284,60,370,84
358,77,265,68
361,74,282,62
356,80,268,66
273,65,372,84
374,78,280,67
375,75,282,63
358,91,274,65
286,59,363,89
356,92,285,60
285,64,363,59
364,75,285,54
274,58,363,85
386,84,292,54
357,72,292,63
382,72,288,56
367,86,287,53
363,76,281,54
276,58,374,67
286,60,367,71
364,61,267,58
274,55,369,64
272,52,363,72
379,65,280,53
371,76,276,60
275,58,369,81
373,71,278,64
374,67,274,54
263,58,362,67
385,67,285,57
257,57,356,52
277,54,381,62
386,70,280,57
271,62,364,67
264,61,360,71
380,70,281,54
260,56,355,69
263,53,361,73
276,58,385,62
386,64,279,63
371,62,273,51
362,75,265,59
395,64,294,65
274,55,372,61
270,55,358,76
268,60,368,64
358,71,266,60
384,77,285,57
363,70,270,59
379,73,284,51
288,61,379,75
282,57,380,80
382,76,286,59
284,59,385,63
378,81,279,59
387,65,285,65
289,67,395,82
384,87,277,60
380,79,277,62
379,77,277,66
388,83,282,61
384,72,284,60
357,67,261,57
288,62,393,71
273,61,359,61
278,56,372,53
293,53,400,66
373,72,283,57
356,64,259,56
281,54,373,71
390,66,287,60
280,62,378,70
274,66,365,61
270,66,356,61
344,65,264,53
350,61,272,58
359,74,264,61
354,78,262,65
371,74,268,70
282,65,378,69
368,69,279,60
378,72,289,67
277,66,381,77
379,78,280,58
272,66,364,88
359,82,266,55
263,58,359,79
385,72,285,67
377,77,276,68
278,66,386,78
293,58,383,76
267,68,367,60
288,66,389,66
263,62,360,62
386,63,291,68
254,64,351,64
267,60,368,85
357,69,267,66
271,56,361,71
283,68,362,64
384,66,291,64
381,75,281,61
363,81,276,70
358,86,264,66
361,76,264,66
274,68,364,91
269,74,362,103
385,97,289,72
273,68,367,102
366,97,271,65
373,131,275,66
381,114,273,67
281,68,397,126
274,65,389,126
268,69,384,113
387,136,265,63
380,136,267,66
386,145,273,59
271,59,382,123
277,59,382,134
382,136,268,62
383,128,271,65
276,68,388,129
383,126,272,60
285,65,391,130
286,58,390,126
277,55,384,122
385,131,284,65
282,64,387,124
385,127,288,56
377,138,283,60
393,133,290,61
394,141,294,58
290,62,388,108
391,120,298,56
300,60,392,113
308,56,413,112
304,62,407,104
322,61,412,79
411,80,326,64
311,53,411,78
410,70,333,65
418,75,344,62
413,56,382,84
419,59,362,66
379,85,412,54
361,51,423,64
356,60,415,78
408,89,378,64
421,81,317,54
321,61,424,74
414,90,310,60
282,59,421,94
419,90,280,71
273,84,414,93
407,89,277,68
414,100,291,79
297,83,411,91
412,94,294,70
420,103,282,71
294,78,406,97
402,102,289,76
285,71,406,98
391,95,287,79
402,77,305,84
396,84,288,74
391,99,295,81
391,95,291,74
390,103,271,70
393,95,283,74
273,72,396,100
393,99,294,64
384,95,273,66
386,105,282,70
283,55,389,92
270,76,393,97
262,94,397,103
398,105,248,84
380,99,232,77
390,107,252,115
394,109,250,149
398,108,231,208
399,105,215,249
225,291,391,112
220,350,395,108
215,348,397,112
396,107,231,376
396,115,220,386
215,390,389,101
401,97,225,392
402,100,222,397
400,112,210,412
214,415,398,96
232,411,393,100
227,416,397,92
231,403,386,105
395,108,238,405
217,419,397,112
208,414,392,100
406,108,218,415
218,420,385,107
227,397,396,110
391,101,213,411
386,108,232,418
385,97,230,410
220,405,390,102
211,410,390,97
389,92,222,421
392,100,215,420
389,101,210,416
215,405,399,92
398,104,210,414
213,400,401,96
400,89,216,383
407,108,232,388
216,365,395,112
228,354,402,97
239,354,395,108
375,104,225,303
229,261,385,108
255,239,390,98
388,96,264,184
263,152,397,105
377,102,271,122
272,102,405,88
402,100,272,94
272,66,385,93
393,103,267,75
264,57,395,98
393,94,277,79
393,95,274,67
397,100,281,62
379,95,269,58
245,55,397,86
387,82,267,65
262,66,386,73
290,56,396,68
389,78,274,65
371,66,275,53
386,61,289,64
285,56,375,69
388,64,288,55
360,54,NaN,NaN
337,61,NaN,NaN
NaN,NaN,353,56
NaN,NaN,342,56
319,62,NaN,NaN
383,58,291,51
377,52,303,60
291,60,390,55
274,51,370,62
374,56,275,56
293,56,389,64
287,56,387,55
302,52,392,56
377,56,298,54
294,53,389,51
279,51,369,59
378,60,281,52
298,54,380,53
287,53,378,62
291,53,374,55
NaN,NaN,359,62
344,55,NaN,NaN
370,58,281,51
346,60,NaN,NaN
NaN,NaN,355,57
350,63,NaN,NaN
349,54,NaN,NaN
280,53,367,54
NaN,NaN,335,61
272,51,364,53
380,52,280,53
303,51,NaN,NaN
337,57,NaN,NaN
360,51,280,56
NaN,NaN,316,62
NaN,NaN,313,58
314,58,NaN,NaN
NaN,NaN,317,56
311,58,NaN,NaN
333,61,NaN,NaN
NaN,NaN,323,60
NaN,NaN,318,59
NaN,NaN,316,58
320,55,NaN,NaN
333,55,NaN,NaN
NaN,NaN,333,64
NaN,NaN,324,58
319,63,NaN,NaN
326,60,NaN,NaN
319,65,NaN,NaN
NaN,NaN,333,57
318,56,NaN,NaN
NaN,NaN,333,58
317,54,NaN,NaN
319,65,NaN,NaN
NaN,NaN,328,52
312,56,NaN,NaN
NaN,NaN,321,55
316,55,NaN,NaN
NaN,NaN,330,58
NaN,NaN,329,56
NaN,NaN,333,59
316,53,NaN,NaN
322,60,NaN,NaN
316,53,NaN,NaN
NaN,NaN,327,56
NaN,NaN,319,57
NaN,NaN,323,53
NaN,NaN,322,63
NaN,NaN,321,60
306,57,NaN,NaN
NaN,NaN,314,62
NaN,NaN,316,65
255,60,349,59
245,56,335,67
242,61,342,51
335,53,247,58
216,59,336,55
224,59,324,57
214,57,311,60
236,57,319,68
231,54,325,51
330,60,238,65
222,52,322,66
298,58,203,52
222,59,323,64
317,57,226,60
195,57,302,64
308,57,214,68
312,58,208,57
NaN,NaN,290,57
307,58,NaN,NaN
NaN,NaN,303,63
320,54,NaN,NaN
315,60,NaN,NaN
NaN,NaN,309,53
NaN,NaN,313,56
NaN,NaN,305,60
NaN,NaN,314,51
NaN,NaN,310,54
NaN,NaN,308,53
298,52,NaN,NaN
NaN,NaN,300,59
NaN,NaN,292,57
295,52,NaN,NaN
NaN,NaN,310,57
NaN,NaN,305,53
309,51,NaN,NaN
298,53,NaN,NaN
NaN,NaN,289,52
319,56,NaN,NaN
NaN,NaN,301,60
NaN,NaN,294,60
NaN,NaN,304,56
301,54,NaN,NaN
307,55,NaN,NaN
NaN,NaN,306,52
NaN,NaN,296,55
NaN,NaN,315,51
307,58,NaN,NaN
NaN,NaN,306,63
NaN,NaN,304,52
305,56,NaN,NaN
314,62,NaN,NaN
361,55,272,53
278,64,362,56
287,59,384,55
384,55,297,68
281,62,379,54
290,59,386,63
294,62,398,77
282,60,381,69
295,70,393,58
286,60,389,53
310,60,402,62
280,62,388,67
398,72,303,62
299,64,395,59
292,69,391,56
392,54,299,65
400,67,297,64
310,53,399,72
397,73,309,56
294,60,391,76
300,53,382,68
298,60,399,78
298,56,399,72
310,53,386,64
389,65,313,52
410,63,309,58
288,61,388,75
394,52,292,63
388,78,278,68
278,65,383,59
386,68,283,60
371,68,262,57
277,59,374,76
265,60,370,94
355,93,252,64
363,100,268,64
369,100,262,65
272,61,371,105
268,79,369,91
261,57,361,101
270,69,353,96
359,102,266,56
359,92,264,71
361,104,255,69
355,96,266,72
375,99,272,73
351,88,247,61
374,90,266,66
271,62,377,77
266,52,366,68
379,53,258,56
382,62,254,55
388,67,261,61
269,54,395,57
386,63,265,59
387,66,269,62
275,53,386,63
383,67,265,51
382,58,NaN,NaN
370,55,NaN,NaN
383,66,NaN,NaN
NaN,NaN,388,64
413,54,278,51
387,54,285,51
273,52,376,67
383,63,279,51
260,51,389,64
265,57,386,60
293,56,387,63
388,63,274,57
387,66,285,57
377,60,276,55
259,56,360,55
393,58,288,66
272,60,380,60
263,52,370,64
372,69,265,71
262,74,371,72
381,73,247,72
261,93,370,84
372,86,246,79
249,87,377,86
375,100,249,104
261,99,384,83
380,76,261,116
386,84,256,116
383,74,262,133
403,83,259,128
268,136,385,76
394,79,276,132
273,141,392,69
388,85,265,131
394,65,280,139
391,81,264,121
385,71,241,114
391,75,241,110
394,72,235,94
250,80,382,72
399,72,224,76
243,64,383,66
386,72,279,60
260,62,376,65
303,56,390,68
308,60,390,78
383,82,293,55
297,55,382,66
304,60,405,73
395,58,301,59
309,63,391,54
382,63,293,67
292,56,382,63
393,78,300,58
318,60,411,70
390,76,298,58
395,68,298,58
316,56,382,70
320,59,383,78
303,56,381,64
390,72,316,64
320,61,380,79
382,61,315,59
386,72,313,62
315,54,377,76
322,61,398,72
377,68,326,62
387,73,305,62
326,58,386,73
386,71,314,58
375,65,310,61
371,62,331,67
318,52,385,74
312,68,372,63
326,60,378,78
383,79,320,58
329,60,391,68
325,64,386,66
376,64,327,73
311,60,375,69
325,62,379,68
381,66,327,64
333,75,393,58
332,73,380,64
369,74,335,64
321,52,370,71
393,72,317,60
372,60,334,72
330,68,382,57
384,70,327,63
384,65,320,62
332,52,378,74
336,58,371,72
383,63,324,60
392,67,318,63
333,60,373,71
377,72,309,63
389,64,305,58
384,63,306,61
372,66,308,63
387,77,303,60
315,61,404,68
370,70,312,58
402,65,317,59
334,61,387,68
312,54,379,73
383,65,313,57
312,61,409,69
304,64,382,61
407,61,314,64
312,57,396,70
369,74,325,53
386,80,327,60
290,62,375,68
298,59,392,72
376,70,294,59
384,64,298,52
318,62,406,67
423,62,323,63
386,65,312,62
381,69,311,53
374,61,282,55
400,64,308,59
304,54,383,61
368,60,289,64
301,58,368,66
306,57,379,64
295,62,365,53
313,61,381,64
363,64,276,53
378,64,279,56
273,59,362,70
382,62,287,61
365,64,287,61
278,62,368,58
286,68,386,53
396,53,306,63
352,63,288,58
291,64,353,51
286,62,NaN,NaN
NaN,NaN,292,58
292,64,NaN,NaN
NaN,NaN,291,58
NaN,NaN,291,63
285,53,NaN,NaN
NaN,NaN,267,61
NaN,NaN,260,55
262,59,NaN,NaN
250,57,NaN,NaN
249,60,NaN,NaN
NaN,NaN,257,54
NaN,NaN,269,52
NaN,NaN,248,60
NaN,NaN,260,60
NaN,NaN,269,58
259,56,NaN,NaN
262,52,NaN,NaN
275,51,NaN,NaN
NaN,NaN,267,59
NaN,NaN,279,54
NaN,NaN,276,53
NaN,NaN,283,59
285,55,NaN,NaN
NaN,NaN,281,60
272,58,NaN,NaN
NaN,NaN,285,60
288,59,NaN,NaN
277,60,NaN,NaN
275,57,NaN,NaN
NaN,NaN,297,56
NaN,NaN,291,59
294,56,NaN,NaN
NaN,NaN,NaN,NaN
NaN,NaN,NaN,NaN
NaN,NaN,NaN,NaN
NaN,NaN,NaN,NaN
NaN,NaN,NaN,NaN
NaN,NaN,NaN,NaN
NaN,NaN,NaN,NaN
NaN,NaN,NaN,NaN
NaN,NaN,NaN,NaN
NaN,NaN,NaN,NaN
NaN,NaN,NaN,NaN
NaN,NaN,NaN,NaN
NaN,NaN,NaN,NaN
NaN,NaN,NaN,NaN
NaN,NaN,NaN,NaN
NaN,NaN,NaN,NaN
NaN,NaN,NaN,NaN
NaN,NaN,NaN,NaN
NaN,NaN,NaN,NaN
NaN,NaN,NaN,NaN
NaN,NaN,NaN,NaN
NaN,NaN,NaN,NaN
NaN,NaN,NaN,NaN
NaN,NaN,NaN,NaN
NaN,NaN,NaN,NaN
237,64,NaN,NaN
NaN,NaN,246,57
453,52,243,68
447,55,261,66
437,83,251,59
436,101,239,64
421,78,251,63
431,85,246,69
235,63,436,88
237,71,434,89
416,102,237,63
238,65,417,93
424,89,239,71
229,69,438,86
431,86,250,68
430,88,254,73
253,69,437,85
417,93,244,71
428,84,246,69
252,72,428,89
424,76,226,71
257,62,420,77
410,72,264,55
421,70,271,56
424,63,266,54
276,69,414,63
271,81,436,61
434,59,268,56
431,61,287,65
276,62,431,61
278,56,413,52
429,58,286,59
434,62,290,54
282,56,428,61
286,65,438,60
423,62,293,52
424,59,290,51
276,54,411,61
288,60,411,51
287,53,401,51
292,59,402,58
429,53,281,51
401,53,282,58
289,56,396,53
298,56,402,51
299,64,426,59
295,55,415,55
399,60,284,62
273,66,415,64
287,63,414,64
414,61,279,65
275,59,437,57
264,56,431,57
417,54,263,55
287,58,433,64
288,54,446,73
427,64,275,66
277,62,431,64
422,59,268,61
271,57,445,64
441,70,269,60
432,68,271,66
437,67,278,54
285,62,429,53
433,56,281,55
439,52,275,61
273,56,435,61
419,64,279,52
432,66,268,60
271,59,408,64
278,57,414,65
288,61,426,60
286,66,423,64
276,58,418,61
288,64,426,63
271,57,421,68
429,63,283,68
416,74,271,59
259,53,416,63
280,61,420,74
257,51,440,72
268,51,383,84
256,63,414,71
413,60,257,63
415,65,263,60
422,60,286,65
440,63,274,60
277,59,433,66
274,59,414,71
438,57,291,60
290,60,431,61
419,63,286,58
433,69,291,62
280,61,418,70
286,60,411,64
289,61,418,57
431,57,281,59
281,70,423,52
275,61,411,57
287,64,411,64
409,59,272,59
420,61,282,64
275,68,420,65
274,65,420,60
269,69,414,60
283,69,423,55
274,67,430,56
425,69,285,65
284,67,408,64
426,59,287,65
277,63,426,62
436,58,291,64
435,66,295,62
297,62,432,59
298,59,432,69
431,58,302,58
287,58,445,61
287,62,437,63
NaN,NaN,294,64
300,64,NaN,NaN
NaN,NaN,301,53
303,51,NaN,NaN
NaN,NaN,298,68
300,67,NaN,NaN
284,56,NaN,NaN
NaN,NaN,286,59
292,51,NaN,NaN
288,53,NaN,NaN
NaN,NaN,284,57
261,65,NaN,NaN
241,58,NaN,NaN
NaN,NaN,220,55
NaN,NaN,218,62
NaN,NaN,210,63
200,59,NaN,NaN
200,58,NaN,NaN
185,58,NaN,NaN
NaN,NaN,187,58
NaN,NaN,189,59
NaN,NaN,188,60
185,59,NaN,NaN
188,61,NaN,NaN
NaN,NaN,189,57
NaN,NaN,188,55
NaN,NaN,191,60
NaN,NaN,NaN,NaN
NaN,NaN,NaN,NaN
NaN,NaN,NaN,NaN
NaN,NaN,NaN,NaN
NaN,NaN,224,54
431,61,227,56
425,67,221,57
439,71,228,58
232,62,422,67
237,65,442,65
437,69,224,63
442,74,226,65
263,56,443,78
429,77,248,52
445,81,246,68
260,62,435,81
434,84,237,60
253,62,438,88
258,63,436,85
265,66,430,85
248,64,434,92
244,67,437,96
442,90,258,62
238,67,439,95
265,62,437,98
236,58,427,92
256,61,430,98
442,93,248,53
258,58,448,85
246,66,443,88
424,90,269,60
430,90,247,66
250,56,446,91
437,78,236,65
250,54,445,72
441,78,249,56
442,64,252,51
247,61,428,62
458,57,255,56
266,51,456,62
271,59,454,52
455,58,NaN,NaN
NaN,NaN,433,63
