344,163,NaN,NaN
337,164,NaN,NaN
NaN,NaN,342,165
NaN,NaN,342,168
344,167,NaN,NaN
344,163,NaN,NaN
344,167,NaN,NaN
NaN,NaN,338,166
NaN,NaN,336,164
327,167,389,176
399,188,299,174
410,189,296,172
407,185,265,168
410,192,252,159
252,195,420,203
423,217,273,172
410,215,262,179
276,192,419,209
406,195,282,187
406,210,267,191
284,194,404,196
399,191,279,186
411,197,291,179
277,178,406,192
281,174,409,193
399,179,283,173
288,168,404,187
390,179,280,157
275,145,395,158
394,155,281,142
283,140,400,161
283,135,387,157
391,146,277,127
390,136,275,122
284,129,386,118
401,113,290,106
284,104,378,117
286,84,368,100
NaN,NaN,349,93
352,85,NaN,NaN
NaN,NaN,347,88
NaN,NaN,354,94
NaN,NaN,358,86
357,105,NaN,NaN
NaN,NaN,360,85
NaN,NaN,369,86
369,69,NaN,NaN
361,73,NaN,NaN
400,66,351,95
346,102,402,61
409,52,352,96
358,98,397,52
428,56,359,82
NaN,NaN,386,65
NaN,NaN,382,69
NaN,NaN,378,64
397,69,NaN,NaN
NaN,NaN,386,81
379,63,NaN,NaN
403,93,369,53
395,104,362,57
387,116,311,66
302,75,400,127
298,89,414,113
291,93,399,107
415,115,286,98
420,112,277,121
414,112,278,132
395,117,293,143
424,117,287,138
310,134,416,123
430,130,302,137
422,134,298,140
299,136,452,151
301,139,460,175
511,240,301,143
530,261,290,134
544,291,291,150
307,136,549,338
294,138,543,352
293,140,545,358
538,380,293,134
300,145,537,351
539,356,292,139
541,390,285,140
540,387,304,135
293,133,535,387
537,357,299,142
544,405,302,142
312,135,540,383
537,364,297,140
300,136,538,388
531,372,312,143
539,387,290,143
539,389,297,138
297,141,542,406
315,138,534,384
299,146,542,386
283,137,535,406
544,398,309,136
294,143,548,287
522,264,301,134
523,228,300,128
497,214,292,145
489,192,300,128
279,136,513,161
474,137,284,137
293,137,505,136
291,135,490,118
490,116,277,141
291,130,476,105
282,121,469,113
455,101,283,113
445,107,281,120
444,91,295,116
430,100,307,126
316,127,420,84
410,90,307,126
412,95,315,111
414,96,309,118
409,100,314,113
323,123,414,108
423,103,313,123
305,137,410,109
426,116,323,126
422,116,313,119
317,122,427,127
422,128,299,120
292,118,441,152
468,157,304,128
481,178,292,120
485,203,289,123
527,268,285,129
543,263,533,366
549,382,545,282
537,400,548,310
550,377,298,132
296,116,538,385
543,405,286,126
299,138,549,391
293,125,537,373
300,126,546,409
309,118,544,400
534,406,311,119
539,389,302,132
534,383,314,126
304,127,539,388
546,382,289,128
531,403,304,120
534,375,297,125
309,122,534,358
314,119,551,325
541,311,311,119
533,287,293,126
309,121,509,260
301,121,493,249
497,215,304,122
489,197,295,122
492,185,303,125
481,174,285,119
283,132,472,166
461,167,282,125
295,125,449,150
279,121,444,162
287,123,442,155
432,154,279,127
277,121,426,156
411,162,285,123
284,136,415,175
292,133,405,155
295,127,409,162
402,147,291,130
413,151,285,127
285,133,404,146
413,145,282,129
301,138,413,145
292,128,396,148
279,135,409,156
297,133,411,151
403,148,283,120
413,151,293,130
412,152,300,135
294,129,403,151
399,139,300,135
399,151,301,136
295,126,408,146
398,141,291,120
400,132,284,135
291,130,390,156
297,125,401,127
279,128,397,127
306,138,407,137
294,130,395,146
291,123,400,142
399,133,289,132
274,126,393,138
266,125,408,147
405,147,253,128
409,147,264,124
401,141,287,127
275,127,400,140
282,131,398,151
310,128,409,147
402,151,306,136
401,143,294,125
297,128,405,145
399,156,292,129
409,135,304,124
313,134,412,143
309,131,407,131
390,142,289,128
304,130,406,129
395,126,301,126
302,122,406,136
302,132,405,135
401,128,290,122
413,136,307,134
289,125,399,130
395,142,291,130
396,135,292,129
406,136,307,134
294,132,398,144
303,137,406,135
302,134,400,139
285,114,396,144
282,109,404,157
277,94,405,145
411,142,274,95
399,166,284,98
406,150,277,99
284,102,404,155
403,149,285,131
293,160,407,159
399,150,292,205
401,149,288,228
294,281,407,149
312,315,403,156
399,156,305,342
311,339,404,153
405,148,313,359
323,371,403,150
399,165,312,356
402,157,312,364
402,159,310,347
310,348,406,152
311,345,402,161
308,347,404,158
309,371,400,164
402,146,307,357
401,158,306,353
310,361,402,160
402,162,317,364
315,361,403,165
315,374,402,169
306,352,399,155
302,353,404,155
309,355,405,150
311,363,400,146
403,152,326,358
409,156,316,344
306,313,407,152
302,274,402,154
296,243,402,152
412,169,299,221
406,152,296,201
296,179,405,171
396,173,296,169
301,161,409,169
404,155,303,138
311,153,418,157
410,151,305,146
302,141,421,158
299,149,417,156
416,150,306,142
422,151,309,145
311,136,412,159
301,146,408,156
408,155,309,137
313,137,417,160
320,145,419,155
411,164,309,136
320,128,418,165
424,144,325,142
311,133,411,159
321,132,423,163
305,128,402,148
421,163,320,140
414,147,312,119
335,122,437,157
427,153,320,113
434,156,323,123
429,158,314,114
424,152,305,122
306,129,427,147
316,130,421,144
422,143,320,135
327,134,428,147
413,141,311,136
417,125,NaN,NaN
419,143,317,131
412,130,NaN,NaN
409,121,NaN,NaN
397,140,NaN,NaN
407,124,NaN,NaN
NaN,NaN,406,126
421,141,NaN,NaN
NaN,NaN,401,143
448,129,345,124
410,127,NaN,NaN
429,117,328,119
310,129,408,141
305,124,413,133
318,121,417,136
329,120,419,129
414,133,321,116
312,117,416,127
319,111,419,127
431,119,334,113
311,113,414,121
430,113,334,116
333,108,432,112
312,106,411,118
337,116,441,114
340,114,421,111
398,106,300,100
407,105,303,101
413,108,326,92
301,91,399,102
399,101,303,92
407,111,306,75
405,115,313,85
311,90,411,119
413,123,311,84
410,123,312,97
316,91,410,139
320,97,407,136
305,102,382,148
382,160,309,121
355,94,379,192
373,111,368,210
399,134,378,234
406,146,392,264
413,286,392,171
425,324,426,176
424,154,428,341
425,335,444,425
424,369,NaN,NaN
438,157,433,363
428,161,425,365
429,150,424,371
415,143,426,374
410,150,428,372
423,146,424,379
423,147,423,370
423,381,417,143
424,371,423,138
425,377,420,138
434,371,NaN,NaN
410,144,434,366
432,142,429,380
428,376,422,134
436,365,413,139
422,141,433,374
431,370,418,141
428,150,432,366
412,152,421,357
427,356,430,162
411,179,415,340
423,326,398,185
408,297,397,180
387,178,388,277
370,161,388,258
312,177,415,191
310,163,404,179
309,155,413,164
397,173,305,132
299,135,399,160
282,105,384,155
271,100,381,140
288,95,397,137
287,107,390,150
285,99,402,151
399,134,277,100
417,135,284,119
281,97,407,144
401,154,280,105
281,121,402,145
402,126,300,100
282,114,412,126
289,111,411,139
289,100,392,142
406,139,292,95
400,122,297,105
397,135,297,103
407,134,309,105
301,97,396,123
400,127,299,86
297,101,394,125
393,141,302,87
300,97,409,127
296,89,383,135
402,137,300,97
402,120,310,103
404,118,310,103
307,87,406,123
407,129,313,99
321,108,423,117
309,98,421,120
420,115,318,106
312,110,419,123
412,120,306,99
413,116,315,102
319,107,422,131
414,133,312,98
410,127,310,92
415,131,310,106
417,127,309,100
321,101,422,117
405,138,308,94
410,136,307,99
325,100,420,156
323,99,422,135
416,128,322,99
302,101,406,129
417,130,320,109
320,110,418,114
423,125,327,103
413,117,312,105
411,113,309,104
404,113,303,105
425,114,315,113
403,110,300,107
399,113,302,105
303,102,412,105
302,100,413,108
428,109,325,100
423,110,318,102
306,97,422,110
320,95,419,113
301,88,414,131
426,110,310,90
427,108,307,96
415,105,300,87
420,109,314,84
428,111,310,93
401,116,293,89
287,83,396,122
401,118,305,88
408,128,306,82
399,115,300,77
426,125,301,77
431,118,299,78
410,120,305,92
307,84,416,139
306,88,433,116
414,136,307,77
307,81,418,116
399,114,305,77
305,82,401,124
309,81,423,124
419,100,302,82
422,119,297,70
315,73,425,118
432,103,316,84
310,73,416,103
315,75,434,110
416,103,308,81
429,118,310,71
418,102,311,88
421,106,310,86
306,80,431,107
419,105,308,86
434,106,316,94
435,108,322,81
316,86,419,113
321,77,420,112
417,109,317,86
424,117,320,69
320,83,432,104
308,86,413,107
437,107,335,84
328,77,433,110
315,85,423,129
316,73,422,126
412,103,303,81
308,89,408,110
434,103,321,78
427,110,323,82
437,110,320,84
432,110,324,82
429,109,328,69
306,82,423,114
426,119,311,78
324,83,434,112
429,106,314,72
324,71,427,111
421,85,323,72
314,61,431,97
321,74,435,90
312,83,440,96
335,76,433,100
433,103,338,90
337,83,442,92
311,73,435,106
448,90,339,85
435,103,319,79
335,84,439,92
435,97,323,66
435,101,329,77
325,72,441,94
450,99,346,82
321,77,436,91
439,103,344,77
342,81,436,96
340,83,457,99
316,78,437,96
440,98,334,91
330,87,440,101
337,74,440,89
438,92,333,77
330,77,438,92
447,95,326,74
331,80,447,96
432,103,311,74
313,87,423,98
435,104,333,86
433,110,336,71
434,109,328,68
341,86,439,98
453,105,343,76
438,102,339,68
341,78,433,93
436,109,332,81
335,78,444,89
331,82,434,97
434,105,319,85
339,83,435,100
438,97,330,74
431,97,324,81
442,103,345,87
338,65,437,89
434,84,337,84
335,76,435,81
453,87,351,72
448,84,349,82
457,80,362,87
363,82,448,76
444,86,341,82
347,84,449,75
354,81,449,74
459,71,360,81
361,80,457,87
337,85,436,92
333,73,433,71
436,89,336,73
338,88,431,73
339,84,436,88
326,79,424,97
447,90,351,71
349,73,446,94
328,71,438,95
353,81,449,99
435,81,332,63
354,82,450,98
352,84,449,99
334,97,432,93
343,83,443,94
370,102,457,100
435,92,333,89
430,95,336,84
337,81,441,97
437,81,334,83
322,80,433,83
434,83,335,77
425,88,320,80
419,81,315,70
321,83,416,85
325,86,427,77
427,77,326,77
435,63,322,78
332,84,437,77
433,76,335,92
346,92,447,85
348,89,452,76
429,84,324,87
325,88,425,66
342,87,444,70
448,61,349,91
446,76,343,92
340,89,441,74
430,76,326,87
435,73,333,93
324,91,434,92
341,87,432,86
321,80,426,84
428,94,327,83
428,102,325,91
343,99,438,107
336,99,446,97
317,134,433,108
320,152,428,116
439,132,317,153
314,194,435,139
432,136,317,231
300,288,427,134
426,134,305,318
325,358,420,133
302,371,427,138
330,401,421,137
314,391,439,148
324,391,440,144
312,399,429,142
319,407,428,140
436,146,325,404
437,139,328,402
312,408,435,144
440,141,322,417
441,135,318,414
314,407,443,131
319,406,443,141
301,406,441,136
299,404,437,144
435,133,302,394
437,140,296,400
313,393,430,140
445,140,306,400
428,136,319,400
309,397,443,140
442,138,308,390
444,133,310,400
440,140,309,393
448,134,321,397
437,137,317,395
446,142,306,402
314,403,438,142
436,141,317,411
445,139,316,408
445,145,308,412
443,138,312,391
445,145,323,407
443,150,319,404
326,413,444,145
435,140,324,402
316,411,446,135
446,133,322,409
438,141,308,416
432,138,319,407
432,134,322,403
448,135,309,401
309,383,446,131
296,386,442,142
445,134,312,360
439,136,307,319
439,145,293,290
438,140,316,248
325,237,434,150
452,145,313,200
448,142,319,200
452,154,343,183
425,151,327,172
328,163,437,150
442,145,342,166
405,160,303,135
404,167,302,141
338,149,449,168
444,140,337,138
339,146,433,157
423,146,316,144
418,146,320,144
305,138,407,153
411,156,320,143
440,148,340,146
331,148,430,147
325,138,423,144
413,169,311,143
339,145,447,162
335,146,435,141
334,147,433,149
426,139,325,147
426,136,328,145
326,140,427,146
431,145,332,143
335,146,433,134
429,137,335,145
429,141,337,139
323,141,421,140
434,127,336,137
330,148,429,136
442,145,339,141
438,131,339,131
341,140,439,145
336,136,434,152
431,135,329,133
438,142,341,131
333,133,434,149
435,137,334,139
444,133,340,146
434,145,333,142
325,142,425,128
427,143,332,143
437,132,342,149
342,138,441,140
341,135,440,139
343,140,436,136
334,133,435,127
331,135,431,127
338,147,432,131
431,132,334,140
433,134,335,143
332,135,426,133
430,135,338,142
435,144,336,145
334,146,433,129
446,145,346,143
345,142,448,137
441,135,345,154
347,153,448,125
440,136,342,155
349,148,449,140
328,154,429,137
426,149,328,146
350,156,450,153
327,177,447,144
318,185,431,136
310,230,441,139
312,251,442,149
308,281,440,143
NaN,NaN,315,310
309,333,NaN,NaN
428,142,313,360
306,365,434,141
305,347,436,146
433,141,322,377
316,376,436,148
315,378,438,148
319,382,433,139
434,139,323,361
329,377,436,140
427,140,301,371
422,136,323,386
331,387,426,139
433,144,319,388
430,141,318,405
438,142,320,393
316,382,430,139
443,160,311,385
442,159,310,387
306,385,439,142
NaN,NaN,300,386
445,143,304,391
298,382,437,136
304,381,450,144
304,377,463,144
461,146,306,370
321,352,NaN,NaN
441,131,321,324
327,310,437,153
455,134,325,272
455,133,314,241
314,213,437,155
321,193,467,140
331,187,432,137
347,190,448,150
463,146,336,162
436,144,330,157
321,145,422,159
318,131,414,158
312,134,412,163
406,158,316,132
403,154,310,145
433,138,320,144
443,145,324,139
312,135,413,138
318,133,416,137
424,146,317,136
445,141,334,134
415,143,313,117
330,132,443,140
329,131,430,139
328,128,425,135
433,141,331,134
322,128,428,145
326,135,432,138
427,149,325,123
323,133,415,142
335,144,441,147
426,140,332,147
428,147,320,132
416,132,317,140
337,152,434,135
314,139,417,133
428,143,325,128
428,143,325,145
420,137,321,138
331,137,428,136
428,148,322,135
325,138,430,143
312,132,414,141
439,137,337,137
452,146,342,137
322,139,423,138
325,141,421,132
432,143,334,135
326,138,427,124
436,135,328,135
424,129,327,136
320,136,432,138
432,129,334,138
327,130,428,134
423,125,326,134
430,121,333,124
429,126,329,123
425,131,319,132
424,130,323,133
441,131,342,119
328,122,439,137
329,135,427,117
326,132,433,112
326,129,428,133
424,131,324,122
425,115,325,115
435,140,335,122
329,127,424,120
425,128,326,116
452,131,337,122
423,128,324,132
333,120,427,129
428,130,326,130
329,118,428,126
429,126,328,133
429,137,328,124
343,112,442,126
424,134,326,130
423,128,329,120
330,136,428,127
416,122,320,128
431,130,332,123
328,125,428,129
427,125,323,120
327,120,421,124
345,120,444,124
325,124,419,121
418,121,320,127
444,128,338,125
443,124,339,121
346,122,448,123
325,122,437,139
440,139,336,134
436,143,329,138
446,135,345,132
329,133,437,132
340,139,441,134
430,126,330,138
350,140,450,126
327,138,432,130
346,136,447,125
445,128,342,151
344,148,443,133
450,127,346,152
350,148,451,142
448,124,346,155
444,121,333,147
445,123,349,153
432,138,331,134
335,140,435,137
433,128,330,139
436,127,338,147
331,153,454,123
324,160,450,135
459,135,330,157
421,138,326,147
324,152,447,135
444,123,329,149
431,123,325,148
432,146,329,154
329,147,438,128
452,140,344,146
332,146,437,128
440,133,332,141
320,152,443,130
347,160,446,138
429,138,326,153
323,152,432,128
347,148,447,143
327,144,440,135
443,129,330,151
320,156,440,132
336,137,440,134
442,131,315,139
314,156,440,136
320,151,445,139
306,143,443,140
310,150,432,147
317,152,427,135
430,147,330,134
326,140,429,137
440,137,339,133
316,135,419,134
415,130,313,134
418,129,308,142
424,135,322,148
296,153,436,135
285,166,440,130
289,202,422,136
291,233,422,138
289,267,424,137
431,140,297,291
432,146,301,314
315,337,418,141
313,346,424,146
418,141,310,333
428,142,316,334
419,139,317,358
432,147,319,341
432,140,314,361
310,367,423,151
419,141,316,363
306,370,430,145
429,150,315,371
430,140,315,370
431,144,315,376
433,148,314,374
320,373,424,148
313,372,431,145
423,149,317,366
427,147,302,375
433,149,303,353
431,148,300,366
302,349,431,149
435,154,319,319
301,292,430,139
315,269,436,142
305,243,449,144
300,210,440,147
430,143,300,173
297,176,435,147
433,148,300,170
296,156,422,143
423,146,293,167
300,168,440,141
419,142,297,167
428,152,293,159
295,164,443,155
433,138,315,164
434,144,303,173
417,149,315,162
432,135,314,161
311,154,431,145
292,158,448,146
439,145,309,150
289,160,448,150
303,176,430,137
293,161,439,151
420,136,289,157
315,147,442,139
311,141,440,143
395,149,297,147
411,140,292,139
298,143,413,132
293,129,423,131
448,138,290,135
294,131,421,138
403,137,293,139
400,144,298,141
422,128,301,139
300,126,425,128
323,123,425,130
306,118,430,123
409,135,313,122
308,130,429,126
432,125,314,126
317,119,419,124
436,122,324,128
321,129,429,118
434,116,338,109
450,132,338,110
337,105,444,119
452,104,335,114
334,112,NaN,NaN
455,113,329,120
450,112,316,130
315,126,449,119
NaN,NaN,328,126
NaN,NaN,317,132
328,124,456,132
328,120,455,136
444,126,332,122
453,132,335,123
338,121,449,132
344,113,449,138
438,130,328,131
402,142,332,117
332,115,431,136
431,135,336,123
339,124,420,151
418,139,337,113
338,125,423,146
431,144,332,126
337,128,429,139
345,116,431,147
320,121,420,142
328,121,415,146
429,153,332,132
326,128,419,146
330,140,430,150
350,127,417,144
448,146,352,129
413,146,315,128
421,147,325,132
422,143,320,127
431,145,340,128
330,131,430,144
330,132,426,156
444,150,344,154
439,154,337,138
333,141,428,164
446,146,346,152
336,147,438,155
441,162,347,148
326,140,414,162
443,137,344,148
432,147,340,142
344,141,431,146
334,143,423,150
426,151,351,133
419,147,324,132
418,168,334,138
326,146,422,173
414,177,326,152
419,181,321,157
433,130,366,213
402,145,376,241
417,157,378,263
377,284,406,156
411,160,402,333
422,370,424,162
415,166,419,370
416,160,424,418
430,419,407,167
409,158,423,407
422,416,420,174
421,170,427,420
407,166,426,423
421,410,423,160
412,167,430,419
428,164,423,415
411,162,428,422
437,419,421,164
426,422,430,170
423,411,411,166
428,390,415,150
431,378,426,159
434,166,419,335
400,305,422,166
387,278,445,154
399,256,426,157
451,156,374,233
359,210,461,155
347,181,446,154
440,148,332,181
445,144,323,175
319,163,434,139
312,166,434,153
439,144,299,147
315,160,448,137
302,141,429,147
317,156,437,137
296,139,429,142
302,155,424,148
436,147,311,145
311,145,431,142
428,144,316,152
313,150,429,146
309,148,415,147
426,147,324,153
331,160,430,156
439,156,333,157
330,147,421,153
436,158,330,154
427,148,322,144
417,151,323,152
319,145,429,148
426,154,326,150
439,148,326,150
315,145,424,149
332,150,433,148
325,145,435,152
324,136,423,155
419,153,317,141
328,135,429,151
439,145,337,141
327,140,452,145
331,145,442,145
437,145,337,139
438,146,336,139
430,147,326,145
411,150,315,141
432,138,315,149
315,138,429,141
329,154,434,146
322,151,423,152
327,146,434,149
431,140,320,137
429,144,323,149
317,126,427,138
419,141,311,143
314,133,425,143
306,135,430,143
309,127,421,141
428,135,320,139
427,138,328,132
322,122,430,150
314,124,430,152
428,149,317,125
415,139,314,126
329,146,434,146
325,132,429,145
321,135,428,142
435,143,321,140
424,144,318,139
320,121,429,145
315,130,435,152
315,127,435,151
440,142,325,139
331,136,434,145
432,149,334,132
429,142,320,131
310,129,437,133
310,126,443,143
312,133,433,146
313,131,435,149
419,144,316,142
426,150,321,132
429,144,322,135
315,139,437,131
314,126,435,147
315,129,443,126
442,145,306,136
313,144,439,129
320,133,418,141
404,150,311,135
428,153,313,124
314,129,426,154
309,128,420,131
437,142,309,134
308,133,428,154
435,135,310,135
318,133,442,147
314,143,436,135
441,137,313,130
307,131,416,134
432,151,311,129
299,134,434,134
333,131,443,154
435,148,335,128
419,138,309,133
434,154,329,131
437,150,301,132
420,141,313,128
429,137,307,130
428,139,306,128
319,141,418,143
414,141,314,123
313,132,441,134
316,121,426,153
435,135,328,124
317,120,426,143
436,152,320,131
435,140,322,126
320,126,422,143
439,146,335,128
440,142,317,126
435,144,331,128
442,145,308,134
338,129,439,146
422,142,321,128
318,140,420,143
318,124,436,129
313,131,432,144
438,115,314,128
435,147,307,132
416,142,310,132
317,136,428,151
415,145,314,140
441,142,337,126
312,127,429,147
430,150,323,123
333,132,437,149
315,141,418,146
417,145,317,131
343,123,443,140
313,128,433,134
423,142,322,119
315,130,432,145
337,132,442,144
436,144,321,140
330,143,430,152
427,145,327,133
325,147,429,144
429,136,329,138
321,134,428,136
427,140,322,136
322,124,423,140
425,138,321,140
406,138,304,134
409,138,321,143
424,136,324,137
422,127,324,141
322,132,427,144
439,130,336,126
337,135,440,132
433,138,327,126
442,126,340,123
445,100,345,118
436,117,337,113
339,114,442,99
427,112,326,119
332,106,429,111
352,108,454,99
432,102,340,112
341,106,439,96
329,110,426,107
455,94,346,112
448,94,341,98
322,103,428,96
420,103,321,106
317,101,429,111
334,108,433,98
460,100,339,114
435,110,333,115
413,111,320,95
421,109,315,95
456,117,342,103
432,93,337,103
330,97,429,95
330,81,430,93
424,92,326,94
428,93,330,93
334,99,461,96
344,99,442,90
340,94,468,85
466,98,348,95
463,100,339,103
454,80,335,94
327,91,451,77
454,97,330,91
338,101,454,82
451,88,327,97
455,85,321,82
452,91,329,91
329,83,424,109
331,80,453,85
448,71,332,88
339,81,448,64
334,84,452,72
332,88,432,73
326,93,433,74
442,64,341,96
436,63,339,86
462,81,341,83
356,85,462,77
454,70,354,91
424,71,322,74
338,79,440,62
328,79,424,68
449,62,334,85
336,88,458,85
331,87,427,72
346,91,442,103
343,90,449,76
323,99,422,92
316,93,416,103
320,112,422,109
324,105,424,134
407,126,318,112
328,113,418,141
394,144,316,110
425,146,320,153
314,145,424,142
429,131,307,158
417,141,307,167
312,224,429,131
420,150,312,247
427,171,322,272
436,156,319,303
328,332,424,150
424,151,320,360
440,150,318,376
313,391,428,156
323,404,447,144
301,402,444,140
449,146,314,404
321,413,434,147
455,147,306,407
457,145,308,408
305,391,459,140
310,412,455,150
454,146,311,394
457,140,313,412
305,408,457,151
446,147,308,408
441,145,301,408
455,134,312,401
301,366,447,138
325,371,440,133
317,347,447,146
319,322,442,143
447,164,326,303
330,274,456,166
326,247,441,162
329,233,445,165
330,224,458,159
329,207,451,150
339,199,453,167
338,189,445,153
336,174,433,168
342,184,435,164
425,180,322,166
332,172,429,177
323,167,424,180
454,168,347,173
339,172,443,176
457,165,359,175
334,169,430,165
353,174,454,171
425,176,325,162
333,152,435,165
351,169,447,181
431,183,331,151
337,146,429,184
339,166,438,175
454,173,354,177
354,162,452,167
350,162,446,169
445,160,346,160
435,173,329,164
448,168,345,159
452,171,349,173
350,174,453,170
358,182,452,165
443,163,342,162
443,165,345,162
344,172,440,162
340,163,445,164
340,175,443,178
451,176,350,165
438,159,337,162
445,166,347,179
433,164,335,161
351,172,429,154
439,162,339,185
453,151,360,166
365,165,462,157
371,163,463,160
447,161,354,161
367,161,462,150
445,159,342,161
457,152,367,164
353,166,452,160
462,157,359,161
458,151,369,158
328,161,429,163
439,161,338,163
451,163,351,163
447,163,347,158
459,162,362,168
446,161,345,163
436,162,337,166
437,161,335,164
447,161,355,169
333,175,433,167
451,164,351,164
451,159,350,167
355,184,451,164
354,174,443,159
352,167,452,158
355,172,455,163
457,154,358,178
451,152,350,174
352,174,446,153
443,154,355,168
460,155,358,166
362,176,458,145
363,172,461,148
367,170,459,147
457,156,363,174
366,169,464,159
459,151,366,180
451,146,352,173
463,137,365,179
355,186,455,153
457,162,358,171
355,182,440,143
440,165,340,175
NaN,NaN,373,171
374,181,NaN,NaN
NaN,NaN,376,187
455,151,355,189
363,196,NaN,NaN
448,143,346,219
353,255,NaN,NaN
331,283,NaN,NaN
444,153,318,304
318,340,444,141
328,367,443,148
428,137,324,378
311,400,429,141
430,150,314,393
314,388,447,156
447,158,311,407
309,412,438,139
313,398,447,146
316,396,453,163
437,134,320,404
450,153,313,398
434,151,321,402
450,158,320,404
321,395,449,156
316,398,449,152
449,151,323,407
331,387,428,151
449,164,328,394
431,144,322,396
416,166,326,397
333,410,432,154
332,412,434,142
332,401,428,141
316,406,430,142
421,165,325,409
431,142,327,399
420,162,320,402
435,137,338,408
321,396,418,166
312,407,431,142
415,160,341,403
433,152,331,405
441,142,331,403
433,143,335,404
302,407,420,167
435,143,318,401
304,401,435,143
448,161,301,402
316,397,431,152
304,399,447,167
448,148,311,402
429,141,305,392
439,142,321,407
321,403,417,160
432,143,311,394
329,397,431,155
313,389,429,144
322,400,424,147
447,166,305,398
307,405,444,168
446,159,329,401
428,152,333,365
431,160,346,332
439,173,354,296
347,258,429,147
443,179,345,217
433,176,333,164
432,171,344,137
356,132,445,155
352,140,437,161
441,159,344,126
361,124,452,153
445,172,350,129
348,134,446,151
345,135,448,155
353,129,444,152
353,124,442,160
452,157,359,142
347,132,438,153
342,142,450,156
444,156,346,139
457,157,357,155
447,155,347,156
453,155,350,136
343,146,436,174
348,144,438,157
445,152,348,146
336,147,438,148
342,137,432,158
346,137,445,152
351,152,451,151
435,152,349,143
456,152,344,149
337,144,432,155
447,153,345,139
422,157,337,140
351,154,454,145
354,160,453,151
319,151,419,154
445,151,344,161
445,151,347,155
350,148,454,145
344,139,440,147
348,142,446,148
447,149,349,137
435,146,335,145
438,140,334,142
350,137,452,143
342,138,439,146
455,148,344,149
444,145,350,148
338,149,446,149
345,165,444,149
450,144,344,158
344,162,451,147
337,157,447,149
350,156,447,149
350,147,457,148
450,146,346,150
340,142,443,145
348,147,449,149
440,145,346,157
453,149,356,147
450,141,352,149
343,144,439,137
338,143,442,140
442,142,341,140
354,140,459,138
451,144,347,150
345,141,435,138
447,146,346,147
357,152,459,145
453,139,352,151
437,172,342,146
355,158,442,141
348,154,444,137
466,153,368,144
467,142,358,146
429,171,348,139
363,146,462,165
455,142,357,140
356,151,448,145
343,143,443,133
359,140,445,142
359,142,453,141
449,137,353,151
450,142,351,161
349,159,447,133
445,135,345,153
448,139,355,161
452,147,354,149
444,147,353,150
455,142,362,151
356,161,451,145
330,155,432,159
467,150,372,157
378,153,469,149
354,154,463,148
461,144,360,151
468,145,377,156
354,165,449,146
365,153,463,148
356,152,447,142
470,141,371,148
460,143,361,145
348,155,442,135
445,142,355,152
344,143,440,139
357,148,449,134
360,154,458,136
359,146,459,156
457,124,362,148
433,138,337,150
457,132,363,152
438,135,343,155
466,142,360,143
461,144,358,150
430,138,342,163
450,144,335,157
333,163,449,142
341,171,447,145
331,171,446,134
446,121,327,186
436,142,329,176
436,131,329,182
328,187,434,138
328,190,435,139
322,191,430,134
329,197,441,135
330,202,443,141
440,156,328,204
325,199,433,148
463,142,349,204
334,199,433,139
435,141,324,182
445,139,338,185
464,130,334,172
339,170,469,150
346,177,444,147
459,130,349,156
471,144,369,166
448,137,349,144
339,160,439,157
335,148,440,143
437,158,338,158
438,172,332,161
426,168,327,157
450,157,349,146
446,155,350,153
453,148,352,143
336,143,441,148
439,136,341,147
332,150,432,140
407,142,311,157
311,170,421,142
311,192,415,146
290,215,410,154
309,247,411,146
410,136,309,269
298,299,410,145
300,320,417,149
303,338,406,141
317,350,406,151
404,145,312,365
409,141,297,356
411,144,303,365
305,377,414,144
408,144,293,368
301,368,405,142
304,369,406,144
404,143,314,377
406,148,317,382
303,389,410,144
406,138,307,382
319,383,405,147
409,146,302,389
309,386,407,141
307,391,409,154
413,135,319,390
306,386,411,141
407,133,308,369
411,139,295,351
293,323,404,136
406,117,286,288
287,212,410,124
276,173,409,107
410,107,285,154
285,125,398,94
404,83,294,124
397,76,289,85
408,68,292,94
403,66,298,69
389,69,296,64
393,69,292,60
308,72,406,70
393,52,301,70
298,66,383,61
327,65,524,422
426,59,326,56
332,61,539,420
537,413,331,65
536,416,343,61
543,425,346,66
539,426,340,59
539,424,341,56
537,422,340,57
536,428,357,66
524,425,354,60
539,415,358,51
549,409,341,65
533,405,361,56
365,68,539,421
364,59,542,421
527,422,343,66
354,61,523,409
537,427,361,57
542,408,357,61
529,429,342,59
535,411,334,59
403,53,310,65
403,60,310,62
406,63,308,57
395,62,304,59
309,63,409,53
303,51,403,56
406,59,309,58
401,61,298,60
408,63,310,55
337,58,524,422
397,63,306,65
298,57,400,52
314,66,420,52
310,63,422,61
396,61,293,59
310,64,403,64
324,64,412,54
404,65,306,53
305,66,408,52
304,56,400,57
414,60,317,51
397,60,309,57
293,67,394,69
408,65,309,53
293,69,389,58
312,64,418,51
309,58,414,64
308,51,412,57
417,66,319,67
279,60,379,64
316,67,413,62
413,54,309,53
286,66,390,58
290,54,381,63
412,57,312,55
281,59,376,69
409,66,312,55
294,67,390,58
410,52,307,60
289,65,393,64
311,55,421,55
310,59,417,67
401,70,313,67
290,67,388,67
295,61,396,58
317,58,418,64
311,66,411,77
401,72,306,67
381,74,283,56
285,60,392,79
281,62,383,85
394,88,250,66
411,105,232,68
241,90,397,109
397,109,204,118
197,158,391,119
176,185,380,115
404,112,155,210
145,272,390,115
135,305,401,113
398,110,132,320
395,110,123,344
119,321,399,96
121,321,396,102
400,113,127,339
409,109,125,350
120,356,406,112
117,361,408,109
385,116,126,359
124,354,390,106
397,113,126,352
389,102,127,350
392,112,131,355
120,351,400,105
126,353,389,114
400,113,122,359
392,104,122,358
129,350,405,109
388,117,117,350
386,113,119,340
391,107,118,337
401,111,111,354
114,339,386,108
116,342,406,115
404,114,117,333
392,111,122,292
407,115,125,281
131,262,392,117
143,250,403,117
396,119,146,224
180,169,397,121
399,118,191,138
396,116,208,144
397,118,222,120
240,101,395,123
403,120,255,92
267,93,404,109
263,88,396,115
395,120,263,74
393,121,271,84
266,78,401,107
269,83,412,118
271,74,400,114
266,81,398,115
275,68,388,128
393,118,257,67
395,120,264,65
276,85,387,123
269,84,389,126
401,107,265,81
280,78,400,117
390,123,280,85
412,123,274,87
283,91,389,124
396,117,284,87
403,109,274,79
281,94,404,93
279,90,401,88
274,93,399,106
275,92,410,104
397,104,274,99
392,114,275,87
278,100,393,95
399,118,274,98
284,99,394,100
273,94,392,98
283,96,402,103
277,99,406,98
408,99,281,90
401,90,279,89
285,95,395,108
396,104,289,95
402,104,278,106
399,97,277,86
282,99,402,122
399,103,283,83
277,76,398,105
278,80,396,113
393,127,281,96
284,91,398,101
397,111,279,92
275,92,391,125
401,118,282,87
400,104,280,83
288,100,385,128
390,126,286,93
280,94,403,99
393,122,290,93
284,87,404,98
407,93,282,92
409,103,288,101
288,93,389,119
402,102,281,89
398,117,285,99
398,95,285,95
401,109,277,93
412,103,286,89
399,115,280,87
414,109,284,104
400,92,283,101
279,106,410,108
421,106,272,97
401,97,269,101
289,115,404,111
320,150,286,94
288,97,335,168
319,116,341,217
358,228,335,135
382,122,374,254
396,135,378,278
399,298,400,104
407,331,408,102
413,102,429,353
404,93,427,376
436,379,405,103
400,107,428,387
437,408,402,109
407,102,435,412
444,412,403,106
434,408,411,108
413,107,427,401
405,110,433,420
420,110,428,409
431,422,407,97
401,98,426,397
425,426,400,113
412,108,428,425
404,106,426,381
425,403,408,105
407,120,421,380
397,100,416,356
404,341,405,116
368,279,409,110
375,253,400,115
363,225,404,108
397,100,358,210
401,100,354,189
418,104,328,170
333,135,425,102
433,100,316,128
313,112,411,111
405,124,307,111
313,110,414,121
420,103,307,103
311,118,434,102
307,97,414,115
435,109,309,110
423,104,309,101
315,97,416,104
317,105,425,107
308,93,404,135
321,100,416,117
311,102,408,130
414,126,317,77
423,123,323,99
330,87,412,138
401,132,333,82
324,84,414,120
306,82,398,129
334,89,393,128
327,74,416,125
405,124,328,81
321,91,405,128
404,126,328,87
418,127,331,85
339,89,415,126
323,77,401,124
336,69,400,124
340,68,399,115
401,133,343,83
403,127,347,88
337,75,394,125
350,75,402,131
341,68,399,118
345,79,406,116
336,67,396,128
339,72,396,122
336,72,394,132
341,75,400,123
339,73,401,132
398,125,355,76
398,127,334,83
400,127,342,95
390,126,338,85
332,81,398,132
327,84,396,128
399,127,353,91
334,90,400,130
409,118,330,96
326,102,399,128
413,128,328,101
404,122,322,110
326,97,405,125
326,86,395,113
409,125,324,93
347,70,411,125
403,131,337,64
338,64,394,110
325,65,400,115
390,118,341,70
326,65,395,117
311,63,402,107
321,61,419,105
333,69,415,121
394,106,305,75
392,114,325,66
389,117,328,66
394,119,321,73
394,106,320,68
409,132,321,72
319,79,417,110
327,66,413,115
317,62,432,125
428,120,305,63
310,65,426,119
309,67,421,113
421,122,303,64
308,63,440,122
309,63,428,122
431,123,309,66
424,120,309,55
311,59,432,126
301,51,425,114
425,134,298,55
426,116,296,53
296,55,422,106
420,122,290,61
427,114,293,62
291,62,424,113
418,116,285,52
294,63,423,122
287,56,426,123
287,51,421,113
282,54,432,123
289,55,424,123
293,60,424,123
301,59,422,116
423,115,297,51
439,117,291,60
268,60,416,114
417,113,271,61
425,109,287,61
419,115,281,53
441,113,286,53
417,110,295,61
411,120,303,60
432,110,291,60
296,60,411,118
420,114,305,68
309,67,425,112
414,113,310,73
314,77,415,107
411,104,300,79
412,113,291,76
310,67,411,112
302,60,404,117
297,82,391,126
390,128,302,63
301,73,406,127
307,72,402,132
305,68,405,127
396,129,302,69
386,130,299,78
391,128,309,85
386,126,316,72
328,64,387,128
401,120,312,72
393,127,311,79
403,122,313,80
380,115,322,68
404,106,306,79
329,63,392,125
323,79,398,125
331,68,398,123
402,126,327,69
325,80,404,107
333,66,402,122
318,73,406,122
400,116,320,67
402,129,339,75
331,74,390,118
327,80,396,108
331,74,394,109
399,120,324,81
329,92,400,124
392,121,330,89
409,108,320,103
319,99,402,124
317,93,402,128
404,125,321,103
404,109,313,109
316,105,400,124
399,119,310,96
396,121,313,91
399,119,312,90
318,84,406,111
404,104,312,72
328,57,381,114
324,59,395,113
317,65,390,109
330,74,390,121
311,66,385,111
383,109,321,67
327,83,403,132
320,77,402,107
400,106,305,88
324,93,418,102
327,87,427,103
328,92,411,111
328,78,415,127
414,119,317,84
326,73,392,129
415,116,324,84
319,88,413,130
319,84,411,118
308,76,408,132
420,121,320,82
309,82,417,118
414,107,309,71
317,68,415,109
314,78,415,109
315,80,410,120
411,124,300,74
305,86,411,118
416,119,307,67
310,67,413,128
318,69,426,117
319,86,416,115
419,111,305,73
319,76,421,100
324,76,410,123
315,82,413,91
419,119,307,74
304,81,417,126
309,82,429,100
302,72,418,129
428,111,312,84
314,72,411,115
309,75,380,110
295,68,396,103
396,102,294,68
311,80,421,130
415,140,306,70
306,80,430,109
418,91,316,82
310,80,412,89
382,136,303,69
312,77,411,138
387,124,314,87
320,79,386,123
381,131,298,80
393,130,305,94
390,130,309,74
303,85,394,135
409,138,312,79
408,117,315,88
328,95,427,109
318,91,424,115
318,88,407,118
318,98,417,141
423,105,331,103
324,96,424,134
410,138,329,101
422,129,326,106
336,103,419,134
409,144,328,101
327,89,401,136
318,80,395,121
403,136,325,83
324,89,402,136
401,129,326,91
334,91,406,141
438,113,338,98
406,136,337,97
426,126,327,97
337,95,424,131
443,122,342,112
426,126,342,105
423,132,328,104
424,118,333,110
423,111,332,118
341,111,430,121
429,114,331,111
340,115,431,121
433,119,342,110
339,114,431,121
338,115,429,107
338,111,437,113
332,105,426,107
347,102,425,135
328,112,427,109
332,107,430,121
333,110,433,122
334,118,433,109
427,124,344,105
403,138,336,111
428,112,331,111
339,110,432,130
328,112,423,116
328,102,400,115
346,102,419,121
324,93,413,125
419,132,349,85
340,79,428,139
415,127,339,83
342,84,426,138
331,83,425,124
418,126,325,85
408,129,338,83
412,131,314,89
406,127,318,71
412,116,318,77
319,89,419,123
404,128,317,81
301,81,402,124
309,78,404,121
402,115,317,66
NaN,NaN,312,69
404,106,302,68
406,116,320,64
309,70,401,112
304,63,NaN,NaN
309,70,397,112
395,107,301,65
397,105,302,69
303,62,399,109
402,107,302,67
313,69,NaN,NaN
307,63,397,105
306,54,386,136
381,130,303,59
297,58,397,96
366,122,318,51
298,66,382,97
379,86,293,60
368,87,309,55
311,61,371,112
312,62,369,84
370,87,308,69
308,62,359,80
303,62,363,87
372,98,318,52
376,96,300,61
307,55,377,98
363,107,288,55
382,106,293,56
368,101,290,58
289,70,361,108
337,121,276,59
341,128,273,80
377,119,283,107
294,158,391,128
370,108,298,216
303,267,361,143
309,286,376,128
371,116,334,332
373,112,316,352
375,125,310,364
378,114,328,360
315,367,379,120
375,110,330,380
323,376,369,114
375,117,334,394
324,382,378,115
373,117,316,379
368,117,320,385
312,393,376,124
376,117,311,400
336,394,372,116
375,114,313,403
321,398,375,117
378,119,323,400
321,406,373,121
381,113,325,388
376,117,328,405
368,115,324,401
373,122,340,395
329,394,372,108
372,114,309,397
322,383,362,123
372,112,318,377
304,375,363,121
303,360,374,107
314,385,372,109
372,112,314,372
376,108,308,328
366,111,304,304
298,258,390,107
387,116,299,231
384,121,276,204
382,124,280,137
388,120,278,122
268,112,385,104
384,126,262,92
383,113,259,95
257,74,386,123
388,114,259,70
385,124,247,75
254,70,391,112
258,67,391,120
273,73,391,118
281,61,392,122
277,68,392,108
382,110,282,65
379,111,281,64
278,75,389,118
286,75,390,104
281,70,393,120
370,106,277,71
383,113,279,62
280,67,383,118
285,70,387,120
274,65,362,114
279,68,376,106
389,112,289,67
388,119,289,80
269,66,368,109
378,116,273,66
377,102,276,76
279,78,379,115
267,66,362,113
379,116,278,79
384,107,281,69
371,108,269,73
374,96,281,64
273,67,370,90
279,65,368,102
370,108,279,66
367,100,273,75
360,101,268,65
270,62,370,95
372,98,276,80
278,65,372,105
367,106,277,68
370,100,280,66
374,99,281,76
286,61,376,97
286,69,373,103
370,108,289,61
369,106,282,69
371,101,270,67
369,90,274,63
369,108,289,68
273,71,368,101
366,102,298,64
365,102,282,71
367,102,283,60
284,63,378,108
281,65,364,93
292,62,370,92
285,67,373,84
293,58,367,110
282,55,373,89
291,66,370,105
282,71,372,103
288,59,369,104
366,102,284,61
367,96,292,65
276,63,376,100
370,86,288,62
374,100,285,60
378,98,286,58
373,89,291,55
364,84,294,64
290,66,372,94
367,118,292,65
375,98,294,66
369,95,295,66
374,109,290,60
282,59,365,85
299,54,374,106
375,98,279,64
374,96,284,64
364,94,278,68
278,60,366,96
376,99,289,64
378,102,287,66
270,64,372,102
265,60,364,98
364,95,275,70
288,71,365,95
358,91,278,65
362,94,300,54
338,54,364,106
351,88,393,123
372,97,412,140
442,216,413,122
464,185,NaN,NaN
538,414,476,239
526,429,507,275
541,419,523,314
530,313,540,408
536,410,533,311
538,348,525,429
537,383,NaN,NaN
NaN,NaN,530,408
NaN,NaN,531,401
NaN,NaN,526,410
525,393,NaN,NaN
NaN,NaN,534,396
NaN,NaN,536,396
NaN,NaN,529,394
527,400,NaN,NaN
537,398,NaN,NaN
NaN,NaN,533,397
530,398,NaN,NaN
526,398,NaN,NaN
NaN,NaN,538,394
NaN,NaN,525,400
515,404,NaN,NaN
NaN,NaN,529,406
NaN,NaN,517,403
533,400,NaN,NaN
514,405,NaN,NaN
529,402,NaN,NaN
530,402,NaN,NaN
530,404,NaN,NaN
524,407,NaN,NaN
NaN,NaN,525,402
NaN,NaN,524,402
NaN,NaN,524,402
526,404,NaN,NaN
528,406,NaN,NaN
524,400,NaN,NaN
NaN,NaN,525,406
519,399,NaN,NaN
NaN,NaN,521,400
NaN,NaN,519,403
526,401,NaN,NaN
NaN,NaN,527,405
541,400,NaN,NaN
NaN,NaN,525,407
530,402,NaN,NaN
NaN,NaN,533,389
531,383,NaN,NaN
500,327,558,414
534,408,510,309
505,287,531,386
509,283,NaN,NaN
NaN,NaN,486,247
468,222,NaN,NaN
453,211,393,165
428,178,373,131
401,170,384,78
394,158,353,97
398,118,298,95
307,79,370,120
289,78,367,106
377,94,280,76
279,67,369,110
267,76,363,103
276,87,376,110
262,77,365,124
387,111,278,81
369,103,271,84
368,101,269,74
268,75,367,105
370,98,270,73
261,80,365,111
272,89,370,97
264,80,368,120
375,106,271,90
276,81,374,111
265,86,364,113
366,103,266,104
367,101,272,92
369,117,269,102
273,107,374,109
367,110,267,112
372,118,270,99
272,104,NaN,NaN
269,101,368,105
367,119,268,108
267,100,373,104
372,101,273,110
NaN,NaN,273,110
265,101,366,111
NaN,NaN,279,102
275,100,370,116
273,110,372,106
372,118,274,104
271,104,373,97
281,105,377,83
280,102,380,94
377,86,277,98
386,115,284,104
273,106,370,110
279,108,378,88
269,109,371,114
287,108,392,107
282,110,381,99
375,116,282,106
371,96,270,105
374,112,275,95
378,99,277,113
375,114,278,112
379,113,276,101
376,117,278,100
379,82,286,97
377,85,275,103
273,112,373,121
274,110,375,109
286,107,377,97
272,99,371,89
283,102,378,89
377,104,282,102
279,97,375,114
377,90,277,113
378,116,287,100
378,124,279,99
274,88,374,104
372,91,269,102
367,109,265,101
372,90,276,97
379,89,280,99
375,98,277,104
265,103,368,100
272,102,372,94
377,94,276,110
376,115,274,100
368,118,271,96
289,99,388,101
369,117,272,103
378,106,286,102
377,115,276,91
374,92,279,99
382,118,282,114
369,98,271,107
283,96,382,119
275,89,374,124
371,121,299,111
383,127,285,108
346,111,345,204
359,122,366,225
374,240,380,133
395,133,390,248
402,85,412,288
426,322,394,86
399,87,434,351
378,91,428,380
394,83,434,376
425,389,411,83
403,77,426,410
407,74,425,406
436,405,400,72
415,82,427,402
426,388,416,74
435,425,401,73
436,425,385,69
404,72,429,399
424,399,404,70
423,391,393,76
387,71,424,394
429,395,412,80
395,87,426,419
422,372,387,81
391,88,422,342
393,312,368,83
375,262,381,119
399,131,361,231
365,106,360,203
352,207,354,134
345,120,335,194
310,126,355,160
365,130,288,116
307,93,368,130
361,116,276,75
361,118,272,80
357,103,264,66
290,80,367,110
367,117,280,69
360,115,274,70
284,53,368,108
283,59,364,94
278,66,375,89
280,59,356,92
377,87,278,69
284,61,363,107
365,97,281,66
369,98,295,59
365,99,302,55
363,91,294,65
366,101,312,67
370,93,295,52
303,64,367,106
363,102,315,64
371,118,322,60
375,99,320,51
327,61,374,116
328,56,370,98
367,83,318,53
319,59,372,91
378,79,324,53
368,88,333,56
329,58,369,89
368,95,328,55
363,104,322,52
317,58,368,85
370,97,327,62
366,83,321,51
382,86,309,57
308,53,375,82
314,55,377,92
370,96,297,60
371,97,334,55
337,51,369,120
373,89,292,57
370,80,307,55
370,83,317,60
310,58,372,87
373,85,322,64
370,89,320,53
316,59,373,82
372,86,317,53
371,98,332,64
377,99,307,60
316,58,374,82
309,53,373,83
376,90,311,60
300,57,374,85
304,51,370,86
371,89,325,56
367,86,324,55
371,85,317,60
372,93,320,55
312,53,372,87
368,97,306,52
309,52,378,91
372,89,291,51
301,58,378,89
372,86,299,58
301,51,376,83
318,62,375,91
376,82,315,63
317,55,373,88
303,62,374,83
373,83,294,51
374,85,308,56
298,52,378,90
324,53,375,83
372,89,322,51
369,93,302,55
371,89,316,59
303,58,377,84
381,79,302,57
299,62,374,92
295,56,375,81
372,84,290,58
376,96,323,60
313,54,373,93
313,63,370,93
369,87,311,51
303,59,368,90
370,83,299,57
373,83,297,57
370,83,307,62
377,84,306,58
367,96,330,64
369,109,324,61
365,94,313,66
303,58,378,88
378,89,303,57
301,52,380,95
381,76,292,60
378,79,297,59
313,53,365,89
315,53,374,98
315,53,374,90
313,59,378,88
306,55,370,82
374,91,290,60
379,93,289,64
379,92,307,56
373,89,308,57
379,90,319,59
317,62,372,111
300,55,375,95
371,88,298,52
373,85,308,54
304,58,372,90
291,56,368,80
369,87,294,52
372,89,303,65
372,102,304,55
299,59,367,105
289,61,375,88
279,59,374,89
296,73,379,98
375,86,287,66
367,94,294,63
366,94,282,59
369,112,294,65
303,54,371,106
290,65,371,96
374,88,287,67
294,64,380,98
286,66,372,86
295,67,375,91
372,96,292,76
366,89,305,70
296,51,370,112
366,119,296,63
373,95,298,62
303,74,374,118
301,61,368,111
290,75,374,96
378,86,292,77
370,115,304,73
296,75,369,110
296,76,373,91
289,76,368,101
367,96,289,69
285,70,370,105
300,78,372,101
284,64,366,99
308,69,366,94
295,66,350,104
364,112,311,61
291,56,373,94
372,115,296,70
359,115,300,57
307,72,366,112
374,94,293,65
302,60,371,113
375,89,289,68
304,66,370,94
306,68,371,120
367,91,284,56
291,64,368,109
287,72,369,87
385,113,301,65
302,70,374,92
372,92,300,67
277,60,375,95
363,111,298,64
366,113,291,72
300,74,367,91
301,61,369,88
296,58,374,94
371,87,288,56
285,65,372,93
366,88,292,63
369,113,287,66
284,63,370,83
283,68,363,92
374,108,292,63
359,95,288,62
281,60,364,107
285,62,381,112
366,114,278,65
389,126,291,67
263,52,362,130
268,60,366,138
272,58,378,144
286,62,410,116
409,110,282,59
288,60,NaN,NaN
410,103,294,59
295,62,397,142
408,110,304,59
296,55,396,114
306,64,403,117
402,108,299,55
403,103,301,60
296,59,393,117
391,106,301,53
311,52,391,117
323,64,427,102
327,59,426,109
398,90,308,51
332,59,426,96
316,54,391,92
322,51,385,100
335,56,389,105
327,53,399,113
301,57,390,110
293,59,386,99
280,59,383,96
389,109,264,88
382,121,248,114
241,151,386,111
235,198,387,134
382,107,232,234
391,106,213,265
218,294,389,109
232,343,389,109
390,119,224,359
387,101,221,342
380,104,218,354
222,364,379,105
388,100,226,369
378,104,226,375
228,382,399,106
234,389,394,100
385,112,226,370
386,104,235,368
231,370,395,96
380,117,229,372
233,366,382,110
385,116,221,375
392,113,229,390
222,373,386,117
230,361,386,115
225,378,394,106
387,115,226,357
389,110,238,330
389,114,228,300
233,258,391,109
240,221,396,103
266,181,388,112
279,167,401,104
291,118,391,120
294,104,390,111
386,117,302,74
380,109,305,59
389,107,310,64
314,53,391,118
313,61,397,104
389,101,306,54
307,61,402,100
392,105,314,63
323,58,397,98
315,63,410,109
306,55,413,100
419,96,321,51
419,104,319,54
326,52,425,88
329,59,444,72
331,52,450,61
443,58,338,57
448,62,341,58
439,52,337,63
348,55,446,52
346,52,446,59
350,55,NaN,NaN
NaN,NaN,NaN,NaN
NaN,NaN,419,62
NaN,NaN,374,60
NaN,NaN,365,55
NaN,NaN,355,59
355,57,NaN,NaN
354,55,NaN,NaN
NaN,NaN,360,51
359,56,NaN,NaN
361,53,NaN,NaN
371,53,NaN,NaN
356,55,NaN,NaN
NaN,NaN,356,54
NaN,NaN,356,60
361,59,NaN,NaN
NaN,NaN,370,52
NaN,NaN,364,57
366,56,NaN,NaN
366,55,NaN,NaN
366,56,NaN,NaN
374,52,NaN,NaN
NaN,NaN,373,51
353,51,NaN,NaN
365,57,NaN,NaN
355,57,NaN,NaN
NaN,NaN,356,56
NaN,NaN,370,52
355,59,NaN,NaN
NaN,NaN,354,62
NaN,NaN,362,56
353,64,NaN,NaN
NaN,NaN,359,51
NaN,NaN,363,52
357,53,NaN,NaN
355,58,NaN,NaN
NaN,NaN,349,64
360,53,NaN,NaN
358,58,NaN,NaN
370,53,NaN,NaN
NaN,NaN,362,55
353,51,NaN,NaN
NaN,NaN,350,53
NaN,NaN,358,58
NaN,NaN,366,53
NaN,NaN,NaN,NaN
NaN,NaN,NaN,NaN
NaN,NaN,NaN,NaN
NaN,NaN,482,54
326,52,487,62
509,60,328,63
495,62,312,57
311,60,508,62
501,58,310,64
505,63,311,56
299,58,514,57
510,57,298,55
516,62,298,60
524,65,297,68
539,56,311,59
526,64,295,53
315,67,498,60
485,65,305,71
316,79,476,57
320,88,452,53
321,80,437,61
327,94,447,60
443,63,336,98
335,96,428,75
300,79,402,79
301,77,393,82
418,82,327,98
389,101,310,77
396,95,306,93
393,92,309,73
386,102,315,67
419,85,333,86
332,100,390,88
312,65,386,92
337,87,392,102
398,88,313,63
335,87,419,95
341,89,395,97
338,66,395,93
301,75,398,86
339,79,401,92
391,90,338,70
398,89,338,103
391,93,312,78
306,82,394,88
393,90,325,88
394,96,308,76
320,62,386,92
395,88,296,80
387,90,306,77
389,100,319,66
396,98,336,83
392,98,303,80
306,72,395,91
311,90,388,90
392,85,339,93
310,82,392,92
398,100,332,85
335,106,400,85
397,86,297,85
330,87,393,106
392,97,306,70
303,77,393,94
312,86,398,95
311,83,410,91
410,89,319,92
393,90,303,103
308,95,408,85
398,88,292,101
293,99,392,93
312,107,400,93
320,105,417,92
393,94,303,100
407,98,312,90
304,90,403,95
314,85,406,91
294,101,388,92
320,91,413,89
323,89,413,91
391,99,295,91
293,92,396,97
310,85,403,89
302,88,404,90
296,91,397,92
388,90,287,87
398,92,306,86
309,86,409,95
319,98,416,87
391,103,291,91
307,101,404,91
397,93,302,84
303,92,392,89
404,90,302,86
409,73,309,74
399,61,302,67
303,62,415,63
314,92,422,55
323,85,432,65
317,59,456,53
453,56,312,68
473,71,323,80
333,87,477,58
336,83,500,61
498,62,333,92
348,92,516,59
349,92,519,65
524,67,345,86
534,60,332,77
531,57,344,96
544,62,342,104
544,61,324,87
335,90,540,64
325,98,533,59
534,64,312,91
328,105,539,63
313,92,530,55
500,55,317,106
519,54,330,100
506,71,324,102
336,101,487,61
330,91,473,70
461,67,341,93
322,83,432,83
328,84,446,62
431,76,322,93
438,69,330,95
433,74,333,77
440,59,312,60
305,65,443,57
441,56,309,68
436,66,304,61
446,67,300,56
294,61,437,56
437,65,273,54
303,51,438,65
286,57,429,55
438,58,300,56
441,53,307,61
435,69,310,62
439,68,319,51
440,64,300,66
433,80,304,52
302,59,450,68
443,52,307,60
442,55,315,68
302,65,452,59
319,66,447,58
305,54,443,61
308,60,451,59
453,62,312,61
449,62,313,55
311,65,455,73
286,67,451,91
453,92,294,74
458,108,302,83
449,123,288,81
449,109,298,95
455,126,307,114
451,128,304,130
447,124,298,117
307,129,456,113
448,124,296,116
301,129,453,116
299,112,452,126
465,103,309,107
290,104,468,94
303,119,456,88
448,85,292,99
461,71,291,87
297,75,458,57
303,88,460,62
300,86,447,73
440,76,301,86
451,80,299,96
291,99,444,89
435,94,306,114
303,123,437,99
451,101,303,117
436,99,307,128
298,121,451,111
445,114,314,127
304,129,449,107
302,130,446,113
303,125,457,113
305,98,445,110
