535,424,321,80
329,79,518,422
333,77,518,412
521,413,339,94
355,99,537,426
536,428,345,105
348,111,523,417
524,413,363,99
522,421,346,82
532,426,341,74
342,72,518,414
343,62,537,426
528,415,335,60
341,65,521,427
524,414,334,64
523,418,336,61
334,62,520,408
343,59,517,413
529,424,350,68
348,78,515,415
548,408,355,84
355,63,518,427
354,64,518,410
522,427,349,58
343,66,544,411
518,412,349,64
518,416,341,61
521,415,330,67
333,64,549,414
546,412,345,63
356,71,517,413
516,426,360,62
544,412,364,61
368,61,519,420
361,65,525,422
351,61,541,412
337,65,523,422
345,64,520,421
339,68,517,412
353,63,524,421
358,59,522,418
360,63,525,421
528,420,358,61
353,61,530,421
343,53,519,422
525,421,337,57
521,422,341,63
529,416,335,63
517,406,350,66
520,418,346,57
358,60,522,423
373,65,520,426
377,74,523,418
379,62,410,127
423,120,364,66
333,63,401,128
436,116,329,62
339,62,418,120
336,64,445,114
416,108,329,63
334,66,400,112
370,59,401,108
384,97,546,415
405,127,521,413
422,156,537,430
456,186,524,426
519,414,485,219
527,259,524,414
536,277,520,420
544,410,535,309
552,316,540,407
550,351,528,418
534,353,548,415
546,387,NaN,NaN
NaN,NaN,540,392
NaN,NaN,537,407
NaN,NaN,532,409
NaN,NaN,545,398
542,412,NaN,NaN
547,407,NaN,NaN
545,408,NaN,NaN
NaN,NaN,525,409
534,411,NaN,NaN
526,408,NaN,NaN
538,408,NaN,NaN
543,412,NaN,NaN
NaN,NaN,525,415
537,417,NaN,NaN
539,414,NaN,NaN
539,413,NaN,NaN
535,413,NaN,NaN
541,420,NaN,NaN
536,414,NaN,NaN
541,414,NaN,NaN
537,403,NaN,NaN
547,425,503,367
506,356,551,425
554,420,520,331
554,398,533,303
521,290,550,430
517,414,491,250
463,218,534,429
511,412,423,166
397,148,541,418
518,429,398,119
344,105,445,106
323,106,433,86
319,82,431,77
451,66,299,74
283,65,405,65
279,61,399,58
280,62,402,51
390,58,270,61
258,58,374,65
257,59,377,64
263,65,370,60
369,63,258,59
262,60,365,56
280,52,381,59
264,58,377,60
357,57,246,61
360,51,258,54
356,67,253,63
244,59,366,55
259,54,372,64
263,66,371,56
378,51,274,62
275,61,392,77
269,61,420,92
303,60,444,122
287,65,468,145
292,66,519,189
538,224,289,68
303,64,554,270
556,284,303,67
564,343,303,63
319,75,574,355
560,359,311,60
562,364,294,77
298,66,551,384
538,410,290,65
542,386,289,62
542,391,290,63
296,63,534,416
545,398,292,63
302,64,534,412
286,63,536,404
545,410,278,65
542,404,281,63
292,57,541,391
293,64,538,390
551,386,303,62
553,390,299,67
554,349,298,72
292,65,574,333
295,66,530,276
286,67,518,249
499,198,286,67
513,186,298,63
304,69,489,148
465,125,297,65
449,124,279,68
271,69,439,123
283,63,431,105
273,69,421,107
287,75,412,99
415,115,283,83
383,108,283,78
412,101,284,94
412,105,282,84
280,91,407,93
410,95,279,86
395,90,289,90
403,100,281,89
294,97,399,102
397,98,301,87
295,92,396,91
283,66,367,102
385,97,296,68
375,101,294,74
294,75,388,92
381,97,335,85
287,69,370,89
291,88,388,89
393,89,314,79
374,102,294,67
416,92,320,95
290,64,390,83
395,94,303,76
287,72,410,92
290,68,408,92
268,81,405,99
258,76,406,90
288,83,407,101
409,89,277,75
411,99,259,85
412,95,280,70
412,103,274,77
278,74,408,99
270,69,408,101
398,92,278,69
399,95,261,87
261,88,406,95
400,95,277,86
270,78,384,91
280,80,393,96
281,77,395,82
397,82,283,72
283,73,395,87
291,69,389,82
389,81,272,75
386,84,261,61
291,60,393,82
391,85,277,69
390,83,288,62
393,83,283,59
279,72,395,80
388,78,288,69
396,85,297,71
396,79,283,73
393,84,286,68
394,77,294,55
292,75,403,79
392,81,289,53
392,79,288,70
300,70,403,88
399,76,287,76
396,74,296,52
286,67,389,86
285,52,386,80
387,84,277,58
393,83,276,64
392,71,284,62
288,55,388,80
295,71,395,69
289,66,390,74
398,79,299,54
277,57,395,79
401,84,301,65
401,80,295,78
386,82,283,72
287,68,388,76
384,81,284,67
389,88,277,57
287,63,390,86
288,60,400,85
287,72,387,95
397,99,290,77
289,74,395,106
281,70,390,106
262,69,394,108
389,105,260,82
295,124,399,113
398,109,277,150
397,114,291,189
395,122,NaN,NaN
302,285,390,113
385,116,303,334
319,349,383,119
316,367,387,117
323,371,402,119
395,113,309,385
380,103,322,398
306,393,384,119
319,393,396,105
327,398,403,110
399,109,325,399
316,401,399,112
318,401,386,130
394,115,317,410
389,124,332,399
395,118,310,406
391,124,321,397
322,386,393,120
390,117,309,378
312,375,392,112
395,112,306,337
402,126,312,314
405,113,300,279
408,114,325,250
301,201,402,118
294,148,404,123
309,152,411,110
418,112,303,122
301,110,413,105
418,99,314,103
402,107,304,85
304,81,417,98
403,88,300,69
411,97,298,69
400,89,290,62
399,87,296,62
286,57,398,78
393,77,292,59
280,72,400,72
386,89,283,65
382,68,282,59
272,54,390,72
290,65,386,61
413,59,293,57
399,68,291,66
393,72,300,59
403,75,304,57
308,59,413,62
392,62,293,62
392,62,288,61
411,82,296,57
295,62,396,71
399,77,294,60
302,53,407,60
292,53,404,63
406,63,296,58
405,70,304,60
291,58,394,68
338,59,426,59
333,53,429,52
395,65,NaN,NaN
425,65,324,70
NaN,NaN,387,54
383,62,NaN,NaN
380,57,NaN,NaN
397,63,NaN,NaN
370,65,NaN,NaN
387,60,NaN,NaN
380,53,NaN,NaN
377,57,NaN,NaN
391,60,298,56
324,64,418,60
409,71,313,53
301,63,403,61
404,64,317,56
387,53,289,57
290,65,397,57
281,64,388,63
293,55,397,64
312,56,392,75
390,65,312,53
325,65,419,59
296,59,390,58
400,68,324,51
389,64,287,53
306,54,386,59
309,59,402,67
300,56,399,65
321,62,409,73
397,62,302,51
398,59,299,58
391,64,294,64
295,51,392,70
289,52,392,65
320,58,403,72
285,53,380,64
292,54,391,64
307,69,403,62
294,51,385,76
416,77,321,64
294,64,382,65
319,58,414,68
278,62,378,72
303,65,403,54
294,64,392,67
381,75,288,58
296,60,392,60
294,60,389,67
285,61,374,85
292,57,393,70
377,81,278,62
285,66,374,79
381,92,282,66
288,78,372,112
381,100,284,99
389,115,310,125
320,147,407,116
364,118,335,216
382,111,349,225
366,278,NaN,NaN
383,103,378,307
424,380,375,90
377,96,416,364
381,109,419,402
431,412,388,109
423,417,388,103
394,107,424,414
384,99,423,412
397,95,424,407
438,413,388,104
423,410,379,105
425,410,384,106
401,100,425,410
393,98,430,429
428,417,384,109
385,105,424,423
426,422,389,100
426,365,376,100
384,101,417,351
387,114,413,330
381,109,400,302
390,107,392,258
395,244,385,136
370,222,391,124
395,110,343,194
328,151,417,98
308,111,399,128
414,102,311,110
283,86,416,89
417,84,279,81
268,74,407,101
420,78,264,64
258,61,422,75
420,63,260,75
254,63,415,66
247,63,409,58
252,58,412,60
257,68,405,65
398,59,273,53
404,51,296,55
287,64,419,64
403,59,282,56
288,57,403,68
399,63,288,59
289,62,403,56
383,60,286,59
407,59,285,53
401,64,307,55
305,61,407,64
428,51,312,60
295,57,401,58
391,55,288,60
400,66,290,63
404,57,304,55
301,64,402,55
298,54,412,59
294,55,394,68
404,72,292,62
287,56,399,68
285,53,389,71
406,62,297,59
415,64,291,60
403,69,301,55
280,64,391,54
295,59,409,71
394,70,285,51
399,67,301,60
409,67,297,63
409,61,281,51
275,66,412,52
390,63,263,59
410,62,268,52
416,62,313,55
273,57,383,57
413,65,288,60
299,54,399,59
385,59,262,62
289,59,393,58
391,61,280,65
290,66,406,79
280,59,402,67
279,63,395,61
311,53,409,69
276,59,394,56
277,64,402,84
401,61,276,52
278,60,389,74
392,71,284,77
403,64,289,51
273,63,383,67
274,51,400,64
304,56,407,76
281,54,389,71
274,55,390,69
278,55,391,63
274,74,380,79
367,78,263,55
398,97,269,65
283,61,395,99
283,58,400,81
384,77,287,61
281,61,382,82
283,56,381,92
393,103,266,62
272,63,394,92
372,92,275,62
387,82,276,58
272,58,385,92
385,94,281,62
389,88,288,51
369,89,268,73
376,94,267,61
373,92,279,56
267,64,370,100
391,102,294,61
270,64,375,88
270,61,367,94
364,100,270,71
266,72,389,94
365,88,265,73
363,93,266,67
310,70,410,73
301,73,400,83
265,70,365,78
360,86,263,56
269,70,365,96
276,64,365,90
275,59,365,85
285,64,383,97
278,52,366,84
382,92,270,63
265,65,365,84
380,102,280,64
279,64,381,86
279,66,382,90
284,57,388,99
276,61,390,105
383,112,268,67
384,106,293,60
285,69,385,114
289,75,390,102
286,82,380,116
386,109,288,75
280,75,388,112
271,73,386,110
385,113,278,68
293,78,392,100
284,74,384,112
288,87,385,113
289,67,383,118
287,77,387,117
289,78,391,108
284,79,392,109
395,110,281,81
389,106,297,77
292,80,391,99
390,97,290,89
388,105,289,95
384,88,NaN,NaN
394,112,NaN,NaN
NaN,NaN,360,99
NaN,NaN,391,95
270,63,391,109
298,60,404,99
387,100,277,59
292,70,393,98
289,60,388,98
281,78,396,88
395,94,281,77
302,79,402,107
284,85,387,94
290,53,384,97
285,55,388,92
386,93,280,52
387,98,288,62
389,98,285,58
387,89,287,53
284,57,392,100
385,97,283,68
400,94,303,73
294,51,391,91
392,94,290,53
288,68,399,95
306,76,407,83
407,87,309,66
307,68,405,84
293,65,392,85
290,58,391,80
307,67,412,98
396,77,293,56
399,70,303,64
323,65,417,73
NaN,NaN,367,63
331,59,428,70
NaN,NaN,361,59
363,55,NaN,NaN
287,64,386,77
386,70,NaN,NaN
NaN,NaN,370,60
357,60,NaN,NaN
388,57,NaN,NaN
380,58,NaN,NaN
NaN,NaN,386,56
383,63,NaN,NaN
396,58,NaN,NaN
409,57,305,53
413,54,311,58
405,66,303,52
319,67,415,66
315,54,415,66
407,61,305,60
312,61,413,60
396,59,296,61
416,56,316,57
297,62,397,61
418,55,322,61
290,56,389,57
399,57,302,65
312,65,411,57
303,54,406,54
317,59,412,56
309,56,408,59
406,56,305,52
372,62,NaN,NaN
381,51,NaN,NaN
NaN,NaN,377,62
NaN,NaN,392,53
389,68,NaN,NaN
390,65,NaN,NaN
367,53,NaN,NaN
NaN,NaN,377,64
400,64,NaN,NaN
392,60,NaN,NaN
326,68,422,61
317,62,422,65
413,58,319,56
323,66,425,59
328,65,434,60
322,56,417,68
308,66,411,57
316,70,413,61
415,59,315,53
405,66,NaN,NaN
406,64,NaN,NaN
311,58,410,61
322,54,423,63
310,57,412,62
417,55,317,63
361,54,NaN,NaN
390,63,NaN,NaN
399,64,NaN,NaN
NaN,NaN,394,63
396,62,NaN,NaN
406,57,NaN,NaN
396,53,NaN,NaN
340,64,436,51
322,52,418,54
NaN,NaN,401,51
396,52,NaN,NaN
397,52,NaN,NaN
NaN,NaN,412,60
393,54,NaN,NaN
NaN,NaN,392,52
NaN,NaN,392,62
NaN,NaN,397,57
389,62,NaN,NaN
443,53,344,64
435,63,342,68
NaN,NaN,400,64
412,66,312,57
NaN,NaN,380,58
317,61,420,57
NaN,NaN,397,69
NaN,NaN,387,66
NaN,NaN,382,65
NaN,NaN,374,63
NaN,NaN,407,72
419,68,320,66
NaN,NaN,378,65
312,65,410,52
383,75,NaN,NaN
NaN,NaN,404,56
414,61,337,68
298,53,394,63
337,64,430,51
416,70,320,65
300,64,402,53
416,54,317,60
321,54,408,62
283,62,384,52
320,60,417,62
331,61,423,60
297,61,390,51
285,65,385,51
311,66,414,53
335,63,404,59
324,63,411,57
388,56,325,65
303,77,385,64
387,65,321,54
308,83,407,57
415,55,316,63
289,66,391,75
381,68,282,62
408,65,304,74
299,75,398,82
415,92,297,98
404,96,296,118
398,107,286,163
307,213,393,104
315,247,401,102
298,281,396,109
409,108,330,333
391,102,334,363
314,362,387,113
314,362,385,113
385,113,339,385
393,114,317,381
393,108,317,385
328,397,382,104
326,401,392,110
322,403,393,114
322,398,384,108
318,402,387,109
316,398,409,78
383,116,312,403
322,384,384,97
379,109,308,380
400,108,312,373
313,362,407,114
307,340,408,71
318,316,410,73
411,94,312,268
414,65,305,234
416,85,294,197
422,109,295,171
411,85,308,151
420,97,315,123
305,89,423,71
326,94,425,62
410,81,311,69
403,84,304,63
303,59,407,69
412,69,306,63
322,67,424,67
413,54,316,70
308,65,405,64
414,62,314,63
294,69,395,65
288,54,392,60
400,65,307,59
397,62,299,57
315,63,423,58
382,86,293,60
314,53,416,51
319,61,416,53
421,62,308,61
317,62,423,66
427,61,324,64
319,62,426,60
302,66,399,59
326,54,423,56
323,54,417,62
296,56,416,51
326,53,419,73
332,62,436,61
323,56,419,73
334,57,431,68
415,63,334,63
304,74,407,74
400,69,290,55
399,76,286,55
403,54,284,53
399,72,289,66
317,58,431,64
306,79,394,67
316,59,412,52
407,57,299,61
308,65,410,57
301,59,403,76
324,55,411,56
295,63,400,74
301,84,402,60
410,67,288,54
292,53,414,52
297,54,407,69
290,68,400,70
399,63,305,78
431,63,319,55
289,60,390,66
292,73,408,68
405,69,312,56
425,64,323,55
422,63,319,56
396,60,284,60
304,58,402,65
398,60,297,60
406,56,307,56
308,65,410,62
383,64,285,61
398,63,294,69
304,55,400,57
301,64,396,64
287,56,384,65
405,66,302,70
300,51,397,63
304,58,397,62
NaN,NaN,352,63
409,59,309,51
NaN,NaN,368,65
368,62,NaN,NaN
369,59,NaN,NaN
NaN,NaN,364,53
NaN,NaN,349,61
NaN,NaN,361,63
NaN,NaN,363,59
NaN,NaN,366,53
NaN,NaN,355,60
371,62,NaN,NaN
NaN,NaN,359,61
367,62,NaN,NaN
342,63,NaN,NaN
355,59,NaN,NaN
365,65,NaN,NaN
364,65,NaN,NaN
NaN,NaN,347,61
NaN,NaN,339,61
339,63,NaN,NaN
NaN,NaN,342,64
NaN,NaN,363,67
363,70,NaN,NaN
358,66,NaN,NaN
NaN,NaN,364,62
359,68,NaN,NaN
394,65,307,61
422,72,322,63
303,77,399,94
417,99,318,114
335,185,396,82
346,222,402,89
314,249,401,95
401,101,331,295
398,107,352,329
339,365,402,94
395,86,345,380
401,81,332,366
323,395,393,90
407,63,330,395
316,396,382,86
318,397,390,67
391,61,312,395
341,409,395,81
401,65,326,406
318,398,392,75
389,65,315,409
403,62,320,412
401,66,338,407
316,408,398,59
311,403,389,88
401,66,337,404
336,409,405,65
331,403,398,65
320,401,393,90
333,399,388,64
401,65,314,408
320,404,386,68
337,412,390,70
331,412,389,66
389,60,325,408
307,415,382,65
338,410,392,64
392,66,329,409
311,415,386,68
307,419,388,88
398,63,332,409
393,86,305,418
396,66,330,421
321,414,391,68
393,62,316,412
314,421,382,86
326,406,404,67
335,414,388,73
325,412,397,66
404,64,320,414
310,415,394,81
392,61,331,413
393,89,331,421
392,84,314,415
318,402,394,84
385,86,322,404
321,402,394,67
390,66,313,408
317,390,394,67
384,83,326,384
384,66,325,365
328,322,391,90
322,312,392,91
387,95,324,254
321,230,404,92
315,189,396,92
409,69,318,164
420,95,317,154
286,121,377,136
380,119,288,101
296,75,387,117
304,66,379,104
294,59,384,104
312,65,415,98
402,93,307,67
416,86,315,63
388,79,292,56
311,66,412,72
396,68,295,61
390,77,293,64
288,64,390,62
403,66,301,61
310,66,403,78
274,55,364,65
402,69,300,64
384,55,283,56
293,56,390,65
294,63,384,64
395,72,294,55
289,57,388,62
285,67,386,62
375,57,275,53
287,62,385,56
387,56,290,65
366,53,292,65
289,60,377,64
280,53,372,62
291,61,370,64
276,62,365,61
375,65,288,65
NaN,NaN,332,63
279,58,371,60
285,51,364,62
273,61,368,60
268,55,371,65
282,52,372,60
391,74,292,59
300,58,385,53
390,72,290,59
408,63,307,65
320,54,NaN,NaN
NaN,NaN,330,66
410,66,313,52
NaN,NaN,332,67
NaN,NaN,325,63
NaN,NaN,341,72
NaN,NaN,331,62
336,64,NaN,NaN
334,66,NaN,NaN
NaN,NaN,352,51
296,59,396,67
NaN,NaN,343,59
NaN,NaN,358,70
NaN,NaN,357,69
358,68,NaN,NaN
NaN,NaN,324,61
338,61,NaN,NaN
NaN,NaN,343,52
343,57,NaN,NaN
NaN,NaN,359,57
392,51,294,52
300,58,396,71
NaN,NaN,359,68
407,65,315,54
297,53,395,64
NaN,NaN,347,59
312,54,407,62
410,68,316,53
346,56,NaN,NaN
325,60,NaN,NaN
NaN,NaN,330,56
349,55,NaN,NaN
325,60,NaN,NaN
NaN,NaN,334,52
NaN,NaN,330,64
302,68,401,64
372,65,288,57
374,66,283,52
297,65,397,61
391,79,297,66
386,68,290,54
379,75,279,61
310,61,394,69
292,61,386,61
369,60,268,72
395,64,287,70
NaN,NaN,287,63
276,67,NaN,NaN
296,65,NaN,NaN
NaN,NaN,282,62
NaN,NaN,279,68
288,63,NaN,NaN
274,62,NaN,NaN
NaN,NaN,287,64
277,62,NaN,NaN
NaN,NaN,285,60
NaN,NaN,293,63
283,64,NaN,NaN
270,66,NaN,NaN
289,61,NaN,NaN
286,64,NaN,NaN
290,55,NaN,NaN
277,59,NaN,NaN
NaN,NaN,292,63
303,56,NaN,NaN
NaN,NaN,302,63
296,62,NaN,NaN
293,61,NaN,NaN
NaN,NaN,307,60
NaN,NaN,306,61
NaN,NaN,309,66
NaN,NaN,307,63
307,61,NaN,NaN
307,58,NaN,NaN
NaN,NaN,283,60
NaN,NaN,295,66
NaN,NaN,285,60
292,65,418,61
407,55,307,56
393,60,300,59
292,64,384,58
365,65,286,59
300,60,390,65
386,64,309,52
272,54,358,66
273,55,366,63
289,55,363,62
298,52,357,67
NaN,NaN,334,60
367,62,306,57
303,54,371,67
288,57,385,63
290,60,379,56
379,79,282,57
288,70,386,78
386,54,288,61
281,61,362,65
289,52,388,60
287,57,389,53
284,58,390,81
399,58,294,62
287,57,388,53
378,79,267,60
285,62,395,82
304,69,409,71
284,66,409,74
308,77,406,75
304,58,403,74
303,61,407,80
409,77,309,56
409,77,302,60
405,75,303,56
302,57,402,60
302,60,409,67
293,63,401,73
407,69,310,58
292,63,409,61
415,64,310,61
413,65,311,62
301,53,400,63
398,88,299,65
300,60,406,59
301,61,405,56
295,56,400,60
310,59,410,89
292,58,395,84
306,60,402,56
395,55,299,67
297,61,395,83
290,61,397,83
304,51,413,57
286,60,400,86
402,86,308,60
417,81,317,59
397,87,293,54
399,85,304,59
299,64,400,82
405,91,300,59
301,54,403,90
303,58,411,83
271,52,376,81
295,56,388,86
385,86,283,57
301,56,389,87
273,57,386,86
302,65,385,93
275,59,391,95
393,74,286,63
264,58,358,77
296,65,390,80
286,65,386,88
281,51,372,67
284,68,373,86
394,82,295,65
296,62,381,70
380,106,342,53
314,60,393,80
402,90,323,52
323,54,370,92
324,62,385,110
380,103,309,53
302,65,384,86
400,97,300,76
307,158,390,102
395,88,312,197
307,249,394,85
323,289,390,82
372,84,321,324
334,348,379,78
385,99,317,373
388,100,320,358
387,98,316,389
327,379,396,92
321,370,393,99
313,388,398,66
323,395,385,84
396,99,312,398
328,385,396,83
407,100,316,398
332,401,408,99
329,393,397,89
334,412,399,80
324,401,401,82
406,72,337,401
405,78,336,402
311,406,406,105
333,404,402,85
403,78,337,407
405,78,316,398
402,72,330,401
401,84,316,400
313,406,412,66
415,100,311,399
401,86,301,395
411,66,319,388
408,82,314,375
312,360,425,89
430,87,316,375
421,93,323,349
422,100,304,296
433,69,326,234
439,93,330,201
438,68,337,168
312,164,422,84
333,125,424,64
316,132,423,82
406,81,318,116
414,65,315,108
314,115,408,69
318,102,407,68
324,108,425,86
324,107,426,78
409,91,314,91
322,100,426,69
318,92,408,85
321,90,417,93
401,79,301,79
419,75,321,76
319,85,419,72
306,79,405,77
403,80,311,78
412,87,312,77
296,83,390,69
335,86,387,61
334,89,420,73
299,79,400,66
416,69,331,77
299,87,394,64
404,59,307,64
320,72,419,81
412,69,325,86
395,64,327,94
420,68,321,67
306,67,406,63
391,60,331,87
322,68,402,83
332,68,428,65
416,68,332,72
324,65,427,65
418,53,325,61
436,55,335,66
332,91,428,64
438,53,330,66
398,71,300,71
430,65,335,62
411,69,310,61
335,62,438,57
398,72,303,60
404,77,306,68
338,69,427,65
403,66,328,79
323,64,421,60
304,68,402,63
400,67,301,68
324,64,428,77
433,67,342,72
327,57,417,64
424,57,324,64
322,58,417,69
318,74,413,75
322,69,417,55
413,74,305,67
333,82,437,68
316,80,415,71
417,77,316,81
315,78,425,89
311,63,412,86
434,78,328,72
316,67,418,92
424,73,324,79
326,81,425,69
308,70,406,68
407,79,303,76
305,71,409,68
321,69,415,68
315,69,411,66
312,68,411,76
388,67,294,81
303,59,396,69
298,62,386,79
424,89,320,75
383,81,316,58
395,92,298,86
312,69,391,100
315,83,392,111
312,92,397,118
434,113,336,124
367,163,373,77
421,99,363,177
367,194,427,99
403,128,387,244
382,270,412,136
387,299,414,139
415,134,408,353
411,125,425,358
427,382,408,125
425,421,421,140
417,130,430,414
402,145,428,407
406,120,423,403
430,408,412,137
424,123,431,408
424,411,411,136
419,133,434,421
411,136,430,420
433,415,413,128
426,137,426,401
434,423,399,128
433,390,398,139
439,423,414,133
412,340,411,135
411,122,409,327
408,125,390,279
416,122,381,250
367,228,413,121
419,120,369,214
420,107,338,168
327,156,421,111
428,99,324,130
423,87,315,135
430,92,305,101
306,98,417,87
425,86,305,89
300,89,416,70
415,62,297,67
307,71,417,71
406,66,287,53
419,72,289,65
303,64,406,70
405,57,303,64
295,58,422,64
274,56,380,67
268,59,407,56
404,63,274,59
404,54,279,61
278,55,407,51
402,58,269,54
271,59,392,66
395,59,281,64
402,56,285,60
282,69,409,62
390,70,272,65
278,57,391,63
395,56,275,58
397,64,270,56
396,67,270,51
270,57,402,66
276,60,405,70
275,68,407,65
264,55,405,56
264,56,397,58
271,60,402,66
409,53,298,54
302,54,413,52
397,67,297,53
272,61,374,55
401,64,293,51
417,54,287,58
399,67,288,58
416,75,286,56
286,56,383,55
274,53,416,70
398,73,287,61
283,70,402,54
292,57,400,66
279,60,417,61
383,62,275,57
409,53,289,61
274,57,395,78
277,66,397,59
387,70,272,62
268,63,402,72
265,64,384,64
282,63,382,61
387,64,285,54
400,70,298,61
290,70,405,64
405,60,305,51
397,51,275,63
283,58,397,55
392,60,275,57
402,69,275,60
386,67,289,75
284,67,377,65
394,61,290,64
274,53,384,65
276,64,381,66
278,52,381,64
385,58,280,53
385,61,275,71
399,61,302,70
274,60,373,61
379,62,278,52
384,63,268,55
401,62,283,62
283,68,385,59
285,64,386,58
395,63,294,61
378,57,265,54
397,63,287,70
399,68,281,57
286,51,395,65
385,58,285,53
281,63,394,59
410,54,286,57
303,64,410,68
410,66,284,64
262,52,378,66
272,67,392,67
397,63,275,56
264,65,396,60
389,51,289,63
286,65,404,69
403,68,276,60
272,56,373,63
281,54,387,54
284,62,391,63
279,53,393,60
290,64,392,58
302,65,407,64
296,61,399,67
401,60,288,56
390,64,285,62
274,56,385,55
280,65,393,59
282,66,390,61
285,61,399,57
294,53,393,68
390,63,283,53
277,51,405,60
251,62,391,57
286,61,402,60
390,64,286,64
391,64,272,61
269,62,368,64
290,53,398,53
277,59,391,61
407,63,275,51
367,57,266,55
272,66,379,54
274,60,401,66
267,55,369,63
284,63,399,60
285,61,386,51
293,69,396,61
381,64,288,52
374,79,274,52
400,64,278,54
400,52,301,68
295,61,391,65
402,64,315,56
397,56,293,59
403,55,304,60
305,57,413,67
400,53,310,60
412,65,308,58
315,62,414,60
316,62,411,66
312,63,410,66
362,63,NaN,NaN
310,53,415,60
409,57,307,57
378,62,NaN,NaN
397,62,299,52
301,54,401,61
404,60,302,55
394,57,298,58
292,51,394,60
297,52,399,54
374,54,NaN,NaN
373,56,NaN,NaN
NaN,NaN,370,55
NaN,NaN,381,64
374,62,NaN,NaN
NaN,NaN,385,54
NaN,NaN,379,61
386,52,NaN,NaN
NaN,NaN,380,57
377,59,NaN,NaN
NaN,NaN,374,55
384,56,NaN,NaN
376,51,NaN,NaN
NaN,NaN,381,52
377,68,NaN,NaN
NaN,NaN,367,73
341,56,NaN,NaN
NaN,NaN,359,52
400,59,297,60
293,53,393,58
NaN,NaN,372,53
366,58,NaN,NaN
NaN,NaN,374,64
NaN,NaN,361,51
383,56,NaN,NaN
382,58,NaN,NaN
364,51,NaN,NaN
NaN,NaN,380,53
NaN,NaN,377,59
NaN,NaN,376,55
374,57,NaN,NaN
NaN,NaN,381,54
380,54,NaN,NaN
382,61,NaN,NaN
396,61,NaN,NaN
NaN,NaN,368,56
NaN,NaN,382,58
375,56,NaN,NaN
324,52,424,55
NaN,NaN,376,65
315,51,409,52
373,59,NaN,NaN
NaN,NaN,390,56
283,55,389,67
379,59,NaN,NaN
395,57,293,54
404,53,292,51
401,58,305,54
379,53,282,63
276,56,374,56
384,68,284,53
295,64,396,51
268,53,379,57
259,54,356,61
251,61,359,62
267,64,377,54
266,72,367,68
351,66,246,54
244,65,350,67
352,63,248,68
354,66,250,58
248,66,367,68
357,64,245,60
358,65,248,66
260,56,357,65
252,62,353,67
257,64,360,76
280,56,378,64
254,55,364,67
373,69,263,58
355,67,253,62
382,80,263,61
273,57,392,84
393,64,276,71
395,65,293,79
390,66,286,75
279,98,394,68
381,89,281,123
282,125,391,110
291,184,395,121
295,202,396,108
399,134,307,245
391,131,NaN,NaN
292,307,393,138
402,117,297,337
387,119,301,345
393,98,316,346
318,347,383,108
317,352,387,99
341,371,385,112
320,363,396,89
333,375,382,112
336,373,384,115
383,113,320,385
384,101,334,381
381,108,331,382
334,377,385,122
388,103,318,399
384,102,329,382
383,106,328,368
384,102,344,397
389,99,324,378
391,99,329,367
349,395,383,111
383,108,324,376
383,101,319,373
334,384,384,117
331,373,390,98
386,102,318,386
382,104,316,357
328,365,381,106
383,114,327,335
398,94,333,337
323,315,397,128
410,131,322,289
402,126,316,257
395,118,316,229
409,116,300,176
293,158,399,114
407,110,300,137
412,119,296,115
311,125,408,102
312,99,409,94
400,109,299,85
394,103,291,108
305,84,409,75
305,85,406,70
285,94,385,88
271,87,374,100
287,96,385,92
302,82,403,89
405,84,305,76
383,95,292,75
384,89,294,73
279,88,375,84
299,69,401,75
390,63,291,69
369,84,267,67
383,61,275,73
272,70,369,69
374,59,280,61
395,72,295,67
383,62,284,59
364,68,267,62
382,66,270,67
275,69,375,59
384,61,289,58
267,63,352,66
384,67,283,65
384,65,277,69
265,63,353,66
271,57,372,56
271,51,356,65
263,64,359,58
367,56,271,65
278,66,349,59
263,52,352,67
362,60,261,64
250,62,360,62
290,67,388,57
267,60,363,58
288,58,389,67
355,62,264,66
287,62,378,64
377,66,292,67
289,59,390,69
344,63,246,76
372,64,289,58
360,62,265,56
379,62,287,69
247,54,344,65
375,60,276,74
383,64,280,66
369,66,264,60
269,58,377,65
379,65,289,66
265,69,367,72
386,64,283,61
349,58,262,67
364,57,286,67
366,54,268,69
347,56,247,69
273,65,366,66
349,60,287,68
348,58,287,76
350,60,294,72
277,77,374,63
377,66,280,69
351,58,258,79
265,76,357,54
394,61,294,64
342,60,255,73
280,54,373,69
276,55,367,64
276,64,375,58
263,71,369,63
374,55,274,60
365,67,263,57
388,53,286,62
297,66,380,54
376,62,279,51
262,52,361,69
282,51,368,66
283,51,382,66
381,59,283,53
376,54,261,62
378,65,279,57
284,67,376,66
286,61,378,65
384,59,284,60
284,57,382,78
276,66,373,66
366,73,305,64
368,69,294,57
304,66,373,88
303,61,378,66
318,63,389,76
316,64,402,67
394,72,300,62
292,60,392,65
310,59,401,81
308,63,382,85
394,76,321,64
328,58,379,82
380,64,303,62
318,59,400,75
416,68,323,59
303,67,404,67
321,60,420,64
404,61,297,62
300,57,399,83
416,66,311,66
394,68,291,60
394,68,297,64
403,75,301,81
387,62,291,63
296,75,396,63
286,63,392,72
390,62,291,73
396,72,296,58
399,86,300,83
298,73,397,104
298,94,397,122
296,107,404,119
299,119,407,134
288,128,394,127
396,144,300,134
390,139,313,192
390,132,308,188
391,141,331,257
322,286,375,133
383,122,307,310
368,125,311,329
376,135,318,351
316,348,370,127
315,365,391,119
365,127,342,370
381,87,312,373
360,125,340,374
337,396,365,133
368,131,326,373
320,379,387,130
389,122,325,373
318,375,370,131
343,373,379,139
319,386,363,125
324,378,385,130
315,361,368,127
318,378,372,130
332,371,389,121
351,349,387,132
348,332,387,137
331,309,396,129
389,93,317,269
393,126,313,213
316,213,409,132
415,86,329,182
335,160,403,83
396,131,297,132
311,127,408,100
410,96,328,115
320,98,402,65
306,87,405,101
410,77,318,90
420,65,320,74
400,62,305,73
308,80,391,83
399,55,300,66
387,78,287,66
411,91,302,71
301,68,392,75
299,62,384,66
284,73,386,52
298,61,398,64
390,75,306,67
270,65,378,70
386,75,296,55
291,74,383,58
307,61,407,73
384,70,286,59
370,64,265,64
283,59,390,65
376,57,269,64
264,64,367,62
272,72,378,62
366,62,266,63
270,70,375,56
272,67,370,53
382,58,275,73
394,61,275,66
294,53,398,62
402,60,296,58
404,67,306,60
399,62,285,57
401,65,295,59
402,63,303,55
290,65,386,54
398,54,297,63
396,70,300,59
292,63,407,60
412,59,313,59
392,64,283,66
366,60,268,51
380,58,278,61
400,68,304,57
287,63,395,63
279,70,375,55
273,68,381,60
391,53,289,68
386,56,300,67
387,56,293,74
290,66,377,54
383,71,296,57
418,56,301,54
418,51,289,63
400,62,291,60
284,54,407,59
281,62,406,56
301,51,399,63
402,61,300,62
401,59,291,64
398,58,309,59
295,59,416,55
397,60,301,56
303,67,398,53
295,65,390,57
396,73,301,59
399,67,300,60
398,60,298,54
378,63,280,57
416,66,302,52
399,62,300,64
291,54,397,55
398,61,290,62
412,58,298,53
390,61,281,54
304,55,408,77
395,57,302,61
382,53,281,62
400,51,303,59
287,52,386,59
281,72,391,61
392,63,293,60
292,71,393,68
386,55,288,69
376,71,281,51
375,68,286,57
292,65,391,56
285,58,396,63
304,64,411,55
390,72,286,67
292,53,393,56
374,68,272,68
409,65,311,59
370,61,291,65
292,62,401,60
373,66,272,59
288,58,369,65
279,55,372,67
382,61,284,53
362,57,262,53
287,57,381,58
269,52,365,58
360,58,270,58
360,55,265,65
393,52,285,55
398,63,293,56
378,55,289,59
380,59,289,59
397,60,288,64
294,54,403,61
288,53,395,68
286,67,391,66
376,60,275,63
376,62,268,67
394,66,291,58
371,66,270,62
365,56,266,53
377,63,268,66
374,62,267,79
359,65,260,73
246,78,380,58
251,53,380,61
237,75,373,65
NaN,NaN,375,63
378,63,NaN,NaN
376,68,232,87
251,107,379,54
246,114,386,65
267,111,383,54
293,115,391,72
277,77,377,59
387,64,NaN,NaN
386,59,278,61
381,67,274,71
286,53,390,83
390,66,288,94
293,67,395,67
388,67,288,55
271,53,379,64
271,54,374,88
269,61,391,66
381,65,286,57
291,65,391,85
383,89,282,63
393,84,291,79
392,82,282,90
289,84,388,76
384,82,286,101
291,78,398,65
387,64,280,78
394,75,288,69
286,73,389,63
294,63,393,72
287,81,390,92
393,69,286,63
287,73,393,65
299,70,394,63
296,59,395,63
396,67,283,63
280,59,385,66
291,61,391,60
258,62,401,63
283,67,385,60
277,59,384,61
389,62,292,65
302,64,396,58
297,76,393,71
291,67,394,74
383,69,290,80
390,60,296,66
386,55,286,67
377,63,263,61
389,60,293,73
299,64,404,71
284,61,390,60
287,68,389,71
388,63,282,83
294,70,386,65
392,65,283,80
288,63,403,66
403,66,299,66
295,65,386,66
300,61,400,64
286,61,387,65
384,69,271,66
292,71,402,74
389,68,285,62
295,72,391,73
296,74,394,63
386,65,280,72
390,68,260,73
391,77,278,71
378,64,280,69
281,67,384,75
402,70,303,82
392,72,281,70
287,64,390,84
287,66,388,65
383,83,283,57
281,73,387,82
277,57,387,82
270,62,386,82
263,64,384,73
274,74,393,62
280,67,400,89
272,63,390,88
285,75,398,65
383,94,251,65
292,67,394,95
394,88,294,64
277,62,375,84
381,90,282,71
285,59,382,92
378,69,285,63
282,66,374,83
372,66,288,56
300,65,384,91
384,87,303,65
290,68,378,91
375,89,283,65
291,66,391,90
383,100,287,63
287,79,388,95
386,108,289,76
276,88,391,103
385,122,276,114
389,112,281,145
385,115,289,189
306,225,389,129
386,118,314,265
297,288,383,117
379,115,305,325
331,337,389,112
307,330,390,101
315,358,385,99
387,120,326,359
307,376,386,97
391,99,335,372
393,105,314,372
379,98,319,381
382,100,314,385
326,387,390,107
397,86,340,382
320,389,389,101
394,122,335,382
388,89,316,390
393,104,312,391
389,102,330,390
387,99,306,375
383,99,316,393
312,388,392,95
385,96,337,388
319,382,390,95
391,93,326,376
329,388,392,101
310,371,388,93
310,361,395,114
385,99,309,361
384,97,300,341
392,111,313,348
297,336,395,112
400,109,294,303
401,114,277,246
277,220,388,120
394,113,278,180
409,112,269,155
410,103,264,147
259,131,400,101
275,117,391,71
276,126,401,94
280,111,405,67
390,65,284,117
289,117,394,76
298,107,398,83
290,107,390,72
413,57,302,93
300,96,397,67
294,85,395,86
292,80,378,70
378,60,287,85
413,67,296,73
400,67,288,81
276,65,377,71
396,64,299,72
285,67,381,61
380,78,284,66
385,67,284,92
413,67,311,69
298,66,394,64
283,73,377,61
297,74,392,64
299,76,405,62
286,69,389,65
393,62,290,73
407,62,309,71
374,62,275,62
414,62,311,71
379,63,279,76
390,65,285,69
302,66,411,68
286,72,387,62
290,76,392,67
281,74,380,59
281,72,370,64
275,82,370,63
397,69,299,76
286,64,395,83
283,67,382,69
290,77,393,87
285,68,386,80
381,90,282,67
400,82,293,82
379,70,280,68
283,72,394,67
295,66,378,60
299,66,403,69
375,83,283,63
291,74,392,74
287,62,381,68
384,67,299,61
317,71,391,61
280,64,375,66
321,67,402,73
391,57,314,69
393,60,318,80
318,56,425,69
317,63,398,71
318,66,405,65
313,53,406,57
398,61,311,56
409,70,310,54
321,59,427,72
316,68,401,55
308,53,411,67
386,74,311,58
322,65,405,71
300,52,394,71
399,62,294,70
392,63,293,68
383,70,294,68
298,55,409,74
307,62,395,57
407,66,308,64
311,66,403,79
308,61,409,82
308,62,392,67
281,57,365,62
361,59,264,58
378,71,281,55
285,64,376,64
362,70,301,59
284,65,360,62
359,68,306,54
358,69,281,56
312,59,366,72
356,62,273,70
296,62,386,62
295,52,369,70
364,63,285,58
381,63,301,58
299,67,358,70
356,64,306,52
385,69,300,62
390,66,291,66
301,58,351,68
359,68,278,63
302,62,362,84
361,89,259,63
360,91,259,89
273,87,373,89
240,102,372,102
233,124,376,97
214,160,376,88
374,95,198,200
180,246,371,102
373,100,153,275
136,291,383,97
124,320,364,86
119,342,375,104
109,334,364,88
357,86,106,360
390,86,107,353
117,368,386,88
108,370,372,112
100,379,366,92
367,80,113,372
364,88,95,373
103,375,388,90
107,367,383,88
97,371,369,108
373,111,103,364
97,356,361,84
375,108,110,363
364,89,108,370
362,75,99,363
107,359,358,85
110,365,371,79
91,367,362,82
109,356,362,88
351,92,94,363
94,346,365,89
85,325,101,430
387,99,90,337
385,84,88,311
100,297,371,79
123,261,391,83
367,90,131,211
366,92,153,192
379,102,177,157
383,96,194,125
207,115,382,98
227,85,385,108
381,109,225,68
374,81,248,71
396,73,254,62
383,76,268,65
274,62,395,70
277,64,388,101
400,72,278,64
391,89,289,64
385,107,275,63
392,103,291,67
284,55,388,80
279,57,382,106
393,87,293,65
401,82,288,56
386,97,273,61
291,63,393,64
277,66,389,96
391,95,283,68
395,68,288,65
280,65,388,65
292,56,396,67
381,66,275,61
389,55,289,62
391,67,285,60
392,64,290,67
289,63,388,72
395,70,285,58
377,61,279,62
390,63,289,65
387,81,286,60
375,81,273,63
396,64,286,72
404,65,279,71
394,59,293,58
398,69,286,68
277,64,402,64
287,61,390,51
285,69,402,64
385,78,281,59
402,67,298,53
395,62,294,69
292,64,388,53
306,65,408,80
381,77,286,64
401,75,303,59
393,69,299,61
296,67,390,71
307,66,394,65
402,61,302,57
286,57,385,77
307,69,409,70
299,65,391,58
396,59,290,58
386,78,297,66
399,73,297,66
299,63,404,65
305,55,402,62
301,63,400,66
310,65,403,62
288,61,394,54
296,67,397,59
309,66,402,57
290,65,403,68
401,64,295,55
298,63,398,59
302,67,405,70
294,70,394,60
296,60,393,69
286,64,386,69
392,63,287,57
300,67,401,66
400,61,300,57
402,63,299,77
395,63,287,69
283,65,390,59
255,65,389,54
395,65,250,64
394,80,212,88
206,136,395,67
391,59,177,164
394,65,151,239
395,63,134,277
118,281,396,63
115,316,394,62
115,336,382,66
395,74,120,347
123,350,390,62
391,64,132,358
113,362,384,69
386,61,123,360
395,74,122,372
127,357,393,82
135,354,389,66
129,369,388,66
132,359,408,63
392,83,128,354
133,361,390,88
124,366,380,65
126,350,384,67
386,65,122,350
399,72,123,354
396,75,128,365
120,357,388,71
397,70,123,356
119,343,391,97
405,67,117,331
113,317,378,62
126,302,398,73
123,276,393,84
140,247,403,87
145,220,398,64
180,177,393,65
403,67,195,169
209,146,411,91
404,86,215,125
217,104,387,69
232,99,396,58
248,90,399,89
389,99,266,98
393,77,268,83
370,108,272,86
264,81,367,102
384,56,280,93
391,97,278,94
384,100,289,97
278,99,385,98
284,96,NaN,NaN
384,102,284,102
386,107,273,81
272,94,393,61
277,92,404,68
381,107,281,110
260,103,382,104
270,110,395,104
378,113,269,111
382,97,274,106
389,65,272,115
405,64,288,108
262,106,385,69
267,102,387,69
388,59,289,108
396,70,266,104
276,120,387,64
288,93,389,56
404,65,285,103
267,105,393,77
386,66,286,104
276,92,404,88
388,87,265,93
279,91,385,77
291,110,395,66
287,100,387,88
420,62,286,105
389,62,288,93
407,58,284,88
284,93,389,61
393,65,293,96
401,63,289,122
397,79,281,87
NaN,NaN,293,99
281,89,NaN,NaN
NaN,NaN,290,90
NaN,NaN,289,88
399,66,293,98
NaN,NaN,287,89
NaN,NaN,291,106
294,91,NaN,NaN
290,83,395,63
291,95,393,68
NaN,NaN,293,102
NaN,NaN,289,104
NaN,NaN,286,101
NaN,NaN,280,107
NaN,NaN,279,79
288,80,NaN,NaN
288,75,NaN,NaN
395,68,275,77
391,67,278,80
277,74,388,69
NaN,NaN,284,74
300,73,NaN,NaN
282,74,382,101
294,75,392,63
301,82,410,99
413,95,305,79
295,72,397,94
402,87,298,76
398,61,289,78
286,89,388,64
407,63,300,77
403,65,289,76
289,76,410,88
388,66,289,73
293,81,396,54
396,59,300,87
408,85,307,77
296,89,398,86
388,82,287,89
302,83,408,64
289,85,393,62
291,93,392,66
NaN,NaN,311,90
289,77,384,93
390,63,286,83
383,82,283,85
387,98,286,88
395,64,299,93
305,86,410,62
395,58,297,89
312,79,NaN,NaN
390,59,290,80
296,88,396,83
293,79,392,62
293,92,389,60
300,86,410,92
391,81,288,86
411,85,307,81
416,59,306,78
298,83,406,67
391,75,291,83
386,101,281,88
399,61,295,81
281,83,382,62
291,85,393,94
283,81,386,101
391,95,293,82
403,89,300,87
290,91,390,91
294,85,389,101
392,77,292,100
398,96,291,91
380,109,283,86
395,94,295,82
287,87,388,93
390,111,290,91
386,113,286,96
396,112,269,104
269,106,405,93
385,74,276,105
269,63,298,152
408,94,306,165
333,205,394,104
398,66,351,244
400,90,369,271
NaN,NaN,393,311
392,73,415,347
427,380,392,73
397,61,430,408
435,374,396,64
433,425,391,83
436,395,400,64
391,53,435,395
401,69,437,393
435,423,394,72
397,61,437,421
440,412,399,65
434,409,400,66
401,67,442,405
436,413,392,67
432,407,412,72
429,416,402,64
435,407,412,80
397,56,435,417
434,414,387,77
397,67,438,412
436,421,414,56
103,422,440,426
384,64,438,423
433,416,391,70
401,69,433,421
448,424,397,61
432,418,397,71
436,408,417,56
439,422,409,63
436,418,394,67
439,412,394,59
393,60,439,430
441,429,394,69
436,418,397,74
393,63,444,418
405,65,441,421
396,80,435,419
387,72,438,426
426,422,397,78
401,82,426,375
417,371,406,68
392,81,398,320
385,285,405,63
352,249,407,89
399,86,330,219
310,189,394,80
315,162,411,77
414,71,310,147
399,81,299,142
284,136,392,109
279,127,397,91
278,116,389,97
271,105,387,59
265,95,402,71
258,89,388,89
381,92,271,81
384,85,269,83
256,83,392,83
255,83,379,60
385,88,263,81
384,75,275,90
380,79,265,78
264,82,387,80
277,80,394,71
269,85,375,83
390,70,280,91
396,63,270,78
264,74,378,86
389,83,255,74
251,62,390,66
235,61,385,84
391,69,223,62
100,423,243,75
226,52,399,74
225,52,399,65
243,52,392,67
222,62,373,86
229,60,388,64
243,64,396,76
234,64,381,83
245,66,387,72
266,62,391,80
262,60,384,89
375,98,272,57
372,88,276,53
376,96,272,57
282,58,381,59
289,66,376,91
370,95,279,61
380,62,284,69
269,65,374,100
286,60,377,83
270,58,370,81
275,63,373,76
375,82,272,58
275,61,380,71
278,63,381,67
373,77,279,64
277,61,366,88
387,70,275,62
382,65,302,62
268,62,361,67
292,59,389,60
282,71,380,61
373,69,278,60
270,56,367,65
288,53,362,87
386,63,293,56
291,67,383,68
289,60,380,68
271,65,367,67
396,71,292,65
278,62,366,74
286,53,371,97
371,66,287,63
279,61,372,67
297,66,381,65
283,60,369,70
286,56,374,80
285,69,388,70
290,55,385,76
364,76,318,56
363,85,297,54
313,59,383,78
265,59,358,87
298,61,361,91
367,91,274,62
347,108,282,55
270,64,365,89
292,60,349,115
287,56,356,111
264,59,363,112
284,61,354,109
277,68,351,113
360,126,291,60
299,64,355,115
266,56,357,119
267,75,359,107
258,58,375,92
366,86,267,64
365,84,263,69
358,96,267,64
259,60,358,69
277,51,348,95
356,87,267,60
345,96,265,60
369,84,269,60
366,63,273,65
354,64,254,71
358,79,266,60
257,66,352,90
365,81,264,54
254,60,357,66
285,60,377,64
269,65,379,84
273,56,371,78
379,54,279,56
355,57,266,65
264,61,360,62
350,58,257,61
284,66,390,55
275,69,363,53
379,68,277,57
275,57,369,80
393,68,291,59
365,54,268,68
282,62,393,68
397,65,290,62
281,59,383,74
383,60,285,62
280,56,99,419
366,75,263,57
264,62,371,65
284,54,396,69
366,69,275,66
287,59,361,66
259,58,355,67
360,62,274,66
114,424,327,61
254,54,352,66
378,60,273,53
368,57,268,57
292,56,116,414
270,54,368,54
253,52,353,63
373,65,276,55
377,64,267,57
274,64,374,51
277,56,380,55
102,425,312,60
278,60,376,57
382,57,287,60
380,55,281,54
111,420,290,61
308,65,111,421
291,64,86,428
119,411,324,62
270,59,372,52
307,62,103,425
297,54,105,421
102,419,329,64
292,68,388,65
324,61,99,424
108,417,308,63
299,51,98,424
357,57,266,58
290,59,385,59
303,57,110,427
291,59,121,417
110,403,292,65
282,59,387,61
294,58,111,418
279,60,118,427
295,56,116,407
105,421,307,63
109,418,293,60
288,64,112,413
115,409,295,56
108,422,299,64
310,65,109,424
112,418,310,66
103,411,289,57
297,63,111,420
289,58,108,427
112,423,291,52
286,61,115,403
110,426,292,58
319,60,106,418
115,409,283,64
105,421,279,52
307,59,111,416
287,63,105,412
111,419,293,59
299,59,95,421
112,426,315,59
303,55,105,419
99,422,300,65
109,409,287,64
112,423,278,61
94,422,294,65
274,59,356,66
265,60,358,64
256,63,356,65
268,67,363,54
360,55,268,66
287,53,363,70
258,54,362,55
264,51,359,81
351,75,294,55
301,61,389,78
296,63,365,68
94,422,313,63
102,420,319,55
325,58,101,423
118,419,317,62
318,54,104,421
316,61,110,426
392,80,300,63
116,420,311,60
279,65,385,69
296,62,376,77
299,62,373,61
282,63,384,72
285,59,385,55
288,53,401,60
283,55,391,57
275,63,377,87
271,65,369,69
364,73,263,51
299,65,400,67
104,420,281,65
115,413,299,68
116,414,298,68
107,408,303,67
105,430,298,67
105,418,297,70
295,65,115,416
314,67,107,411
94,427,292,68
121,420,299,67
352,71,262,60
355,73,272,65
283,58,395,59
389,51,283,67
409,68,290,61
387,63,286,64
404,57,266,68
410,62,301,67
270,71,379,55
301,69,407,75
284,63,413,58
376,64,269,62
276,59,386,54
284,66,396,58
293,64,392,68
262,68,358,64
262,66,362,67
272,60,365,75
373,91,272,73
360,92,257,61
296,57,402,60
267,65,370,98
114,409,306,79
265,65,366,88
401,88,298,63
91,428,302,76
265,71,364,89
307,69,112,426
283,67,382,84
275,59,376,86
389,83,284,70
357,106,266,62
362,95,266,70
373,97,279,62
265,67,350,90
347,88,262,64
273,67,378,99
373,84,276,64
275,65,367,90
268,66,355,93
265,62,352,91
272,63,354,94
364,99,268,64
108,426,311,62
348,100,276,51
355,99,279,65
353,94,267,67
342,109,253,73
274,65,341,109
276,93,362,111
293,126,394,108
346,98,294,162
292,211,354,96
357,118,279,213
360,106,319,286
293,296,378,106
307,336,356,100
365,107,319,339
308,340,358,97
363,100,307,351
368,106,314,355
355,101,314,343
364,100,333,370
359,104,318,368
359,105,338,368
314,371,347,112
367,96,328,375
354,91,330,368
316,380,358,106
330,383,362,106
324,375,360,86
360,110,324,378
356,90,333,379
355,89,321,374
353,105,345,377
331,358,362,104
359,106,321,365
361,109,312,348
362,101,318,317
363,108,314,313
362,97,293,261
287,228,367,109
354,101,289,179
280,161,367,91
355,119,258,140
384,116,267,130
265,141,367,113
372,116,255,114
369,112,256,117
267,104,365,105
384,119,271,101
277,92,377,113
299,101,112,428
279,100,380,111
284,86,380,114
273,81,371,117
372,113,274,89
374,115,279,92
360,104,260,87
354,117,274,86
264,95,361,107
349,106,263,78
269,88,355,109
349,109,262,67
266,75,372,105
354,103,263,69
265,82,357,100
273,74,376,108
260,78,353,108
278,76,377,114
273,76,374,107
254,57,353,106
354,107,265,65
357,110,260,67
266,69,342,103
266,75,354,102
354,107,271,62
339,99,264,71
340,102,260,63
342,108,260,65
356,119,261,74
352,102,273,62
348,104,264,60
270,77,366,103
346,96,272,67
346,116,264,64
258,69,344,100
347,97,268,70
384,101,282,78
260,82,349,101
351,103,263,83
264,75,354,109
346,103,250,66
350,102,253,82
343,106,260,75
351,111,279,73
343,119,287,81
349,131,307,62
352,136,340,65
402,171,334,102
420,194,355,119
443,202,114,406
473,251,109,419
119,420,489,272
508,298,111,411
529,316,558,418
534,372,117,413
539,386,117,410
526,384,110,414
537,394,109,411
540,413,110,417
112,412,545,400
533,408,116,411
539,406,NaN,NaN
111,411,535,399
NaN,NaN,549,409
NaN,NaN,528,408
524,414,116,408
541,405,109,418
NaN,NaN,530,410
116,411,549,411
NaN,NaN,541,416
NaN,NaN,526,415
533,414,120,419
NaN,NaN,526,416
540,405,NaN,NaN
532,399,NaN,NaN
NaN,NaN,529,381
525,370,NaN,NaN
558,421,530,329
517,304,541,424
116,412,495,266
474,240,NaN,NaN
441,212,NaN,NaN
NaN,NaN,398,181
387,165,370,53
350,75,361,168
365,136,338,87
291,83,345,132
345,110,260,97
353,119,253,75
362,111,242,89
362,108,232,75
224,80,376,114
357,109,224,94
220,92,356,115
367,106,219,89
365,111,225,90
364,112,223,88
365,110,231,99
360,125,233,89
247,86,359,115
NaN,NaN,239,88
245,91,364,108
242,94,342,103
252,98,353,108
357,110,241,101
358,108,257,98
247,108,350,108
360,101,261,95
250,104,350,114
358,104,258,98
250,101,349,104
251,107,349,110
247,105,361,107
245,106,356,105
245,105,356,96
252,100,372,109
351,101,247,104
357,99,250,103
251,110,354,102
239,106,363,99
240,106,376,105
354,100,243,107
367,96,235,108
363,98,227,102
237,98,367,99
355,108,222,101
372,104,230,90
207,86,371,106
227,85,352,111
373,109,239,73
356,108,242,73
240,67,338,88
342,94,259,63
297,66,354,124
358,131,333,51
362,66,392,132
357,95,430,158
434,177,114,412
NaN,NaN,466,190
490,254,NaN,NaN
508,278,NaN,NaN
109,412,530,299
121,419,545,341
106,420,553,363
538,372,116,410
548,385,NaN,NaN
543,399,NaN,NaN
NaN,NaN,548,400
529,411,NaN,NaN
546,407,NaN,NaN
NaN,NaN,546,411
549,410,NaN,NaN
NaN,NaN,535,413
547,418,357,116
347,124,550,414
529,422,343,133
536,419,356,124
538,420,NaN,NaN
538,420,NaN,NaN
544,423,NaN,NaN
NaN,NaN,542,418
NaN,NaN,537,420
547,421,NaN,NaN
530,415,NaN,NaN
NaN,NaN,541,412
540,405,NaN,NaN
NaN,NaN,523,395
520,369,NaN,NaN
NaN,NaN,524,358
504,324,NaN,NaN
NaN,NaN,499,296
NaN,NaN,475,269
454,247,NaN,NaN
432,219,NaN,NaN
412,198,NaN,NaN
370,77,374,174
347,64,355,162
327,56,348,127
274,78,363,107
341,113,263,70
347,105,250,66
350,95,243,65
244,68,364,108
239,59,364,105
234,58,358,92
228,60,340,99
336,100,231,55
227,54,334,87
348,87,232,55
244,55,348,92
240,52,343,90
351,81,250,56
246,52,347,94
237,53,329,89
244,57,336,99
336,75,236,52
241,51,331,90
254,58,328,104
328,82,246,54
326,96,245,53
240,56,330,96
241,59,333,80
243,53,320,91
332,97,247,61
338,100,246,51
331,98,246,51
247,56,348,88
334,106,245,59
323,85,238,55
336,95,244,56
348,92,246,64
266,57,363,97
324,87,239,52
356,94,251,57
336,96,234,59
239,61,334,101
352,88,254,62
341,98,244,65
239,59,344,98
244,66,332,104
233,68,330,102
329,99,244,63
228,57,332,98
325,96,229,70
235,64,331,96
294,123,248,67
326,96,228,59
245,59,314,99
227,69,311,99
315,101,249,67
333,106,234,65
250,57,328,100
322,99,254,56
308,99,248,51
233,61,320,88
241,68,327,92
322,100,235,66
251,60,327,102
246,54,314,92
326,95,239,68
247,54,319,90
242,54,318,93
247,68,332,97
242,69,322,101
315,98,251,66
242,67,327,97
325,110,246,59
323,102,250,51
330,97,252,60
332,100,255,67
251,57,315,101
328,96,263,58
322,95,249,65
254,66,333,109
268,57,327,96
253,64,326,103
325,92,247,57
324,105,257,55
327,95,259,59
325,98,258,64
256,62,321,103
269,59,319,98
333,99,263,62
250,62,327,101
257,55,315,98
324,110,277,59
325,104,279,60
277,51,325,106
322,99,259,51
253,67,323,110
321,106,253,53
329,111,243,61
344,97,244,60
325,101,254,59
240,69,338,96
328,110,251,68
332,98,247,72
251,67,325,104
324,94,255,60
335,93,243,66
246,60,348,97
250,62,351,85
328,69,235,64
232,63,331,72
330,71,255,55
319,59,348,108
322,58,364,101
342,59,361,121
358,73,380,167
351,110,402,210
408,251,NaN,NaN
118,419,401,294
337,60,420,343
435,381,NaN,NaN
116,411,437,388
431,425,120,420
NaN,NaN,427,410
NaN,NaN,434,425
433,409,115,408
439,421,NaN,NaN
NaN,NaN,431,410
NaN,NaN,434,417
NaN,NaN,426,420
NaN,NaN,442,413
441,417,NaN,NaN
NaN,NaN,431,420
430,421,NaN,NaN
NaN,NaN,439,418
436,421,NaN,NaN
NaN,NaN,435,417
428,424,NaN,NaN
432,415,NaN,NaN
432,423,NaN,NaN
NaN,NaN,433,422
NaN,NaN,426,406
112,411,445,392
436,375,121,416
351,75,418,350
413,285,365,59
342,56,401,258
365,70,384,249
351,181,361,74
343,188,343,89
301,130,409,164
293,109,397,134
351,118,264,63
254,72,341,103
254,64,344,102
242,63,333,98
242,60,337,89
333,88,246,65
245,62,328,85
328,99,232,51
230,53,324,99
225,53,329,90
326,97,218,58
215,64,316,106
236,67,336,108
232,55,334,116
319,111,228,65
341,105,241,69
244,65,329,107
241,59,324,110
337,104,238,68
240,59,318,104
342,110,259,65
243,55,332,95
252,53,321,106
327,99,241,65
270,61,331,113
334,106,274,67
332,97,271,60
334,97,265,60
292,58,330,103
285,57,337,104
333,108,284,56
287,56,330,101
337,116,312,63
307,61,334,126
298,63,330,110
310,72,348,116
96,429,318,92
326,81,106,427
324,105,111,429
103,419,318,95
117,418,316,95
317,101,116,408
103,424,314,88
321,98,96,421
118,416,310,106
309,98,107,424
309,111,109,420
109,422,310,99
309,107,114,420
298,103,104,411
295,58,342,114
344,112,272,64
346,107,267,66
320,102,267,68
283,71,337,120
259,65,336,96
330,102,259,63
271,81,318,113
342,106,257,79
266,93,350,115
324,106,267,73
332,108,252,60
266,72,331,106
337,127,275,84
263,65,329,103
111,420,317,104
241,64,334,106
254,78,337,101
254,89,343,114
264,89,339,112
340,112,266,80
343,110,260,84
256,79,338,102
107,427,317,103
241,62,333,106
326,102,259,72
112,420,321,101
113,428,299,97
292,98,105,417
113,408,292,103
109,414,311,97
301,114,90,422
108,429,302,96
259,76,334,102
340,108,248,67
239,84,336,105
256,76,340,98
322,113,238,75
342,111,242,84
252,81,327,102
247,67,334,103
248,67,332,99
260,75,336,102
110,427,320,97
249,83,338,100
108,425,280,101
344,95,262,74
337,97,263,71
331,116,249,71
251,52,324,107
332,99,245,61
246,68,335,118
249,78,322,101
329,98,243,67
338,102,256,73
334,101,262,76
333,101,244,62
247,69,333,100
247,81,340,112
244,87,344,110
268,64,341,109
326,99,243,66
242,62,325,97
329,100,247,67
323,105,246,59
328,102,231,67
255,68,345,112
325,114,256,64
334,95,233,59
251,78,341,107
342,109,269,58
341,120,252,83
340,108,249,57
250,67,311,106
338,104,253,84
339,124,239,72
230,68,316,93
247,56,312,99
238,71,339,89
336,97,255,67
331,94,243,67
257,87,347,108
253,67,336,97
240,81,334,96
234,78,332,94
320,112,239,80
314,103,238,58
338,92,251,72
241,90,340,95
330,122,250,60
334,95,235,68
347,109,251,78
242,65,341,107
249,85,361,108
242,81,346,108
238,74,340,109
237,76,323,108
343,108,250,70
331,104,237,67
333,98,238,75
248,83,334,104
335,107,243,70
235,67,324,97
340,105,248,91
246,65,338,94
334,111,250,70
331,98,246,89
245,81,331,96
240,61,331,100
242,77,331,103
335,92,234,57
341,84,244,79
335,101,239,72
336,112,249,81
349,89,255,83
345,89,247,81
248,78,338,103
256,90,341,123
262,94,363,109
255,86,348,93
348,92,260,94
340,95,251,90
256,89,329,105
337,98,241,73
241,89,340,95
257,92,361,93
250,79,338,106
366,99,264,90
255,87,327,105
260,96,361,107
260,99,360,110
342,101,251,86
335,92,241,105
344,106,257,81
240,82,339,121
255,90,344,107
240,89,344,118
233,76,334,81
339,90,240,82
230,81,347,102
217,99,344,89
341,118,202,71
339,85,210,64
210,61,351,85
205,65,344,79
230,62,337,74
354,83,229,60
355,82,229,62
262,62,378,66
362,103,267,66
343,76,254,51
368,73,273,59
365,85,276,53
270,54,351,80
259,62,356,78
362,66,263,61
265,61,366,60
359,58,266,63
371,62,265,68
363,70,248,66
242,65,366,55
374,52,249,61
243,55,374,57
388,60,229,56
213,64,380,51
205,64,378,65
219,64,371,67
373,59,201,54
201,58,382,54
187,57,377,60
373,60,193,56
186,55,384,54
383,51,182,51
368,61,183,67
184,54,367,66
217,54,377,63
381,53,213,63
380,61,226,60
268,53,368,73
279,66,383,54
366,62,276,61
365,54,271,56
303,66,108,409
305,65,94,419
106,430,305,63
117,421,313,63
317,56,112,411
116,399,317,57
316,62,97,423
311,58,103,422
121,414,304,54
303,63,113,410
300,61,111,427
370,64,271,77
289,60,390,55
293,56,388,65
297,65,392,52
386,75,302,68
391,59,302,68
108,429,340,56
97,420,342,64
341,68,107,412
334,63,109,415
349,60,83,426
107,412,360,67
108,411,360,67
358,65,108,411
346,60,98,420
112,423,362,70
119,414,350,60
118,411,367,68
357,54,102,422
366,65,109,410
360,64,89,427
356,63,118,399
339,62,118,412
343,77,110,420
114,413,328,60
357,63,108,419
331,63,107,421
343,59,107,415
91,424,346,65
108,426,339,66
358,67,106,420
353,64,104,421
371,64,287,52
404,65,302,65
370,67,271,52
282,51,377,54
363,75,263,64
375,60,261,65
366,62,257,61
262,158,372,63
238,187,359,68
370,67,226,240
381,60,235,287
390,71,223,351
385,68,222,366
375,65,237,368
379,69,205,383
387,70,226,389
388,77,225,394
364,68,219,415
219,398,384,64
232,399,390,75
383,72,233,413
219,414,363,70
208,414,362,73
379,66,228,413
369,69,233,418
195,420,381,77
224,412,385,80
364,69,200,417
231,420,366,71
384,70,222,425
381,81,196,418
381,82,215,413
388,70,186,418
376,65,235,413
229,411,355,69
216,416,357,73
396,101,224,415
385,93,223,412
225,403,386,77
379,68,215,413
368,68,213,423
386,76,218,410
387,66,216,403
225,407,392,93
381,80,215,408
216,394,388,103
384,65,214,398
220,351,387,62
212,361,375,63
199,348,377,64
223,278,385,59
222,254,375,66
383,58,226,225
227,181,377,62
231,161,385,64
394,80,230,137
386,86,240,119
400,80,246,104
380,83,247,91
259,82,376,65
271,61,375,69
268,62,375,88
268,62,385,69
278,63,371,70
357,66,260,64
359,57,280,67
291,65,391,71
286,62,382,64
366,65,264,58
270,55,365,76
396,70,297,68
371,64,292,60
294,66,393,63
389,73,291,63
394,56,296,68
296,66,404,65
399,58,301,68
404,62,310,64
414,67,304,69
311,66,425,73
315,52,420,65
309,62,443,52
436,70,314,62
431,61,327,60
315,56,427,54
310,53,447,55
332,63,432,56
435,57,316,60
318,55,419,63
330,56,439,60
331,60,425,55
425,56,317,66
428,56,324,65
415,62,317,56
315,66,423,54
318,60,426,54
433,53,335,63
341,54,NaN,NaN
323,63,426,53
334,56,436,52
344,60,NaN,NaN
362,59,NaN,NaN
357,57,NaN,NaN
NaN,NaN,374,56
351,65,NaN,NaN
360,55,NaN,NaN
NaN,NaN,360,58
NaN,NaN,365,53
NaN,NaN,348,59
NaN,NaN,354,57
NaN,NaN,348,56
342,52,NaN,NaN
NaN,NaN,357,58
NaN,NaN,330,52
345,56,NaN,NaN
NaN,NaN,346,57
NaN,NaN,333,56
341,60,NaN,NaN
340,52,NaN,NaN
332,51,NaN,NaN
346,56,NaN,NaN
NaN,NaN,359,51
352,59,NaN,NaN
363,53,NaN,NaN
350,66,NaN,NaN
342,59,NaN,NaN
NaN,NaN,344,55
343,57,NaN,NaN
338,51,NaN,NaN
NaN,NaN,340,53
356,62,NaN,NaN
345,54,NaN,NaN
NaN,NaN,342,52
354,51,NaN,NaN
NaN,NaN,350,63
340,52,NaN,NaN
NaN,NaN,343,59
339,53,NaN,NaN
343,57,NaN,NaN
345,54,NaN,NaN
345,57,NaN,NaN
351,56,NaN,NaN
349,51,NaN,NaN
NaN,NaN,358,55
349,56,NaN,NaN
NaN,NaN,339,51
NaN,NaN,344,56
NaN,NaN,351,56
351,52,NaN,NaN
346,64,NaN,NaN
NaN,NaN,352,52
NaN,NaN,348,54
343,56,NaN,NaN
348,67,NaN,NaN
NaN,NaN,359,56
344,64,NaN,NaN
341,61,NaN,NaN
NaN,NaN,322,59
NaN,NaN,332,51
NaN,NaN,332,57
423,52,320,68
438,52,336,70
305,64,448,62
438,51,304,58
315,71,439,55
433,59,306,51
307,54,449,59
443,54,310,57
321,68,477,55
320,61,459,63
330,67,462,58
463,61,329,57
461,55,354,65
352,61,NaN,NaN
NaN,NaN,352,60
335,56,NaN,NaN
432,57,329,57
432,65,332,56
431,54,339,56
339,56,427,70
352,51,413,65
351,56,419,62
345,55,411,61
408,63,342,57
340,52,418,65
383,69,NaN,NaN
411,62,328,51
397,55,NaN,NaN
381,63,NaN,NaN
439,52,341,51
331,52,412,59
435,60,331,55
342,55,450,51
NaN,NaN,361,62
324,53,425,61
333,63,419,55
422,58,314,60
414,61,329,58
327,59,425,65
436,67,326,65
411,52,319,55
440,64,341,55
432,63,339,62
324,64,428,63
433,61,332,64
326,58,427,64
342,64,431,61
347,58,418,67
424,66,346,71
416,63,320,53
446,63,346,56
362,55,430,66
346,74,437,59
335,67,440,74
332,52,421,73
355,64,457,56
345,68,444,59
337,63,428,65
347,67,447,62
326,74,421,63
429,80,335,65
438,79,333,65
442,58,343,64
437,57,346,63
438,58,338,66
403,66,311,81
404,61,345,88
432,58,341,61
405,58,336,69
336,65,433,61
396,58,337,71
390,54,340,90
312,72,388,64
379,65,346,87
317,63,381,83
313,67,367,88
314,65,387,90
373,84,317,61
377,76,308,61
304,63,376,88
304,70,370,79
372,89,314,52
373,88,304,64
305,66,374,88
372,93,308,68
313,63,373,97
389,83,312,64
376,91,305,67
315,73,375,85
309,58,377,85
378,104,319,60
374,87,296,58
378,82,307,62
312,69,380,91
381,85,316,65
362,91,304,66
NaN,NaN,362,78
310,63,373,82
375,83,311,66
304,65,376,95
376,93,313,59
377,77,307,67
379,82,318,64
318,64,381,86
307,63,364,84
310,63,376,82
NaN,NaN,358,78
369,91,315,68
376,91,330,65
376,105,314,59
377,90,297,60
341,67,372,101
314,67,380,83
306,80,379,71
373,87,310,63
381,84,305,66
NaN,NaN,346,65
369,89,310,60
386,88,313,60
NaN,NaN,363,83
304,69,381,82
378,90,318,66
363,81,NaN,NaN
318,70,376,88
NaN,NaN,350,74
378,81,319,65
321,63,375,89
380,76,311,69
367,66,NaN,NaN
375,84,313,67
312,64,381,93
381,88,303,61
374,96,308,63
NaN,NaN,361,68
375,93,309,65
NaN,NaN,353,71
314,62,378,80
NaN,NaN,358,87
380,94,324,63
382,77,313,59
377,102,352,59
379,102,310,62
307,62,366,89
392,68,302,74
308,58,384,88
306,59,381,92
319,54,378,89
316,52,372,70
403,66,313,61
396,70,299,58
381,68,302,55
363,71,311,52
379,65,306,62
299,52,383,65
300,66,394,66
385,66,288,57
288,66,368,64
299,61,373,59
381,65,281,63
407,53,302,55
272,54,409,53
291,63,429,59
451,56,287,56
485,66,284,67
498,65,271,83
283,60,507,61
277,57,485,64
260,62,490,75
261,60,489,72
512,66,262,69
251,61,497,72
255,64,513,77
491,60,253,65
252,64,509,74
245,56,506,78
499,77,244,59
500,68,241,54
483,63,240,60
246,52,463,65
248,56,448,62
241,65,444,59
446,69,223,59
437,63,231,52
213,57,402,69
206,55,398,54
364,66,205,55
344,59,184,62
171,55,316,70
306,63,176,55
172,56,279,57
278,62,170,52
252,66,NaN,NaN
NaN,NaN,247,70
244,71,NaN,NaN
NaN,NaN,NaN,NaN
NaN,NaN,NaN,NaN
NaN,NaN,NaN,NaN
NaN,NaN,NaN,NaN
NaN,NaN,NaN,NaN
NaN,NaN,NaN,NaN
NaN,NaN,157,52
173,51,355,121
370,112,178,59
390,88,183,58
400,67,200,51
NaN,NaN,208,57
NaN,NaN,223,57
NaN,NaN,229,58
231,61,NaN,NaN
NaN,NaN,244,58
NaN,NaN,239,65
NaN,NaN,255,55
NaN,NaN,262,60
NaN,NaN,259,61
NaN,NaN,260,60
258,59,NaN,NaN
261,60,NaN,NaN
263,53,NaN,NaN
NaN,NaN,266,63
264,65,NaN,NaN
273,61,NaN,NaN
NaN,NaN,275,60
NaN,NaN,269,57
402,77,NaN,NaN
NaN,NaN,406,87
NaN,NaN,NaN,NaN
NaN,NaN,NaN,NaN
NaN,NaN,NaN,NaN
NaN,NaN,NaN,NaN
NaN,NaN,NaN,NaN
NaN,NaN,NaN,NaN
NaN,NaN,NaN,NaN
NaN,NaN,NaN,NaN
NaN,NaN,NaN,NaN
NaN,NaN,NaN,NaN
NaN,NaN,NaN,NaN
NaN,NaN,NaN,NaN
NaN,NaN,NaN,NaN
NaN,NaN,NaN,NaN
NaN,NaN,NaN,NaN
NaN,NaN,NaN,NaN
NaN,NaN,NaN,NaN
NaN,NaN,NaN,NaN
NaN,NaN,NaN,NaN
NaN,NaN,NaN,NaN
NaN,NaN,NaN,NaN
NaN,NaN,NaN,NaN
NaN,NaN,307,55
NaN,NaN,310,58
NaN,NaN,310,72
308,71,NaN,NaN
299,59,NaN,NaN
310,72,NaN,NaN
NaN,NaN,296,66
297,75,NaN,NaN
310,87,NaN,NaN
309,75,NaN,NaN
301,68,NaN,NaN
314,73,NaN,NaN
NaN,NaN,301,76
303,72,NaN,NaN
300,80,NaN,NaN
NaN,NaN,276,77
289,78,427,57
457,57,287,90
447,62,296,87
295,86,456,56
447,56,287,86
446,66,296,86
288,88,446,72
430,63,282,95
297,102,438,70
439,76,289,104
287,97,464,88
288,102,439,91
298,102,465,95
291,109,454,111
456,117,290,105
287,112,471,108
299,101,450,118
293,110,446,117
447,123,302,117
438,129,298,99
446,122,301,105
452,120,294,107
447,130,295,102
300,103,445,128
292,106,455,126
294,97,438,127
282,103,451,129
458,120,297,85
464,121,274,93
272,77,452,129
456,130,294,78
296,72,489,122
