348,155,273,120
313,132,363,166
357,159,272,119
389,152,281,134
305,123,398,153
318,126,424,150
397,156,299,114
305,120,395,162
413,162,312,111
390,154,290,109
299,105,385,163
302,103,375,158
387,148,299,118
375,161,325,109
327,129,379,147
387,161,341,124
512,417,366,142
370,149,393,184
410,228,404,134
430,230,508,421
446,253,513,417
468,294,503,391
456,301,502,393
501,360,401,95
531,412,466,340
462,352,508,410
532,403,433,382
430,384,525,395
NaN,NaN,515,390
514,395,NaN,NaN
511,389,NaN,NaN
NaN,NaN,513,403
NaN,NaN,524,405
NaN,NaN,513,403
516,399,NaN,NaN
527,407,NaN,NaN
527,407,NaN,NaN
NaN,NaN,513,383
519,385,NaN,NaN
487,351,541,423
535,420,488,332
531,419,509,316
537,402,509,307
534,417,501,289
528,411,477,264
461,230,539,414
518,412,419,200
394,180,533,429
542,420,397,182
536,414,374,168
369,155,532,425
313,143,402,161
292,142,396,174
292,139,544,423
400,157,287,137
279,130,393,146
400,145,277,133
283,135,390,142
396,158,277,129
275,138,401,143
407,137,268,144
407,144,261,134
266,122,399,142
264,125,399,147
260,125,398,159
397,139,265,131
392,141,284,126
273,128,392,129
287,121,386,128
386,123,280,119
272,132,378,134
389,138,290,131
382,137,305,168
529,408,358,155
352,174,541,414
384,194,517,409
395,186,542,422
528,415,430,244
458,268,513,421
529,421,471,287
496,306,519,409
485,318,539,413
539,411,486,328
NaN,NaN,521,389
532,394,NaN,NaN
524,406,NaN,NaN
NaN,NaN,537,402
NaN,NaN,524,400
NaN,NaN,530,402
NaN,NaN,539,407
531,403,NaN,NaN
NaN,NaN,526,403
NaN,NaN,533,409
522,398,NaN,NaN
NaN,NaN,527,393
NaN,NaN,524,402
540,422,512,324
539,406,496,318
491,304,544,408
403,92,477,272
536,411,452,241
409,128,445,236
431,219,402,173
397,175,380,119
397,173,356,145
389,173,336,128
319,133,405,158
401,165,301,124
306,122,396,163
303,118,403,159
390,167,284,131
404,165,298,127
390,160,277,129
392,164,293,127
281,131,386,160
385,158,279,119
275,126,386,158
271,128,380,163
290,129,395,167
395,163,298,133
283,136,402,155
393,152,274,132
388,164,284,134
288,136,400,161
396,162,280,138
397,165,296,137
287,139,392,152
403,156,295,140
402,158,293,138
290,141,389,161
394,156,290,141
417,152,312,147
408,148,308,144
304,141,407,156
389,146,275,131
295,137,399,154
391,157,285,142
405,158,302,130
394,158,289,139
281,136,380,163
397,147,296,139
393,158,281,142
285,141,387,164
410,155,310,145
391,148,284,143
279,138,388,153
298,144,393,166
288,132,390,150
405,154,312,146
304,147,401,159
301,146,407,149
291,144,388,155
401,150,295,148
290,147,392,157
288,129,390,146
389,159,280,144
310,140,410,154
299,140,400,153
290,136,390,155
303,150,402,163
293,139,395,160
396,156,293,132
392,164,286,147
278,144,388,147
288,143,400,157
389,159,273,144
292,135,393,150
283,144,387,162
394,158,293,143
397,152,298,142
398,153,289,138
275,141,386,148
397,146,291,144
410,160,306,146
300,137,403,150
387,163,286,143
385,162,288,123
289,114,383,161
287,109,407,161
268,109,396,156
271,117,394,159
268,121,393,163
391,151,267,138
399,157,280,157
277,214,393,158
384,163,273,224
280,265,394,174
288,296,391,158
290,316,392,153
293,314,398,159
299,337,402,161
398,158,300,351
402,167,301,356
407,157,329,386
307,385,395,164
322,374,395,169
392,163,312,374
309,372,388,166
386,162,308,390
343,378,396,168
395,177,328,377
395,158,313,378
308,354,394,166
399,153,319,341
391,165,330,356
313,341,391,161
307,303,397,159
318,269,398,167
397,167,307,218
400,161,317,213
411,170,312,196
419,167,318,183
302,154,386,174
308,159,404,173
371,165,278,120
292,119,388,176
392,153,289,121
299,116,382,155
283,116,385,163
287,123,391,162
287,129,388,166
394,158,299,115
285,115,379,172
380,167,292,124
385,159,298,111
301,119,383,167
374,158,302,118
390,165,309,132
293,130,395,160
391,156,290,134
298,121,394,156
294,126,393,158
389,161,308,110
396,164,299,112
304,101,397,154
315,96,419,151
410,152,287,95
300,109,415,150
288,111,417,146
303,114,413,160
417,147,302,113
310,133,419,150
416,141,314,116
414,143,317,101
316,107,415,134
308,91,408,145
304,94,402,141
305,105,406,144
318,111,416,139
319,102,415,147
415,148,304,108
413,152,315,116
409,136,309,116
317,113,421,142
406,149,302,105
406,140,304,113
297,104,396,139
306,111,412,138
322,113,400,144
309,117,403,148
406,142,312,109
302,110,399,137
304,117,398,149
296,117,396,156
400,154,314,113
291,115,392,140
291,121,390,158
301,131,397,158
313,135,375,177
286,133,377,164
313,154,378,184
319,162,369,196
380,145,333,226
355,267,370,167
363,273,377,159
396,159,378,285
399,187,390,289
405,152,414,344
417,142,419,341
390,136,415,355
415,357,387,145
425,375,385,143
427,374,381,133
383,142,426,362
388,139,424,365
427,380,390,134
393,122,421,380
426,377,402,141
400,136,423,364
420,371,386,138
398,144,425,392
391,142,424,364
395,141,417,377
392,151,419,379
423,380,401,140
393,141,422,383
418,386,398,139
415,151,422,384
388,146,424,382
419,374,383,136
421,366,386,134
389,149,416,375
421,372,388,156
422,361,386,148
424,332,398,150
385,162,393,299
394,266,379,167
395,269,360,173
304,177,396,199
399,196,301,163
389,177,298,157
299,153,399,159
389,150,280,131
388,158,281,131
291,130,392,159
270,128,391,166
388,161,286,133
279,132,395,170
273,119,395,158
389,161,266,112
268,119,399,161
264,115,393,159
394,163,275,120
390,174,287,130
396,150,294,111
395,151,283,121
287,126,386,146
283,115,396,145
390,153,291,103
282,116,397,139
391,147,277,123
301,127,398,134
294,119,402,134
282,106,388,147
383,143,281,108
281,124,398,139
399,132,291,113
400,131,285,109
396,134,292,116
398,150,288,111
298,100,406,135
279,111,392,135
397,136,280,97
284,101,400,130
290,108,388,132
398,136,297,118
397,133,293,99
401,127,301,116
285,105,394,131
384,136,286,106
290,101,398,141
393,128,288,103
289,105,419,136
400,138,300,99
405,131,286,109
399,127,296,113
400,140,288,104
394,145,282,102
290,111,407,135
282,108,405,134
297,92,398,145
393,142,302,92
288,97,401,140
396,136,285,91
408,135,282,86
286,88,391,136
397,131,287,93
285,89,401,131
391,131,281,86
405,134,277,82
285,86,397,134
402,143,281,74
401,135,287,106
293,80,403,137
298,87,405,134
396,152,300,85
298,84,401,140
271,82,399,135
280,99,409,132
288,88,399,134
302,91,412,132
291,86,394,133
398,138,282,77
295,85,417,129
300,86,405,132
294,78,399,129
287,76,394,132
390,131,291,92
405,133,292,91
399,137,293,89
297,78,404,127
291,91,394,120
391,136,298,81
393,131,293,72
296,84,394,123
411,133,305,74
313,88,414,127
406,130,304,91
398,124,302,82
405,123,301,82
295,82,396,112
401,132,297,87
318,85,418,126
407,126,297,79
407,126,306,79
300,85,406,126
316,89,419,138
312,98,411,126
311,81,406,129
411,119,306,94
403,133,293,84
412,122,306,84
404,116,297,80
405,117,299,82
299,83,405,118
418,122,311,85
309,78,414,118
407,112,290,84
416,120,304,86
291,89,400,121
311,97,418,114
414,129,316,86
305,101,408,117
315,95,415,122
413,112,312,92
412,122,304,85
298,93,400,119
319,95,410,123
316,90,412,120
400,121,299,85
402,125,304,89
423,125,324,102
408,122,302,92
320,93,419,125
412,117,314,104
406,121,304,102
406,116,313,91
309,88,404,121
400,104,291,87
407,118,297,83
399,125,296,94
399,121,305,93
403,122,302,90
402,121,302,95
305,97,405,124
417,124,315,96
316,95,426,116
405,120,292,85
320,103,420,119
406,116,302,94
409,111,304,100
317,103,418,114
311,105,410,110
305,87,408,122
297,96,397,111
296,90,400,108
317,88,422,117
306,92,415,124
304,87,405,110
395,128,299,97
321,99,421,113
325,96,419,122
314,90,408,115
309,87,406,119
309,95,418,117
409,124,314,92
319,107,430,120
302,112,413,120
297,111,397,108
396,122,NaN,NaN
289,109,388,105
401,107,308,116
290,115,390,107
390,105,284,107
287,103,396,102
287,103,388,113
395,104,290,115
297,114,397,104
397,110,281,106
400,100,287,111
388,106,294,115
287,111,396,109
405,104,295,115
295,100,395,107
286,102,391,110
305,109,408,102
315,110,399,96
398,92,307,111
402,97,303,106
294,113,387,97
310,114,405,103
308,108,403,111
400,100,305,111
397,96,298,115
294,106,398,100
291,115,391,97
410,98,312,110
296,106,393,83
298,105,393,87
301,120,401,89
401,101,301,109
283,104,380,104
387,105,284,114
312,114,409,91
411,98,314,116
391,101,288,113
309,117,399,85
386,102,286,105
285,118,385,107
386,97,293,110
406,91,305,111
309,122,396,107
303,120,407,108
289,118,386,110
411,113,319,120
320,126,417,118
NaN,NaN,392,112
317,125,418,105
383,118,285,118
285,126,382,123
294,123,385,108
375,110,NaN,NaN
407,109,313,132
300,107,390,118
394,123,294,112
305,110,410,114
418,126,300,118
405,139,290,128
394,140,288,138
291,156,393,158
296,191,394,152
303,204,396,155
383,155,303,265
378,154,324,308
317,343,391,154
380,157,304,372
380,161,313,387
386,162,317,389
311,387,378,158
378,156,322,390
318,387,390,163
386,170,317,393
384,164,320,397
326,380,388,160
386,163,330,395
312,388,392,163
323,397,380,155
392,152,330,404
379,165,320,394
387,161,316,394
379,167,326,399
378,161,317,391
388,172,316,386
322,376,386,165
316,372,394,158
388,163,323,359
398,161,304,350
318,319,398,158
398,161,312,314
310,294,385,168
295,264,393,166
289,235,396,164
294,242,400,155
293,194,393,170
291,197,399,169
281,162,386,167
363,165,269,138
376,168,280,130
291,145,392,159
401,149,293,125
402,159,295,126
277,121,390,142
283,116,394,155
388,152,285,132
362,156,277,117
283,114,383,146
280,111,386,142
382,137,278,120
299,119,393,155
388,154,299,119
392,161,299,121
288,116,393,156
273,116,382,140
390,147,289,127
296,122,394,131
293,124,385,139
279,120,386,136
300,122,387,134
282,114,384,133
299,127,395,147
407,139,300,115
394,145,295,113
299,108,396,148
298,115,401,148
379,144,277,128
380,140,271,114
294,120,392,157
287,117,384,133
397,145,303,123
287,112,382,142
281,120,387,135
382,139,280,115
391,163,293,118
400,142,300,118
386,146,291,121
287,126,393,142
280,131,383,134
290,126,384,148
387,158,286,121
283,116,381,146
298,131,391,146
286,125,383,147
283,125,382,142
302,129,399,149
297,124,399,136
382,148,284,125
280,128,379,152
384,142,278,124
395,133,291,129
277,126,378,136
384,132,283,120
399,140,298,132
287,124,388,148
311,133,414,147
380,135,284,117
403,141,299,135
392,146,296,113
295,132,392,145
387,146,295,112
280,115,376,142
306,125,412,146
386,145,289,126
305,116,405,137
306,124,408,146
301,122,409,147
393,154,288,116
289,121,384,133
376,133,278,124
291,120,357,158
410,157,310,138
383,151,292,134
390,151,302,157
395,147,300,175
300,189,393,151
381,144,326,255
389,158,307,254
367,176,325,302
318,325,378,151
382,149,328,364
320,340,380,154
383,144,323,383
313,395,382,153
382,149,313,376
384,150,313,394
381,156,317,398
336,394,372,154
337,396,386,149
385,150,313,411
388,148,337,388
325,390,383,158
316,386,387,135
342,406,378,152
387,151,331,398
319,408,385,141
347,408,389,155
389,153,345,396
390,153,343,409
337,398,388,153
327,413,390,151
388,152,313,403
336,388,386,153
391,153,322,409
342,391,392,147
339,412,389,148
386,146,311,400
385,149,314,408
383,149,334,402
314,407,395,154
333,392,398,147
315,396,396,148
309,369,399,157
316,367,399,145
314,353,394,153
300,310,396,147
398,141,290,277
290,252,395,149
291,230,406,142
408,158,281,207
421,162,283,192
294,171,400,161
277,169,406,166
273,152,409,155
276,149,399,180
407,172,281,144
270,150,394,169
273,138,402,165
393,164,266,152
283,142,399,166
392,150,284,148
398,168,285,144
401,154,284,149
413,164,284,161
395,161,275,156
282,165,405,156
395,158,272,141
298,158,400,156
410,152,297,173
288,167,406,150
286,166,411,158
283,159,413,164
283,160,415,145
273,156,417,144
414,153,268,163
410,149,266,148
412,147,289,158
282,168,395,149
293,156,414,160
281,157,399,150
400,158,293,166
308,158,403,152
277,149,387,149
398,165,297,144
389,151,301,141
391,146,290,152
287,145,391,147
273,134,381,146
398,147,297,136
296,143,401,163
289,144,396,155
284,136,391,151
391,151,304,139
298,130,390,153
375,152,273,151
408,155,307,156
378,156,275,150
393,168,293,157
284,132,392,155
284,133,382,157
298,137,391,152
393,159,292,137
409,151,307,148
396,171,289,137
267,138,390,155
386,153,269,131
288,141,392,160
395,165,293,137
401,147,301,143
404,156,296,139
292,143,392,152
291,145,390,169
392,156,290,149
385,154,272,139
295,147,386,140
380,153,274,152
305,142,401,157
286,139,380,138
388,150,282,142
384,145,286,145
283,134,380,148
391,150,291,131
375,135,279,135
285,133,385,148
280,142,378,138
273,133,379,142
387,142,283,132
397,139,294,135
389,148,286,129
378,156,291,136
379,138,278,145
284,139,386,148
391,144,286,152
284,145,384,153
389,153,293,144
378,146,281,147
281,146,380,133
409,133,303,138
294,138,397,134
281,136,381,145
288,131,390,130
381,154,279,136
395,141,294,144
294,139,394,144
383,137,286,140
382,133,273,143
285,137,389,139
284,134,382,148
305,134,403,141
290,132,385,141
396,132,297,141
289,148,383,145
393,133,293,138
291,142,381,137
409,148,307,145
401,136,294,140
409,136,300,138
283,133,380,135
378,135,276,133
405,138,297,148
382,130,282,140
406,131,308,139
294,149,394,138
279,141,380,141
412,134,311,139
296,136,399,130
396,139,292,141
305,146,402,133
382,133,286,133
294,143,396,149
277,126,377,140
395,140,295,131
369,134,277,131
290,127,390,139
305,129,401,135
386,125,290,132
398,127,300,132
298,132,396,131
385,131,284,131
291,130,392,125
289,140,390,134
300,133,387,135
283,130,385,138
386,138,287,137
290,127,394,132
276,133,373,134
399,130,292,146
396,130,293,143
295,143,397,132
382,124,275,142
392,133,287,137
286,155,399,132
291,141,397,136
294,140,395,144
290,142,402,141
292,141,401,136
283,143,387,143
291,148,395,131
398,140,293,145
392,142,291,135
298,151,400,139
404,124,299,146
291,149,399,134
402,137,294,138
397,134,292,139
408,134,294,143
387,143,293,148
402,125,296,138
293,147,405,131
294,150,400,133
305,147,407,127
297,143,402,131
389,141,285,142
289,148,391,142
400,134,303,145
398,139,295,147
303,140,413,138
399,146,297,139
298,148,396,150
395,138,294,147
297,147,401,132
402,137,296,148
404,137,295,151
390,149,292,136
407,144,297,154
304,139,406,137
398,140,278,145
415,133,301,156
277,152,402,151
410,149,295,145
394,155,292,142
386,143,276,151
293,151,395,151
402,135,299,139
400,150,295,150
309,145,410,140
394,146,295,155
397,137,300,155
295,147,395,136
296,155,395,135
398,138,289,141
290,151,418,141
288,145,393,143
294,144,402,145
304,142,408,153
411,151,309,152
392,148,282,150
408,148,302,154
282,154,401,148
273,149,396,153
265,152,403,144
270,152,409,150
399,146,265,160
282,154,407,140
259,159,401,142
405,146,268,154
396,146,271,153
419,147,270,146
408,146,268,153
257,154,410,145
255,146,400,144
408,153,260,151
273,154,405,145
267,147,406,151
403,141,263,147
270,141,412,157
293,158,396,154
395,136,291,145
289,141,399,136
399,140,304,134
306,132,411,129
281,131,380,125
276,129,378,127
284,127,394,131
280,134,395,127
409,131,308,127
288,141,391,124
383,132,282,137
305,130,403,138
401,139,288,143
309,133,411,129
413,136,308,133
295,137,410,149
313,149,420,136
289,160,397,130
287,171,417,141
408,129,300,209
302,243,397,127
325,275,412,131
412,135,312,321
403,139,320,338
330,346,408,129
323,395,404,148
406,145,334,394
330,395,415,139
310,391,404,130
324,387,404,148
317,402,407,130
316,391,407,132
324,387,416,135
408,142,329,411
416,136,331,401
323,389,421,133
317,402,416,137
320,402,412,131
331,391,416,139
416,142,338,396
420,145,334,381
397,137,318,367
331,368,417,146
415,145,333,344
323,300,419,144
326,292,423,140
309,245,431,138
330,218,426,139
415,130,299,192
421,147,317,186
289,160,426,149
418,143,280,145
304,152,415,133
413,144,273,147
417,138,299,153
412,134,273,148
268,157,410,140
422,131,281,149
282,140,420,140
419,141,282,146
272,138,413,147
264,133,403,146
413,140,272,129
256,133,410,142
265,149,406,141
411,142,267,145
408,141,263,144
276,162,412,140
261,146,410,144
406,143,262,162
269,164,416,150
404,140,278,178
279,164,422,139
406,142,277,168
277,156,418,137
270,157,417,145
266,166,406,144
273,163,402,149
273,167,414,143
274,161,403,146
278,157,399,145
275,168,407,140
416,143,265,162
403,139,264,164
266,151,415,136
275,144,405,142
415,136,283,156
270,145,400,135
399,148,293,135
404,148,304,130
297,138,392,134
401,131,306,129
295,149,398,130
404,134,303,134
412,141,310,128
308,128,406,145
401,135,303,131
294,141,390,129
414,133,305,133
408,137,316,124
328,131,425,134
303,124,406,135
387,132,292,139
296,122,396,141
411,131,306,122
294,122,397,131
306,127,404,127
304,136,405,129
402,131,295,116
399,127,296,128
319,140,422,130
307,122,407,127
418,130,314,135
304,134,400,129
322,138,416,136
301,126,401,122
397,122,299,129
419,130,318,129
419,130,322,136
301,137,396,145
400,130,295,135
320,133,419,138
302,153,405,134
400,130,299,125
396,136,294,152
400,149,296,146
402,137,285,138
294,148,396,137
396,130,284,139
419,136,302,129
307,132,410,137
413,134,305,129
306,125,404,134
291,136,411,139
296,138,409,129
285,126,409,131
285,130,423,128
293,120,419,119
283,117,416,119
416,117,297,103
408,127,303,93
289,98,414,118
315,105,421,114
415,116,302,92
415,117,316,100
314,117,429,120
300,100,419,134
425,121,303,110
309,110,420,127
314,117,421,141
406,158,309,110
299,119,394,148
397,145,301,118
408,155,307,143
390,163,308,132
290,136,388,174
342,186,407,115
409,112,362,207
393,141,366,244
395,140,367,242
388,194,390,294
404,311,399,121
412,334,415,156
415,124,428,365
422,379,408,142
436,363,408,131
410,146,431,371
394,127,422,381
424,384,406,149
401,117,423,400
409,114,422,377
428,380,410,131
406,116,427,390
428,385,412,130
426,370,405,138
400,160,422,375
405,134,425,389
399,138,430,384
409,330,404,146
393,306,394,152
411,158,385,279
368,254,398,158
399,133,363,229
415,153,334,219
404,155,317,183
298,179,398,165
281,159,409,162
404,143,266,144
265,142,403,154
268,169,419,140
271,134,409,153
273,147,415,130
420,135,258,129
390,134,276,109
394,130,277,143
245,112,392,129
398,126,253,119
397,131,249,115
264,119,392,133
385,133,265,117
397,128,256,116
413,129,262,97
270,126,393,128
411,127,269,106
384,136,279,111
285,115,408,127
395,121,269,101
398,122,280,105
385,134,285,104
288,101,394,126
385,132,279,130
288,126,384,130
273,122,396,128
390,126,287,123
275,104,390,131
387,133,271,125
411,138,296,117
286,125,390,130
411,137,304,105
293,110,395,127
278,115,394,128
400,154,306,113
393,123,291,115
394,131,290,116
282,116,385,142
285,107,390,133
389,145,284,127
292,106,400,133
394,133,275,111
393,133,270,125
264,126,387,134
286,109,393,131
271,124,383,138
408,141,302,121
275,113,382,138
404,135,296,120
283,103,381,131
294,122,385,134
280,106,381,131
288,99,389,150
381,129,289,115
268,104,375,131
378,121,281,115
268,128,373,123
369,114,258,96
386,107,287,108
257,107,363,105
268,98,367,90
403,84,297,104
386,84,288,94
392,89,294,97
281,94,390,86
372,75,270,78
301,95,401,68
406,75,298,74
375,65,276,65
374,66,268,68
267,54,370,67
371,63,262,68
278,67,383,70
295,59,403,65
389,62,288,53
271,62,378,64
391,55,277,53
396,63,256,56
391,64,264,63
387,61,278,58
263,56,386,65
386,62,275,58
269,59,392,61
273,51,381,61
285,57,389,57
384,56,285,54
285,51,388,58
381,65,281,54
380,60,275,56
286,58,392,56
377,53,267,53
284,64,384,53
374,58,276,60
382,67,281,55
378,55,278,66
372,62,265,51
372,71,288,51
383,51,272,59
281,53,382,61
371,66,270,54
377,57,276,55
281,56,392,54
362,62,260,53
371,51,272,57
373,60,265,52
362,67,262,61
381,60,266,53
368,54,265,53
270,60,369,65
367,65,265,64
249,60,347,60
368,52,270,53
369,51,259,52
250,58,354,55
259,63,355,57
259,54,359,65
355,61,255,53
261,55,361,69
353,64,251,64
253,65,364,59
255,52,351,57
354,72,243,52
255,53,362,59
352,60,245,62
347,66,247,58
254,66,350,55
370,52,253,55
358,60,258,59
262,59,367,58
350,54,235,63
250,53,350,63
362,58,263,51
252,61,368,51
254,57,357,56
255,56,371,61
371,65,241,54
267,58,367,56
360,61,258,62
363,63,263,53
255,55,360,61
375,61,265,52
363,51,261,63
261,59,362,63
260,58,368,58
274,59,373,59
273,65,375,63
261,57,366,55
273,59,374,57
383,64,283,59
275,56,377,59
272,56,375,52
369,52,267,59
269,62,371,65
268,58,381,52
276,55,380,51
NaN,NaN,368,51
NaN,NaN,359,51
366,61,NaN,NaN
NaN,NaN,364,64
357,53,NaN,NaN
359,58,NaN,NaN
NaN,NaN,363,52
NaN,NaN,NaN,NaN
NaN,NaN,NaN,NaN
NaN,NaN,NaN,NaN
NaN,NaN,NaN,NaN
NaN,NaN,NaN,NaN
NaN,NaN,NaN,NaN
NaN,NaN,NaN,NaN
NaN,NaN,NaN,NaN
NaN,NaN,NaN,NaN
NaN,NaN,NaN,NaN
NaN,NaN,NaN,NaN
NaN,NaN,NaN,NaN
NaN,NaN,NaN,NaN
NaN,NaN,NaN,NaN
NaN,NaN,NaN,NaN
NaN,NaN,NaN,NaN
NaN,NaN,NaN,NaN
NaN,NaN,NaN,NaN
NaN,NaN,NaN,NaN
NaN,NaN,NaN,NaN
NaN,NaN,NaN,NaN
NaN,NaN,NaN,NaN
NaN,NaN,NaN,NaN
NaN,NaN,NaN,NaN
NaN,NaN,NaN,NaN
NaN,NaN,NaN,NaN
NaN,NaN,NaN,NaN
NaN,NaN,NaN,NaN
NaN,NaN,NaN,NaN
NaN,NaN,NaN,NaN
NaN,NaN,NaN,NaN
NaN,NaN,NaN,NaN
NaN,NaN,NaN,NaN
NaN,NaN,NaN,NaN
NaN,NaN,NaN,NaN
NaN,NaN,NaN,NaN
NaN,NaN,NaN,NaN
NaN,NaN,NaN,NaN
NaN,NaN,NaN,NaN
NaN,NaN,NaN,NaN
NaN,NaN,NaN,NaN
NaN,NaN,NaN,NaN
NaN,NaN,NaN,NaN
NaN,NaN,NaN,NaN
NaN,NaN,NaN,NaN
NaN,NaN,NaN,NaN
NaN,NaN,NaN,NaN
NaN,NaN,NaN,NaN
NaN,NaN,NaN,NaN
NaN,NaN,NaN,NaN
NaN,NaN,NaN,NaN
NaN,NaN,NaN,NaN
NaN,NaN,NaN,NaN
NaN,NaN,NaN,NaN
NaN,NaN,NaN,NaN
NaN,NaN,NaN,NaN
NaN,NaN,NaN,NaN
NaN,NaN,NaN,NaN
NaN,NaN,367,52
NaN,NaN,NaN,NaN
NaN,NaN,NaN,NaN
NaN,NaN,NaN,NaN
379,52,NaN,NaN
NaN,NaN,NaN,NaN
NaN,NaN,NaN,NaN
NaN,NaN,NaN,NaN
NaN,NaN,NaN,NaN
NaN,NaN,NaN,NaN
NaN,NaN,NaN,NaN
NaN,NaN,NaN,NaN
NaN,NaN,NaN,NaN
NaN,NaN,NaN,NaN
NaN,NaN,NaN,NaN
NaN,NaN,NaN,NaN
NaN,NaN,NaN,NaN
NaN,NaN,NaN,NaN
NaN,NaN,NaN,NaN
NaN,NaN,NaN,NaN
NaN,NaN,NaN,NaN
NaN,NaN,NaN,NaN
NaN,NaN,NaN,NaN
NaN,NaN,NaN,NaN
NaN,NaN,NaN,NaN
NaN,NaN,NaN,NaN
NaN,NaN,NaN,NaN
NaN,NaN,NaN,NaN
NaN,NaN,NaN,NaN
NaN,NaN,NaN,NaN
NaN,NaN,NaN,NaN
NaN,NaN,NaN,NaN
NaN,NaN,NaN,NaN
NaN,NaN,NaN,NaN
NaN,NaN,NaN,NaN
NaN,NaN,NaN,NaN
NaN,NaN,NaN,NaN
NaN,NaN,NaN,NaN
NaN,NaN,NaN,NaN
301,51,NaN,NaN
319,56,NaN,NaN
391,53,292,61
397,64,295,59
379,61,285,55
384,55,281,69
296,59,395,54
282,56,384,70
386,51,275,55
276,55,377,51
376,61,280,52
382,58,300,60
263,55,364,60
273,57,364,55
380,64,285,68
382,66,284,76
380,63,262,67
377,56,262,65
265,103,377,59
396,51,253,89
269,151,396,74
291,182,407,56
284,195,412,61
300,244,391,70
294,282,417,70
406,69,326,318
411,62,326,355
313,356,413,80
422,84,306,364
317,362,420,85
417,85,312,357
421,84,315,367
423,83,337,393
322,381,424,100
322,392,421,94
314,384,412,75
434,93,324,381
416,87,319,386
310,387,418,83
315,384,427,105
429,98,319,375
317,387,429,94
424,79,304,376
438,100,312,378
433,90,311,350
313,324,424,105
296,276,424,108
278,238,415,100
274,191,418,106
284,180,409,101
282,152,406,83
416,87,310,140
312,129,398,99
406,92,309,116
387,96,287,117
403,84,313,107
395,93,312,114
386,92,308,108
387,77,309,97
398,77,304,110
389,76,300,95
299,89,385,81
310,97,396,92
400,82,299,81
303,90,401,80
302,90,389,64
307,86,409,72
387,60,301,92
395,91,303,87
384,73,296,101
380,75,298,87
399,85,302,91
385,72,305,88
384,85,289,86
302,89,405,62
384,83,287,93
305,92,395,66
396,87,304,90
308,86,413,62
295,93,393,68
294,85,389,89
293,87,391,74
308,93,386,76
308,87,392,68
308,81,403,75
409,75,313,91
311,106,386,62
388,83,311,87
307,90,395,64
309,93,388,60
307,91,388,84
317,99,401,73
397,66,308,90
400,76,300,91
305,83,402,82
404,70,308,94
308,89,391,82
402,72,313,92
299,98,400,66
393,69,305,94
307,95,395,62
387,60,299,93
302,85,393,77
412,75,306,90
399,72,302,97
316,93,415,84
406,71,318,95
404,71,307,86
300,92,404,82
390,62,297,100
287,87,386,73
387,81,308,100
385,73,290,87
298,90,387,82
392,64,295,89
309,89,413,84
389,63,306,90
297,92,400,75
282,88,381,75
404,65,314,90
397,72,295,97
402,80,306,94
387,76,295,93
398,73,298,94
384,75,299,109
305,104,400,62
386,80,295,91
394,72,298,98
398,63,312,100
296,103,398,74
282,93,383,72
402,82,305,94
407,68,306,94
295,93,402,76
396,79,297,78
399,77,290,92
296,99,404,82
298,104,380,66
292,96,386,69
294,93,404,69
406,75,301,104
397,71,302,103
401,74,295,97
318,98,415,64
393,76,300,101
292,100,383,71
306,96,403,65
403,67,306,96
394,89,296,91
281,101,385,72
406,60,311,97
290,99,391,71
299,96,403,80
301,102,405,74
288,100,387,70
403,82,294,100
398,69,298,103
396,76,294,100
409,72,309,96
396,86,294,101
396,81,287,98
301,95,399,73
385,73,282,95
289,94,392,75
295,100,383,84
395,91,294,103
400,73,303,99
302,104,389,78
384,78,282,101
288,109,383,79
295,99,383,74
401,71,298,92
381,77,288,103
390,77,294,89
292,89,382,73
377,74,303,99
396,78,294,93
301,91,399,85
392,82,291,83
297,96,393,80
409,86,314,98
383,79,287,101
385,84,296,94
308,93,410,81
287,97,383,100
297,104,400,90
405,66,303,100
296,94,400,67
296,102,391,69
399,60,303,106
303,110,382,71
385,62,305,125
394,73,320,128
299,158,381,65
390,66,301,177
304,203,392,83
378,79,299,239
NaN,NaN,396,92
391,70,322,301
400,83,320,339
389,72,326,365
323,375,393,101
309,390,379,97
307,400,390,73
393,86,312,390
401,85,308,400
382,102,319,396
314,381,398,101
318,413,397,72
379,90,319,403
311,414,406,85
336,414,400,94
309,411,408,87
410,85,311,393
305,396,407,85
419,69,310,397
311,381,412,80
417,79,302,363
417,68,308,354
421,75,299,318
288,263,406,86
402,79,NaN,NaN
280,183,405,94
276,154,413,62
287,161,403,98
398,87,297,173
403,71,281,139
405,82,307,106
310,116,391,58
310,106,401,94
389,92,297,96
390,101,304,93
381,94,294,90
300,92,396,77
393,85,303,85
296,86,396,75
393,93,301,80
381,102,285,79
374,99,290,80
302,93,402,74
319,83,416,62
426,63,328,95
389,60,314,95
402,60,304,82
323,95,402,59
302,78,401,64
312,91,414,63
390,90,297,96
312,93,402,73
406,75,311,84
316,90,398,60
322,100,389,59
314,95,411,55
317,89,416,68
319,105,397,58
400,84,302,91
317,104,391,57
394,58,323,96
390,55,326,101
310,99,394,82
390,59,303,109
393,58,314,103
406,63,309,100
390,60,300,92
389,61,298,98
413,70,311,91
303,91,401,64
393,71,307,88
318,93,404,61
308,91,411,56
316,95,398,58
398,66,308,98
422,63,322,97
387,53,301,91
398,68,303,86
307,94,399,57
394,64,303,88
414,57,314,92
410,60,314,96
412,64,311,89
395,62,312,99
300,88,400,61
395,80,301,89
394,81,299,92
322,87,412,58
323,93,403,61
301,87,396,60
391,63,314,94
316,96,396,64
406,61,309,91
394,63,313,92
409,65,310,93
388,58,309,92
396,60,299,87
386,64,297,84
NaN,NaN,341,83
305,88,384,53
333,85,NaN,NaN
NaN,NaN,340,79
386,77,290,78
393,58,299,81
301,83,405,61
343,82,NaN,NaN
383,65,286,80
294,85,395,66
309,88,404,51
295,82,393,64
396,62,311,96
315,87,410,60
303,88,403,61
397,63,300,87
401,64,304,85
393,56,293,61
411,72,326,82
401,72,291,67
379,72,297,59
306,68,403,73
413,54,313,68
411,55,303,66
409,75,323,70
403,68,308,65
413,60,301,63
303,54,412,60
296,60,416,58
297,60,421,67
425,57,311,62
423,59,316,62
317,62,418,65
418,57,308,65
418,74,303,64
307,54,418,71
417,65,311,54
299,67,431,63
291,63,416,67
289,67,415,70
420,67,322,61
426,66,321,72
321,55,427,67
423,72,306,57
424,69,304,59
305,60,426,72
320,61,431,66
425,70,295,60
426,67,312,55
316,60,417,70
315,54,423,72
431,62,327,56
308,55,424,70
321,52,440,63
430,74,317,56
334,56,437,70
325,57,433,65
327,65,435,69
327,58,431,61
305,52,423,64
346,67,446,71
427,67,323,59
325,53,438,60
311,58,440,59
422,60,305,58
312,59,431,67
436,68,320,60
308,65,446,62
430,62,302,54
433,71,306,52
429,63,312,57
304,55,428,69
318,57,415,65
428,79,306,65
435,67,308,67
424,57,321,65
302,59,403,57
421,68,323,62
306,61,408,71
424,70,309,59
431,73,310,56
309,59,414,73
297,57,430,67
419,63,299,52
298,64,397,70
289,68,388,74
381,78,294,60
374,65,279,62
277,56,358,66
272,60,356,67
367,82,265,63
350,81,263,51
260,56,355,73
282,70,377,86
265,64,366,86
364,90,267,69
269,86,337,123
364,98,281,135
283,159,346,95
319,119,297,221
364,101,314,256
370,102,311,310
351,94,324,329
313,343,352,98
358,106,309,357
354,95,296,361
311,371,355,82
353,97,311,375
304,382,358,85
302,379,357,91
308,381,349,105
305,378,349,107
311,379,355,82
350,90,314,373
351,102,317,382
317,393,358,84
306,383,353,87
303,385,359,93
319,383,355,104
358,100,319,409
357,80,306,391
313,390,362,100
311,396,360,108
351,105,307,397
307,413,350,90
348,103,305,388
354,106,308,409
353,94,304,396
356,106,316,401
304,388,356,65
352,92,305,393
348,105,308,387
318,382,357,92
320,389,350,85
366,87,315,379
307,344,360,90
348,92,316,355
311,298,353,104
353,101,292,268
358,109,283,215
293,199,375,105
270,162,361,73
368,74,277,168
362,97,258,152
249,136,358,94
371,83,244,125
253,103,364,95
272,112,372,90
360,91,257,110
253,95,357,89
377,97,275,96
351,111,249,99
256,97,355,106
361,94,261,92
352,108,250,95
244,81,347,105
248,80,348,113
348,103,250,97
356,102,255,81
246,87,350,113
251,91,352,108
368,116,268,89
346,113,244,87
270,83,369,120
251,90,350,116
263,94,362,102
367,105,268,89
255,85,354,112
262,84,359,113
354,107,258,86
348,111,248,99
261,93,362,102
256,91,355,106
265,87,359,101
355,110,256,76
243,82,343,108
350,108,253,78
247,91,353,109
356,100,256,83
249,71,339,108
261,82,361,96
242,85,347,109
351,109,250,78
349,103,253,80
356,103,246,80
256,73,341,111
329,127,260,78
351,115,258,80
326,64,328,154
376,74,384,184
382,189,368,69
441,253,355,53
368,67,461,271
489,301,388,76
500,332,351,64
382,65,518,354
530,387,NaN,NaN
528,405,NaN,NaN
NaN,NaN,531,396
533,403,NaN,NaN
528,408,NaN,NaN
533,407,NaN,NaN
528,406,NaN,NaN
NaN,NaN,531,407
NaN,NaN,524,409
526,410,NaN,NaN
NaN,NaN,524,406
NaN,NaN,523,410
NaN,NaN,530,411
NaN,NaN,527,408
522,407,NaN,NaN
524,405,NaN,NaN
525,402,NaN,NaN
516,354,538,407
504,332,541,407
379,65,504,331
377,62,493,293
464,256,375,66
356,56,437,215
357,54,416,185
378,76,416,170
359,93,405,149
342,82,375,121
355,119,343,67
314,62,341,110
361,119,286,71
363,110,277,72
350,107,277,66
263,59,354,109
256,55,349,99
348,96,252,62
358,102,248,61
252,63,355,110
260,62,350,106
355,101,256,65
360,104,259,60
251,66,351,106
355,110,253,67
358,108,246,62
358,96,251,68
265,69,353,113
247,69,358,103
258,65,354,108
371,107,263,73
357,106,258,84
246,80,350,108
364,97,260,81
367,106,265,82
369,95,269,74
259,76,357,111
262,75,363,105
254,80,356,113
263,80,363,106
366,99,253,76
262,78,363,106
367,110,247,68
363,101,238,71
354,103,252,72
362,109,240,70
359,103,237,79
225,69,365,104
356,106,249,76
255,60,357,107
358,106,261,74
287,63,326,121
294,81,352,107
356,120,351,56
354,86,397,159
422,190,373,101
453,207,401,156
NaN,NaN,472,235
381,62,495,270
368,62,511,300
531,343,373,64
NaN,NaN,526,361
NaN,NaN,524,376
NaN,NaN,515,387
519,401,NaN,NaN
NaN,NaN,533,406
NaN,NaN,516,407
514,408,NaN,NaN
NaN,NaN,526,404
NaN,NaN,524,404
NaN,NaN,516,407
NaN,NaN,526,410
NaN,NaN,514,402
516,406,NaN,NaN
514,406,NaN,NaN
NaN,NaN,511,407
519,407,NaN,NaN
NaN,NaN,517,400
520,399,NaN,NaN
NaN,NaN,526,386
547,402,520,330
523,345,389,67
381,66,513,311
372,62,496,273
378,59,465,259
476,258,356,54
411,178,NaN,NaN
NaN,NaN,386,155
350,68,373,147
347,127,340,59
309,59,358,119
351,111,282,62
350,96,269,61
273,59,350,101
259,59,348,93
355,110,249,52
349,97,255,60
347,107,248,55
372,104,261,62
258,58,350,109
350,112,255,54
247,57,349,99
243,61,347,103
249,57,346,103
367,110,256,64
249,65,349,104
345,103,251,60
267,56,368,102
258,67,353,106
257,59,360,105
263,66,354,105
260,69,361,110
353,106,247,68
372,110,241,63
366,104,254,62
250,60,368,100
234,65,357,110
233,65,356,108
355,104,231,69
365,104,230,69
224,66,352,106
361,109,247,65
220,64,356,108
360,107,225,66
240,62,351,104
363,112,219,65
228,63,352,100
235,68,364,110
219,65,372,105
361,106,227,66
228,64,358,104
362,109,237,67
232,64,357,108
240,62,364,103
353,101,228,62
362,102,239,63
232,61,368,110
228,62,363,96
243,60,368,110
360,100,233,59
361,93,235,62
362,105,244,63
358,106,232,72
247,67,365,91
348,95,245,65
351,89,247,60
251,62,347,95
248,68,360,96
355,96,255,73
264,66,363,101
353,95,247,69
366,111,264,66
266,71,367,102
365,111,262,69
365,101,262,69
265,68,364,100
259,70,360,106
258,67,373,106
268,69,365,111
365,113,265,75
369,97,269,69
368,99,266,64
247,64,348,100
375,101,273,69
340,96,238,67
245,63,349,101
369,97,260,77
256,78,365,102
258,71,359,96
352,96,250,72
257,76,360,104
251,75,365,103
362,100,257,73
246,80,346,97
367,102,262,76
250,78,359,96
359,99,255,81
373,103,267,77
365,91,263,76
269,73,372,94
368,94,269,65
366,91,258,67
371,98,266,71
244,65,341,99
248,70,343,98
256,71,360,94
266,66,367,103
370,99,263,66
248,65,364,93
347,100,256,66
261,62,368,105
367,107,263,65
256,65,366,99
369,98,270,64
264,70,365,95
371,97,257,65
247,64,341,95
237,64,338,94
246,73,346,88
242,60,341,92
373,94,250,67
370,91,263,66
262,74,378,97
346,97,243,72
245,65,343,101
255,90,347,99
298,122,387,105
321,183,343,88
341,232,354,107
353,261,376,105
358,105,357,264
375,106,393,335
412,389,371,109
351,97,412,370
380,98,422,400
380,66,419,409
413,419,374,63
354,71,420,422
423,414,380,110
419,425,372,68
372,70,421,411
425,414,391,113
427,426,368,61
424,406,371,66
423,393,376,72
369,71,427,380
435,383,369,66
346,65,400,275
368,68,387,263
349,67,386,242
348,174,353,74
353,165,372,60
338,155,350,70
346,116,302,71
346,118,309,57
292,64,339,106
341,93,261,55
347,96,248,57
346,98,253,63
345,84,251,64
345,92,245,54
338,86,252,51
280,60,368,76
271,66,370,71
271,60,376,63
267,57,363,67
292,57,374,80
370,60,266,61
292,53,377,77
377,68,296,61
269,60,369,64
271,57,370,70
279,60,346,68
284,62,370,71
378,69,290,67
363,75,282,66
365,66,279,67
290,61,384,67
381,71,288,68
287,56,382,68
300,66,362,73
284,62,372,71
362,64,280,63
287,58,383,81
285,70,368,76
366,82,284,65
278,67,359,70
279,57,375,64
277,54,372,81
352,75,287,66
287,67,365,86
288,58,370,78
357,74,281,52
285,69,365,77
279,69,355,86
366,65,276,67
274,59,363,71
361,71,276,70
351,81,288,57
283,57,333,81
318,81,284,61
353,77,272,68
361,74,285,55
283,55,343,80
331,81,291,52
282,62,359,91
278,66,353,79
338,80,278,60
293,60,329,102
343,91,279,59
263,58,332,89
338,87,283,65
284,65,352,85
337,97,292,57
292,59,335,96
349,88,280,60
256,68,342,91
328,79,247,64
250,60,343,85
249,75,351,83
371,78,273,65
246,69,340,83
248,62,340,84
251,63,348,65
350,86,262,56
358,79,263,59
271,54,360,90
251,55,356,83
345,84,283,61
264,59,352,80
344,87,255,60
355,85,259,58
250,62,340,92
346,79,247,58
248,60,346,83
265,68,362,89
261,59,336,83
343,64,253,63
250,66,345,85
330,79,255,67
254,60,340,86
341,98,251,58
333,86,255,56
335,87,246,71
255,60,343,87
369,93,269,64
259,51,336,92
250,59,345,91
348,88,258,56
252,70,344,95
339,103,258,65
343,91,249,63
244,66,339,91
245,52,341,83
260,65,347,88
255,60,337,73
273,60,340,84
254,58,344,87
253,58,341,102
341,83,260,52
266,55,339,89
251,58,340,81
260,60,344,89
241,63,338,86
349,92,267,60
258,60,336,81
268,62,339,78
252,61,343,83
263,57,342,103
250,67,341,100
248,67,335,75
254,66,336,80
340,91,254,67
349,86,254,64
256,64,343,83
258,65,346,86
277,61,342,92
345,82,251,63
260,61,338,80
339,87,269,56
339,77,251,60
345,78,253,55
336,85,281,57
349,83,283,63
296,59,333,92
336,83,244,61
267,66,348,83
345,85,244,64
340,80,257,61
245,65,344,83
332,76,237,61
381,89,264,62
232,53,349,88
239,51,343,91
226,61,347,97
231,56,346,89
238,63,341,88
242,61,343,83
341,93,235,66
235,60,341,95
339,85,239,69
339,77,238,62
337,91,243,61
341,89,241,67
255,70,356,109
244,66,345,98
248,71,345,98
252,65,346,100
248,75,345,92
342,92,241,64
351,88,246,74
369,87,267,78
251,68,351,98
350,95,253,65
245,64,341,93
253,64,343,109
247,58,341,105
362,99,264,72
359,101,257,74
238,65,348,98
360,91,259,78
264,85,364,88
345,99,240,76
348,84,248,78
360,86,261,76
238,76,341,84
247,88,346,87
256,83,351,91
349,88,242,76
250,78,350,83
344,87,242,80
350,91,251,84
344,98,243,76
350,88,252,75
258,74,359,93
248,69,350,91
241,81,346,96
346,98,255,80
353,101,252,78
345,98,255,79
343,100,240,83
345,99,252,82
247,81,343,95
346,88,253,82
239,85,342,91
256,71,352,90
350,93,254,74
344,99,227,72
339,100,235,69
235,66,343,107
345,100,238,74
257,63,339,105
251,72,346,103
255,59,337,94
341,96,253,71
255,75,346,106
340,100,245,84
338,96,260,64
341,101,245,68
343,95,245,74
353,94,254,79
264,67,340,105
323,93,255,71
321,95,248,72
259,70,342,96
253,75,346,98
336,102,265,62
338,103,252,70
335,89,251,71
252,78,330,89
250,73,336,99
259,72,332,93
247,78,341,103
246,68,336,94
332,100,243,81
241,85,327,96
317,90,236,62
260,82,364,97
243,78,345,99
334,92,235,75
326,98,238,76
244,85,335,101
372,98,254,84
365,100,262,86
356,94,255,87
267,94,365,100
358,105,258,92
262,88,362,106
261,85,360,107
344,100,243,87
346,93,246,86
346,100,239,86
355,109,249,88
239,83,331,96
338,105,239,75
245,74,338,110
241,72,334,101
322,90,246,67
322,93,239,58
247,62,329,104
250,64,321,96
331,95,247,59
334,99,246,67
331,110,252,76
237,68,336,95
342,100,248,74
332,95,235,65
342,115,247,72
329,96,244,65
324,93,243,58
346,94,249,67
250,66,349,91
363,100,259,69
247,67,341,78
259,64,348,99
346,75,255,70
356,81,255,67
375,68,277,78
250,56,346,78
251,75,346,73
351,71,262,64
358,64,263,61
369,63,265,73
386,65,287,72
369,62,269,76
291,78,387,70
289,77,379,69
391,89,292,76
302,81,404,77
364,111,289,74
294,71,377,100
410,63,304,78
380,109,293,80
298,64,380,110
301,62,388,119
302,64,381,112
379,104,308,63
305,84,390,104
297,86,377,109
301,82,379,106
298,80,382,86
297,94,397,112
388,82,293,111
301,181,377,91
311,190,388,97
379,80,300,257
300,302,386,84
387,89,302,310
315,350,375,82
320,377,389,94
389,83,318,378
386,91,313,379
378,96,310,404
323,403,384,92
381,90,308,409
384,108,328,402
324,408,374,100
381,86,332,407
383,90,312,410
373,95,323,411
318,415,377,89
321,411,372,94
320,406,370,88
319,408,380,104
308,418,382,95
379,87,312,404
371,101,317,411
385,90,308,394
319,408,380,83
292,380,384,85
303,349,382,101
385,89,283,352
297,317,387,85
394,102,295,265
388,90,286,224
302,184,384,89
387,69,323,157
383,68,326,158
315,138,395,79
414,81,315,138
311,129,394,73
315,139,389,80
313,141,381,86
384,76,314,148
322,146,385,79
312,143,379,74
373,63,316,129
328,135,379,70
330,130,372,65
305,136,376,59
363,62,315,134
370,66,329,129
326,136,367,67
369,69,319,121
367,72,314,129
371,63,305,115
372,70,318,117
366,62,311,121
370,72,310,126
320,142,368,72
364,79,321,121
323,124,365,72
370,76,317,119
291,124,366,80
315,127,367,81
299,121,369,78
321,126,370,69
313,123,364,82
308,120,360,78
360,64,315,131
353,62,321,133
319,137,366,80
318,131,359,69
358,63,314,138
299,142,360,90
367,112,285,130
301,129,369,109
304,131,363,125
365,138,291,123
366,128,287,141
366,140,292,131
368,142,287,128
274,123,370,138
280,112,361,138
300,120,363,143
369,139,278,116
285,126,375,139
278,120,375,142
366,141,280,127
285,115,357,139
280,131,365,137
285,114,378,138
277,131,372,131
284,127,377,144
263,113,362,140
374,130,274,121
385,136,284,129
266,113,366,135
280,121,377,131
282,126,378,134
377,138,281,119
273,107,361,135
389,137,292,117
374,133,277,111
287,109,385,136
388,123,287,121
271,122,368,126
280,118,378,137
255,137,368,138
373,128,202,154
177,178,369,132
367,127,189,201
156,239,368,133
366,134,135,257
114,273,369,121
369,142,121,289
112,311,371,129
374,140,107,320
102,342,369,134
366,131,104,333
110,351,368,141
110,356,361,149
379,133,118,349
109,366,368,119
106,356,366,138
368,124,102,361
366,124,117,355
110,353,369,132
108,357,375,129
363,141,108,358
368,137,114,352
371,118,114,348
114,343,370,131
118,350,378,126
111,345,363,133
111,340,371,139
363,134,110,337
119,308,368,147
369,130,118,309
122,288,367,145
127,266,364,118
360,122,140,247
370,136,147,215
182,191,360,136
195,160,367,134
212,145,362,148
222,143,372,128
370,120,244,128
373,110,235,118
364,123,254,113
359,135,258,101
245,109,364,124
249,98,370,133
244,112,369,134
366,134,253,90
259,103,361,122
252,97,366,122
372,125,256,98
247,100,373,129
263,96,372,130
366,127,243,97
367,129,232,103
251,97,365,136
363,131,247,103
367,139,249,111
357,131,252,96
262,95,366,139
378,132,246,99
255,100,369,137
251,90,371,135
242,89,370,131
360,128,244,96
374,138,246,92
362,126,233,97
236,115,372,136
370,120,226,104
234,95,364,120
230,103,366,118
239,109,369,125
246,112,379,110
374,116,239,110
374,118,235,122
235,115,371,136
387,119,244,112
387,113,239,113
237,113,379,135
404,130,236,118
370,154,235,126
234,115,386,137
233,113,377,139
235,107,369,143
243,117,379,136
236,114,366,136
386,116,232,116
240,114,383,131
378,122,230,114
373,140,228,117
371,131,235,116
370,145,229,120
392,112,232,115
371,138,235,109
229,124,373,139
225,132,376,141
373,139,216,116
381,111,204,130
192,143,392,132
378,115,186,157
149,183,379,112
134,208,380,125
367,136,129,243
380,117,119,263
375,125,110,287
100,312,377,117
106,323,373,120
110,344,371,121
370,148,116,352
368,134,114,349
124,355,377,119
372,116,113,354
374,125,113,364
372,144,113,359
121,357,369,123
387,108,120,347
123,355,396,115
388,110,117,357
378,112,120,353
378,127,114,356
120,339,381,134
115,330,96,423
97,422,108,323
103,415,112,319
389,135,115,308
403,108,124,287
376,118,135,268
146,244,399,116
103,429,166,207
174,183,385,108
201,154,378,143
383,108,211,118
236,91,374,123
363,156,271,67
369,125,285,60
304,55,377,146
391,111,305,53
331,56,369,124
108,413,342,62
344,57,95,422
95,415,345,65
106,412,348,65
111,410,350,61
105,424,354,72
357,65,108,409
352,67,111,423
112,409,357,92
117,419,362,69
118,422,354,60
410,98,330,64
335,76,408,103
414,102,347,66
405,111,332,58
407,113,309,61
405,102,332,59
326,58,409,97
336,55,413,95
302,62,407,94
410,89,330,66
328,62,418,98
417,90,338,64
327,67,422,102
321,72,415,98
315,72,408,91
315,64,412,91
420,101,323,75
324,59,406,113
314,61,407,100
407,99,310,76
407,101,324,65
401,103,303,60
414,98,314,59
310,62,405,113
333,52,398,117
311,61,400,85
404,108,320,63
404,117,327,63
311,58,399,105
320,62,402,116
332,58,406,118
404,113,315,55
324,64,408,94
329,65,396,107
402,105,330,55
326,60,402,116
395,110,310,56
402,118,332,64
315,58,411,102
396,111,327,51
308,61,400,103
405,115,304,62
409,112,316,67
305,62,404,120
295,83,394,111
385,105,277,69
389,105,282,102
280,70,402,96
293,96,399,96
390,110,291,97
290,101,393,97
392,110,290,98
289,90,399,110
408,116,295,91
281,89,383,104
292,92,406,109
400,109,289,101
402,102,283,95
292,98,394,90
291,91,394,94
286,102,395,101
401,113,286,101
284,96,401,100
394,110,293,100
282,88,399,119
392,101,287,89
284,98,393,103
279,93,398,85
287,84,394,91
390,78,285,98
285,89,391,99
277,99,405,99
394,98,292,100
280,98,393,93
276,91,393,94
394,87,279,91
420,86,284,93
396,93,293,93
389,91,290,96
285,95,398,91
285,104,412,82
396,110,286,95
395,98,286,96
415,95,277,98
285,100,397,113
392,106,289,107
281,112,403,105
397,107,288,110
295,110,423,101
414,110,287,114
300,120,398,122
406,92,296,130
406,97,308,131
313,157,409,116
329,169,409,128
407,98,344,206
350,228,410,117
407,111,362,244
404,110,375,298
NaN,NaN,408,112
407,366,413,102
413,389,422,106
407,117,412,404
416,412,424,115
419,420,413,122
410,417,408,114
403,110,425,414
423,422,404,116
422,424,399,105
408,418,395,112
411,423,424,106
414,101,402,416
389,111,405,416
403,427,410,100
398,109,424,426
405,119,414,428
424,423,404,117
401,123,416,424
424,420,394,106
404,100,413,419
417,419,424,113
419,399,393,111
403,120,419,380
422,382,398,120
412,337,395,114
408,110,409,312
383,291,414,122
365,231,413,102
363,204,416,118
410,107,376,201
339,161,419,115
420,131,317,145
409,124,308,126
305,115,405,105
405,124,297,100
391,96,288,97
279,75,392,102
409,88,297,87
294,76,396,83
402,75,291,76
283,75,396,73
280,64,400,86
275,64,396,85
267,59,393,80
292,71,387,64
383,80,273,61
391,84,277,68
289,63,391,54
294,87,395,60
271,61,389,66
281,59,380,77
399,58,296,57
291,68,392,64
393,64,296,64
376,64,272,53
385,53,308,65
296,62,396,70
384,52,288,67
299,67,397,60
286,65,375,62
386,61,289,58
376,68,286,59
378,70,288,52
282,57,384,76
376,91,290,52
282,60,388,60
287,65,393,64
381,70,295,62
292,61,372,73
278,67,380,77
386,67,288,51
301,59,385,63
288,61,378,75
277,54,371,78
284,58,368,77
363,67,274,59
381,68,292,63
376,68,297,70
388,61,297,63
378,74,280,63
393,79,297,64
292,86,383,66
382,73,302,73
388,74,286,71
298,63,389,72
384,63,278,64
281,81,384,57
281,77,384,69
374,57,272,77
290,74,387,62
303,71,384,64
282,78,383,59
283,72,373,70
274,65,374,67
373,54,273,81
379,65,286,71
370,68,279,68
276,62,368,73
380,69,287,63
293,63,376,88
277,69,377,74
373,101,298,63
280,68,383,82
284,62,378,102
370,89,274,67
292,63,372,91
371,102,281,74
279,81,375,80
400,75,298,79
293,76,385,85
375,110,281,64
294,89,391,90
378,114,297,70
286,73,371,110
382,90,276,86
288,95,386,112
376,110,282,105
395,102,296,105
289,106,387,115
378,111,279,110
371,123,279,106
400,91,297,119
399,98,296,111
282,109,368,129
305,111,410,86
290,119,386,97
396,95,290,121
297,113,407,81
291,117,393,98
401,92,300,102
394,83,295,113
394,99,286,108
414,89,301,105
386,97,281,105
294,101,395,94
408,91,294,117
405,88,290,98
416,87,287,108
285,105,392,85
399,87,286,101
409,93,287,97
393,96,293,100
283,109,383,103
394,101,295,105
382,93,276,98
282,103,377,97
286,94,418,97
287,110,397,104
411,89,283,109
401,81,287,116
398,101,281,92
393,111,285,101
383,109,274,100
288,109,396,92
402,93,278,101
403,93,279,113
282,101,405,98
396,102,276,107
377,106,271,107
278,96,377,113
398,84,288,99
285,103,393,106
379,93,282,103
377,114,280,90
282,107,380,98
278,96,374,117
283,112,401,81
375,107,273,109
384,89,284,86
401,100,293,103
373,98,281,99
413,79,283,99
281,84,401,96
281,101,389,74
389,87,281,106
407,109,283,98
395,91,292,100
394,107,283,101
394,105,282,88
391,110,283,106
287,98,392,101
384,100,289,104
286,94,392,97
287,105,413,94
383,99,282,98
285,105,387,99
411,93,289,95
288,93,381,114
385,102,280,90
283,81,382,109
279,91,388,102
290,99,412,79
419,80,291,108
416,82,292,98
392,102,283,93
286,95,402,99
390,105,284,103
288,97,396,99
381,115,282,90
396,85,293,99
399,89,298,104
376,124,282,96
292,99,393,102
400,99,286,100
283,92,395,92
378,114,286,86
286,98,382,100
379,109,281,96
292,77,395,103
390,105,294,72
402,92,290,91
294,85,393,90
404,95,296,98
291,80,393,84
289,101,408,86
288,102,416,85
402,95,291,87
389,83,295,100
400,95,289,76
286,83,389,102
278,95,382,87
388,112,284,93
385,96,281,100
290,89,396,86
404,94,292,107
394,80,297,90
288,95,403,91
294,97,399,66
414,83,297,93
389,89,296,92
286,88,385,91
292,92,391,109
293,98,408,98
284,77,370,107
289,88,388,94
391,102,293,102
287,94,389,101
407,86,298,106
308,97,411,92
283,98,389,103
387,90,291,104
381,96,289,98
305,95,415,85
402,87,306,106
401,92,299,98
389,105,291,86
293,99,392,79
398,94,298,105
294,108,400,92
384,98,287,92
402,97,295,93
397,90,296,106
398,85,288,107
388,84,291,102
274,92,374,111
290,106,391,96
390,94,277,86
266,77,388,126
258,96,395,122
244,88,400,125
388,115,243,80
388,95,232,90
224,87,420,98
409,100,216,97
401,107,217,92
417,102,217,90
396,124,210,94
217,89,393,99
218,100,400,93
226,116,403,70
416,71,221,113
416,63,212,90
208,78,436,61
217,96,436,53
212,87,463,53
458,56,211,79
494,55,199,105
483,70,209,104
225,95,490,65
487,94,243,92
476,106,219,90
478,101,204,91
482,111,217,93
477,109,225,94
216,91,475,128
467,115,224,97
476,116,244,102
467,124,231,102
229,96,463,110
473,119,246,100
240,117,466,114
458,114,228,107
456,121,248,101
461,120,245,101
457,125,248,113
456,126,230,96
466,121,228,99
246,108,478,118
240,91,465,124
459,121,223,106
459,111,214,93
481,113,209,91
207,101,470,111
207,104,459,121
195,89,467,124
214,123,466,129
458,117,224,160
211,175,466,118
461,126,229,223
218,279,458,109
457,116,208,303
477,106,215,353
458,113,211,369
205,390,465,115
471,117,221,386
458,110,215,393
491,117,221,401
450,121,220,404
226,394,469,114
489,112,219,402
220,403,491,120
226,401,471,112
474,116,217,407
458,106,217,421
449,113,224,409
477,118,216,411
226,416,477,122
471,112,216,422
474,121,215,421
221,407,448,108
212,415,467,102
222,422,456,116
485,105,223,413
473,115,222,392
456,105,222,362
485,114,224,353
470,118,209,327
480,123,217,307
217,262,478,121
233,227,483,124
230,198,481,108
456,126,231,175
474,129,246,144
249,110,468,123
491,116,248,108
263,87,474,94
264,58,489,90
280,61,511,72
477,67,282,57
521,68,285,52
304,60,524,57
312,59,522,51
508,58,293,60
115,412,314,53
106,424,318,57
98,429,331,54
324,53,111,425
106,419,348,61
108,407,357,58
120,421,352,56
337,51,108,421
333,53,107,417
111,425,344,55
104,423,343,60
104,429,340,53
116,412,350,56
103,423,328,60
103,422,337,54
90,421,336,58
109,422,336,54
107,428,350,56
NaN,NaN,99,424
77,428,NaN,NaN
337,52,109,415
337,53,105,416
349,51,105,422
107,420,NaN,NaN
94,425,NaN,NaN
NaN,NaN,102,417
NaN,NaN,NaN,NaN
94,424,NaN,NaN
124,412,NaN,NaN
113,408,NaN,NaN
NaN,NaN,101,412
102,422,NaN,NaN
NaN,NaN,122,417
NaN,NaN,109,425
104,414,NaN,NaN
118,402,NaN,NaN
NaN,NaN,NaN,NaN
NaN,NaN,NaN,NaN
92,428,NaN,NaN
79,430,NaN,NaN
92,420,NaN,NaN
NaN,NaN,NaN,NaN
104,429,NaN,NaN
NaN,NaN,127,422
107,420,NaN,NaN
110,415,NaN,NaN
NaN,NaN,111,423
NaN,NaN,NaN,NaN
114,421,NaN,NaN
105,430,NaN,NaN
NaN,NaN,110,414
NaN,NaN,88,429
NaN,NaN,103,416
NaN,NaN,NaN,NaN
111,412,NaN,NaN
NaN,NaN,NaN,NaN
112,411,NaN,NaN
111,412,NaN,NaN
94,421,NaN,NaN
NaN,NaN,105,420
NaN,NaN,122,421
112,426,340,52
330,54,95,420
342,55,106,417
330,51,110,423
108,427,321,53
99,420,437,59
315,53,443,59
455,58,298,55
314,65,460,56
447,62,286,54
302,62,449,63
466,64,299,55
109,424,304,52
103,416,319,60
320,55,105,417
104,415,313,52
NaN,NaN,91,426
NaN,NaN,103,422
NaN,NaN,76,429
NaN,NaN,102,423
389,51,123,416
125,418,392,51
387,51,107,422
125,418,399,51
110,429,393,55
107,429,360,53
352,52,105,419
345,60,107,417
317,57,103,414
349,55,108,413
111,423,338,60
335,62,104,417
99,421,339,53
343,65,110,425
106,418,342,62
104,430,352,55
118,426,343,60
109,426,344,54
321,63,109,429
308,51,394,61
397,57,307,65
399,59,304,56
382,64,310,59
395,61,319,72
301,64,402,65
318,78,406,60
397,73,308,87
306,99,405,57
407,61,309,111
319,110,421,61
314,117,418,65
327,123,405,85
408,96,309,107
410,90,323,128
411,93,320,112
407,91,312,114
298,120,401,106
406,112,311,113
300,117,400,104
423,117,322,103
332,127,402,102
407,100,333,121
405,107,304,108
311,112,403,107
412,99,314,119
314,118,405,111
414,108,337,119
408,109,308,121
401,104,328,128
419,114,317,120
404,98,327,127
311,125,402,113
406,97,309,125
404,89,324,126
297,117,395,107
313,104,398,113
298,118,398,102
418,115,310,125
303,133,402,108
308,116,396,112
406,113,313,138
300,121,400,111
329,121,416,110
399,113,311,124
385,118,302,134
407,108,307,131
404,116,313,142
304,146,394,104
324,143,398,107
414,114,314,132
321,144,403,111
408,109,313,147
304,138,397,117
313,137,412,117
397,123,300,141
394,111,315,148
404,111,320,151
304,149,399,107
302,148,407,114
404,115,300,146
314,143,400,112
306,148,398,106
410,109,308,149
302,150,406,116
392,113,288,144
400,107,301,141
403,113,310,143
303,164,396,105
293,149,399,120
296,144,397,128
288,138,397,113
283,140,400,126
300,152,409,122
403,106,291,146
401,118,287,149
290,141,418,106
278,136,425,110
437,103,280,130
450,70,287,128
464,76,260,114
264,122,459,63
270,107,467,70
268,103,468,78
260,90,450,85
259,90,474,92
261,86,463,94
266,81,454,80
460,98,266,85
456,93,266,83
270,87,451,75
266,84,455,97
457,88,270,82
266,90,453,105
451,106,267,91
457,107,262,82
469,104,262,82
457,100,261,86
264,88,473,78
477,87,262,103
262,97,480,83
469,71,251,99
267,96,469,80
483,80,261,86
265,92,472,84
468,85,259,95
469,85,255,96
461,94,257,95
471,87,258,103
249,97,461,81
246,102,471,87
487,82,234,102
237,102,472,78
464,67,222,72
