397,61,295,58
303,72,405,64
310,64,407,61
300,62,382,72
309,66,402,74
400,67,301,68
286,59,380,71
294,75,394,73
414,71,312,62
296,56,393,68
394,95,301,68
439,89,305,69
310,62,458,121
307,64,459,153
321,68,503,187
530,228,303,66
307,85,540,249
566,294,328,82
567,328,328,85
584,333,337,91
317,83,584,358
292,85,588,380
318,78,588,387
329,94,578,388
580,391,310,103
311,95,582,412
316,94,555,419
311,94,545,411
298,97,547,413
320,93,542,423
556,428,308,110
539,396,300,96
287,110,538,341
572,365,303,102
540,354,301,108
298,106,NaN,NaN
NaN,NaN,300,108
472,168,275,115
282,106,450,135
444,67,289,101
377,149,427,65
405,114,288,102
414,122,288,111
304,133,401,121
402,126,289,105
410,110,309,128
318,116,408,112
297,112,406,103
305,102,405,100
296,114,400,108
309,116,401,195
314,116,432,179
303,113,435,203
418,260,296,113
294,111,427,290
458,377,454,279
285,122,457,358
493,380,446,276
283,125,499,386
288,121,457,371
290,138,456,257
293,119,460,246
306,163,454,216
319,190,459,208
315,205,455,204
457,186,335,240
NaN,NaN,441,174
384,321,431,167
448,163,396,350
437,171,405,355
457,165,421,371
424,417,453,165
435,179,434,423
429,419,437,160
436,428,422,168
442,172,433,414
435,174,438,425
422,425,454,173
426,166,440,423
456,178,431,426
438,425,440,169
441,169,423,401
442,177,419,399
439,177,425,420
401,374,423,166
415,353,443,169
453,163,376,285
431,174,372,275
455,164,345,242
448,151,339,218
NaN,NaN,NaN,NaN
460,153,NaN,NaN
432,145,NaN,NaN
433,147,NaN,NaN
NaN,NaN,449,126
442,137,NaN,NaN
NaN,NaN,442,113
NaN,NaN,322,143
362,67,353,152
344,75,381,145
376,130,331,63
361,119,328,68
345,119,327,67
323,68,359,132
354,104,326,66
311,73,353,102
312,62,358,113
390,79,308,65
387,97,310,62
364,64,318,78
302,75,379,68
366,81,308,59
371,82,318,56
325,67,399,82
352,54,385,88
325,58,396,75
356,62,400,92
367,63,399,104
349,59,397,99
403,110,351,55
369,63,NaN,NaN
350,58,NaN,NaN
347,63,NaN,NaN
NaN,NaN,337,61
350,62,NaN,NaN
NaN,NaN,344,60
NaN,NaN,346,64
NaN,NaN,351,65
334,65,NaN,NaN
NaN,NaN,342,59
349,59,NaN,NaN
NaN,NaN,351,63
NaN,NaN,324,67
330,63,NaN,NaN
NaN,NaN,324,65
NaN,NaN,340,57
343,62,NaN,NaN
NaN,NaN,347,63
NaN,NaN,353,63
351,64,401,87
313,67,415,60
402,51,305,74
NaN,NaN,313,68
NaN,NaN,298,76
297,93,NaN,NaN
NaN,NaN,293,81
278,80,NaN,NaN
276,93,NaN,NaN
NaN,NaN,277,79
280,90,NaN,NaN
279,88,NaN,NaN
NaN,NaN,288,88
NaN,NaN,300,89
298,85,NaN,NaN
296,83,NaN,NaN
NaN,NaN,306,73
305,84,NaN,NaN
302,78,NaN,NaN
NaN,NaN,300,86
305,82,NaN,NaN
307,85,NaN,NaN
312,83,NaN,NaN
NaN,NaN,317,61
330,63,NaN,NaN
362,55,334,70
326,54,363,75
336,66,NaN,NaN
NaN,NaN,331,60
314,56,363,91
334,66,NaN,NaN
NaN,NaN,334,69
NaN,NaN,334,73
336,71,NaN,NaN
341,74,NaN,NaN
NaN,NaN,345,72
342,79,NaN,NaN
343,64,NaN,NaN
NaN,NaN,340,59
348,61,NaN,NaN
NaN,NaN,341,67
NaN,NaN,350,67
334,74,NaN,NaN
327,87,345,70
351,90,323,66
351,99,311,66
NaN,NaN,341,90
NaN,NaN,328,91
338,104,NaN,NaN
NaN,NaN,324,94
NaN,NaN,323,89
327,106,NaN,NaN
NaN,NaN,323,93
326,93,NaN,NaN
332,98,NaN,NaN
341,93,NaN,NaN
NaN,NaN,338,110
333,90,NaN,NaN
342,98,NaN,NaN
341,93,NaN,NaN
NaN,NaN,342,106
NaN,NaN,342,93
319,91,358,118
331,99,NaN,NaN
330,94,NaN,NaN
NaN,NaN,332,100
NaN,NaN,322,89
NaN,NaN,328,93
NaN,NaN,334,87
NaN,NaN,341,96
337,89,NaN,NaN
NaN,NaN,347,106
404,94,317,98
280,87,366,115
294,88,402,128
435,143,318,92
294,86,448,169
473,183,295,101
302,90,502,218
301,104,516,248
539,271,312,88
284,85,555,297
527,416,560,317
559,365,296,93
289,92,555,389
314,85,543,397
291,90,549,386
302,92,542,387
544,393,306,88
542,392,294,86
299,103,545,410
303,96,537,398
540,400,288,92
534,394,293,89
540,403,282,84
532,393,296,92
291,90,533,387
297,96,532,392
532,389,314,106
296,96,535,393
538,410,310,87
539,387,308,82
294,103,541,402
543,393,283,93
316,89,549,389
555,395,289,89
586,327,304,105
303,105,588,302
309,90,571,268
537,197,301,99
563,206,302,97
529,163,297,85
301,95,519,139
520,126,297,88
502,112,297,91
299,87,489,101
468,78,298,100
458,66,297,86
469,74,315,89
455,67,305,84
299,87,442,64
442,65,317,95
439,65,317,95
323,102,446,64
305,96,439,62
432,63,313,87
331,94,431,68
433,57,324,88
320,86,430,64
434,62,318,87
436,66,314,94
440,70,318,94
319,82,420,64
332,86,432,63
433,71,314,96
442,63,308,93
326,95,430,65
437,68,325,95
323,89,436,67
310,91,443,66
439,68,317,89
328,95,436,64
443,64,311,98
428,67,313,94
431,66,326,92
318,89,431,64
431,69,329,93
333,98,432,68
318,105,434,100
315,100,450,92
305,101,NaN,NaN
NaN,NaN,303,99
515,208,309,101
296,96,538,253
310,106,525,282
314,96,536,348
307,105,541,395
302,100,542,396
293,100,527,392
292,101,537,405
518,394,302,105
297,109,529,396
534,388,293,98
537,390,306,103
542,387,292,104
518,395,310,101
307,99,538,371
312,106,525,363
290,102,534,346
535,319,304,98
304,98,520,290
306,110,537,253
301,99,517,223
489,194,300,99
496,165,296,105
474,137,305,106
308,97,471,120
473,108,291,95
462,82,305,91
296,86,452,74
453,67,299,90
446,67,296,80
301,86,444,67
445,61,301,86
296,77,438,63
310,86,434,65
300,82,431,62
306,83,434,61
312,80,432,64
419,61,307,64
424,61,300,83
300,85,421,61
304,70,417,61
308,80,441,64
435,67,302,59
305,73,435,68
309,83,433,52
309,55,435,56
429,56,309,76
428,57,309,86
435,65,309,63
315,58,427,63
427,59,317,58
425,55,318,59
323,57,435,54
320,70,431,57
433,64,330,69
307,63,426,69
425,68,314,65
426,81,323,85
315,93,419,85
411,86,312,105
318,91,421,93
329,102,424,91
312,97,414,94
306,84,405,100
301,95,408,93
421,107,321,108
417,99,323,101
312,106,412,106
319,111,422,101
293,91,392,101
313,94,410,105
294,96,394,107
287,88,394,97
402,105,297,104
296,106,394,104
302,93,402,114
290,91,388,102
297,100,403,110
399,105,301,88
399,107,282,94
394,110,292,90
308,88,406,99
316,98,414,104
306,98,407,107
400,109,295,96
412,103,314,105
386,102,283,92
389,103,289,86
400,106,300,95
298,103,397,102
303,86,404,104
293,87,395,114
417,99,317,93
397,110,288,82
394,99,289,88
288,86,392,102
302,93,401,103
398,104,304,87
403,106,296,87
398,112,297,83
294,79,396,100
405,107,305,88
407,99,302,101
402,106,297,87
402,99,302,94
398,102,300,94
300,82,399,102
400,104,293,83
297,81,400,98
289,75,387,96
291,75,395,105
307,88,406,100
301,93,402,103
393,107,293,84
309,97,404,106
403,100,294,80
305,86,415,109
418,115,316,89
306,103,406,99
306,119,429,113
427,104,301,130
418,112,305,142
429,118,279,168
418,119,285,202
299,238,422,118
318,277,436,112
333,319,420,114
311,357,441,118
444,125,311,376
335,395,441,122
429,122,316,400
449,118,331,395
443,123,310,392
314,392,452,123
446,119,307,402
438,121,314,394
312,396,458,118
453,116,316,396
314,398,453,122
448,121,305,391
445,118,312,400
305,397,428,118
311,396,433,119
443,118,309,399
430,118,313,412
323,414,447,113
453,123,314,386
299,369,446,114
444,116,306,360
449,115,300,334
NaN,NaN,433,116
NaN,NaN,445,112
442,114,NaN,NaN
431,117,307,195
334,158,438,115
445,113,301,141
325,104,444,111
325,106,440,101
439,102,321,105
325,90,437,99
308,83,411,90
303,74,426,102
322,92,426,101
311,83,429,86
314,73,427,93
320,79,418,82
407,84,305,65
428,85,317,79
391,85,288,76
405,71,305,70
296,71,396,77
407,78,314,65
409,79,305,58
405,82,310,62
402,73,316,58
318,67,417,66
323,71,418,70
317,73,411,74
325,82,423,68
320,78,414,77
412,86,327,75
418,66,325,75
325,77,433,70
404,78,309,73
328,77,419,88
423,73,323,76
319,79,412,79
428,96,326,77
448,99,346,79
410,86,322,67
342,87,442,102
345,77,439,97
318,80,419,89
335,80,443,95
341,87,448,100
445,92,347,96
440,92,350,77
330,78,426,84
336,72,431,95
347,80,440,82
346,76,439,77
320,74,427,65
424,71,327,70
427,75,327,68
429,67,326,69
419,69,318,74
316,69,425,64
427,67,329,67
413,54,308,61
409,60,302,70
390,81,290,65
419,66,292,63
393,83,295,59
395,68,290,71
397,66,299,57
297,71,405,62
325,60,420,66
328,59,415,70
327,55,409,63
332,55,424,53
404,73,306,65
323,69,407,69
309,67,412,68
429,66,328,73
336,54,436,66
318,60,426,59
339,70,423,56
320,66,423,51
436,62,332,64
412,61,335,61
337,67,429,66
414,61,339,59
341,58,431,70
417,63,331,71
424,58,335,69
315,63,408,69
422,57,317,60
426,52,340,65
338,68,409,51
395,60,301,58
401,63,299,69
424,64,328,76
313,87,405,64
326,84,425,82
324,104,411,97
418,106,313,103
334,130,422,94
432,103,350,151
380,213,400,112
411,126,381,220
428,137,397,242
412,285,430,118
412,310,419,120
429,113,435,341
423,341,420,122
426,339,423,114
425,347,426,112
422,350,422,116
416,105,430,347
430,117,426,374
419,107,424,360
426,388,419,95
422,115,428,392
427,376,430,102
423,399,422,117
427,393,423,108
431,379,424,122
435,385,423,113
416,122,426,402
427,406,422,105
432,391,426,110
421,390,422,113
429,396,424,122
431,369,427,119
423,374,424,120
429,375,420,122
421,361,427,115
421,130,422,355
424,113,411,330
424,114,420,336
407,302,419,115
399,268,427,126
400,242,421,117
423,106,381,213
381,185,439,99
450,104,373,151
354,134,440,108
448,92,353,122
336,95,436,82
433,88,319,92
330,90,435,89
437,79,313,79
428,83,303,70
446,80,306,65
431,81,304,57
315,64,435,80
438,64,309,53
312,61,419,69
342,54,430,65
423,59,314,72
319,59,438,72
318,57,426,73
427,63,335,53
322,58,425,62
418,56,314,53
332,62,433,59
412,57,316,62
307,65,402,59
313,65,412,61
321,66,425,53
443,54,322,55
316,53,419,54
330,57,449,57
441,58,331,58
304,60,395,59
329,57,406,66
303,53,438,63
412,53,302,64
304,51,412,56
411,54,316,63
413,60,311,64
320,65,429,62
401,56,303,52
303,51,398,53
396,62,303,65
410,59,305,61
302,53,394,57
433,53,332,59
427,64,332,58
411,60,316,65
297,54,403,57
302,53,424,63
401,57,299,65
310,58,426,62
408,62,316,59
309,58,413,67
316,63,412,61
309,57,416,65
294,59,402,60
321,69,422,58
331,56,425,54
327,55,432,54
426,66,328,53
409,55,315,54
308,62,420,64
422,64,314,61
331,58,421,65
430,63,343,62
426,62,321,60
328,59,424,60
433,59,337,55
296,67,404,59
428,56,336,54
406,57,319,57
330,73,422,56
425,65,339,66
424,65,324,58
411,68,300,62
296,57,401,70
401,64,305,68
403,70,308,64
320,66,423,64
306,72,415,69
417,69,317,71
396,60,295,66
329,64,420,65
323,62,419,68
393,63,289,60
339,60,422,58
287,57,420,69
421,71,318,61
415,73,309,55
427,68,321,63
310,56,409,69
318,55,419,71
419,63,312,61
295,55,393,64
313,60,416,56
334,57,432,57
410,54,305,72
299,62,395,55
396,66,299,73
295,65,412,57
417,78,317,67
390,68,292,64
414,71,304,51
393,63,290,55
418,55,328,61
282,61,390,64
304,58,417,64
298,57,398,54
421,66,305,61
397,65,308,57
427,71,325,60
428,70,308,72
422,61,306,60
306,56,403,56
325,58,424,64
307,55,403,57
317,68,425,53
430,57,323,59
403,69,310,64
308,73,401,73
306,63,396,58
303,66,404,54
310,56,428,67
323,53,425,56
423,69,301,66
296,60,395,61
427,67,310,67
397,64,308,52
401,61,305,59
397,62,292,60
303,56,429,69
304,66,399,62
286,52,423,73
292,54,401,57
312,64,428,67
400,55,300,56
310,60,400,64
434,65,331,74
333,68,434,64
297,59,400,58
428,60,325,77
321,56,428,70
425,54,308,60
427,58,326,73
314,61,434,66
313,60,429,68
425,59,322,71
329,65,429,64
427,74,325,67
320,65,429,64
422,52,320,67
314,55,416,55
404,54,318,62
302,62,415,66
430,54,325,61
421,76,326,55
433,61,320,62
325,59,416,69
418,55,327,60
298,60,416,68
304,66,415,59
413,68,318,54
328,61,431,56
333,62,432,73
315,66,416,68
423,68,320,63
306,58,418,68
422,71,322,63
414,62,308,62
425,66,329,58
328,57,421,70
418,69,319,58
294,65,414,62
317,68,420,69
341,51,432,64
416,64,325,59
429,64,336,52
314,51,417,65
431,64,305,57
418,68,304,51
315,57,424,65
325,61,417,68
301,53,412,63
305,57,410,70
425,65,298,61
427,51,317,59
318,66,410,60
426,58,319,58
302,58,426,72
424,67,326,64
325,62,423,67
410,68,311,57
423,53,323,68
316,62,418,64
321,62,412,63
324,66,420,65
421,63,317,68
429,54,325,67
403,61,305,57
419,62,323,67
314,61,414,57
318,58,418,57
414,52,322,54
309,51,404,51
307,66,404,52
420,54,319,64
296,56,403,66
318,57,419,51
435,63,333,60
424,51,320,62
439,53,341,52
411,56,321,60
418,56,320,53
312,60,415,59
432,60,332,61
320,59,421,60
311,75,409,62
301,56,402,52
430,54,328,60
302,64,400,57
305,56,407,56
404,54,299,61
389,56,290,65
298,54,397,55
321,59,411,65
402,51,306,58
417,57,322,60
305,62,406,56
294,54,396,63
315,65,408,51
308,57,406,59
398,53,293,59
318,62,417,58
406,52,312,54
298,59,398,59
403,53,305,68
324,66,410,59
316,59,411,53
317,64,412,51
306,59,408,57
405,52,306,55
424,57,317,63
310,61,409,60
308,61,409,62
315,54,406,64
317,61,407,57
404,51,301,54
426,52,321,59
316,60,417,53
421,61,319,67
418,66,322,72
342,62,433,69
317,52,414,60
295,64,400,59
295,73,414,63
417,55,319,76
408,61,300,69
308,70,422,51
313,69,411,54
312,73,423,57
413,62,304,61
410,59,298,66
303,60,420,67
307,63,424,64
410,51,301,70
406,55,309,68
416,54,318,75
312,78,405,61
299,68,404,68
318,63,419,54
318,72,409,65
307,67,416,62
405,59,301,71
403,61,292,74
311,70,415,60
305,73,413,63
312,55,413,57
414,58,308,60
410,67,309,57
409,60,308,69
408,69,305,74
411,62,302,86
310,57,423,63
307,84,422,70
305,63,428,65
290,72,415,63
415,71,311,64
283,64,409,64
302,61,424,69
416,65,283,69
421,64,297,88
415,71,307,85
437,63,313,82
416,67,302,82
435,67,306,71
303,85,431,74
311,71,416,75
309,60,422,75
415,76,315,69
406,74,311,75
295,60,403,81
420,69,320,73
421,79,320,70
411,80,317,69
405,73,301,70
406,81,301,86
421,88,313,112
297,106,409,92
297,135,417,94
425,94,303,158
418,93,304,197
432,84,313,237
312,290,417,77
411,92,318,342
434,91,312,348
427,78,306,342
320,359,434,92
418,84,315,356
318,379,437,79
421,75,313,381
425,95,325,382
437,87,321,376
316,389,431,71
314,382,441,69
430,76,322,390
427,88,321,380
435,85,323,395
310,385,437,87
333,386,425,92
329,385,428,74
438,89,328,394
430,83,325,392
313,387,446,72
428,78,316,380
316,391,444,70
307,374,440,66
310,357,448,76
447,85,315,387
428,92,329,367
434,75,302,369
323,349,448,85
431,86,315,345
438,87,293,312
459,82,319,300
316,280,451,81
322,236,446,75
328,210,462,79
332,198,465,75
303,169,442,79
468,82,308,156
305,141,464,76
332,132,468,65
450,56,308,146
443,63,292,124
451,59,333,122
466,75,303,134
298,126,438,63
288,119,464,60
296,136,456,73
453,67,280,123
456,63,317,115
454,65,321,108
459,66,297,125
450,68,294,118
287,124,463,60
289,121,473,56
458,52,291,109
461,68,287,116
299,118,458,63
464,65,278,123
288,110,475,57
457,64,293,118
291,131,467,68
480,62,294,118
464,53,309,133
290,115,453,59
452,66,298,130
458,57,287,101
299,123,455,66
287,124,453,57
454,64,278,116
469,64,287,129
300,129,455,60
283,113,461,52
465,63,302,119
457,53,315,94
272,114,464,65
301,111,462,72
469,68,325,96
300,113,467,66
342,107,465,56
461,63,339,125
459,65,341,91
463,75,333,92
434,60,333,73
334,96,457,65
342,95,458,54
462,65,353,93
340,100,448,52
359,99,456,77
455,61,355,84
451,64,355,87
450,62,323,80
447,54,348,85
324,69,428,59
419,66,319,91
435,68,322,84
442,63,350,69
440,63,343,77
348,63,448,69
438,69,341,74
440,82,334,85
335,72,445,61
442,59,341,71
341,65,440,60
440,64,342,64
443,72,340,76
434,68,331,96
427,63,347,76
442,77,341,77
351,75,443,67
347,79,440,63
352,77,436,65
429,60,325,99
327,93,423,73
344,83,455,68
450,67,346,82
343,87,446,60
324,97,425,66
347,69,447,59
465,62,345,84
326,100,431,54
448,58,348,81
345,90,444,56
347,73,441,66
351,88,441,62
332,96,423,64
427,63,332,113
331,102,432,63
434,81,344,135
346,149,427,84
365,172,424,74
363,192,424,87
432,89,381,224
432,81,388,257
395,315,433,96
426,368,429,84
422,368,424,85
439,87,425,399
443,91,421,392
430,90,426,406
438,90,429,426
438,88,424,409
422,85,427,421
435,90,425,418
436,93,435,412
452,102,430,422
424,417,437,91
448,83,433,411
424,85,434,424
437,88,435,427
432,413,444,89
432,425,435,64
437,88,433,421
449,78,424,409
451,93,419,383
441,81,427,358
423,344,449,82
407,304,460,70
464,76,396,263
382,219,466,79
475,63,376,193
473,71,379,176
371,140,473,58
477,66,367,122
481,64,361,99
363,106,474,61
361,94,477,58
347,75,462,61
450,69,340,57
461,51,349,74
334,72,441,61
347,73,438,64
340,75,430,58
426,63,338,74
337,61,461,60
452,65,337,67
312,63,419,61
307,59,419,54
447,62,331,63
341,62,453,60
335,62,445,57
314,66,417,59
335,60,424,53
328,61,423,60
342,59,438,63
315,58,419,60
345,59,446,66
328,51,417,60
456,61,336,61
446,58,345,60
324,53,415,59
331,60,452,61
316,69,413,53
309,53,409,64
304,61,407,64
322,55,426,62
339,59,439,65
325,53,443,64
421,61,323,59
421,62,325,69
445,51,345,56
323,60,412,58
313,56,410,67
426,62,324,63
308,52,407,60
410,57,311,58
330,62,452,57
441,54,324,52
429,61,327,59
306,53,409,52
310,56,431,63
441,75,331,54
430,60,327,52
325,60,428,52
411,53,315,67
429,66,329,52
426,60,322,63
321,55,427,54
320,60,428,51
337,55,438,67
444,51,334,56
421,59,326,53
421,61,318,64
328,59,429,58
430,55,327,51
426,58,317,54
411,62,328,65
328,62,448,66
322,58,419,82
315,61,421,68
465,61,318,63
459,57,325,58
426,60,318,67
456,55,344,61
302,63,402,64
418,57,324,73
328,64,450,51
440,53,326,55
329,66,454,65
334,71,443,55
443,58,317,57
315,56,434,51
328,61,417,52
337,63,448,54
456,62,335,64
412,56,312,54
441,54,331,72
448,54,326,71
440,52,331,73
326,64,448,53
415,56,332,67
416,52,317,64
313,63,419,56
460,67,331,65
442,52,337,63
449,65,337,60
324,57,444,51
409,60,306,54
327,66,442,69
325,53,441,52
324,65,444,51
331,57,441,65
438,65,315,57
439,54,306,58
436,57,328,70
409,51,306,51
310,65,429,54
313,60,443,68
317,66,454,57
303,69,410,53
325,59,436,61
433,65,322,63
428,57,313,61
310,64,427,52
427,61,308,54
314,61,421,54
316,55,430,55
322,51,431,64
322,59,435,66
426,57,308,54
427,52,301,52
427,55,300,55
319,60,443,64
436,66,314,58
320,66,428,58
434,57,306,55
315,53,433,52
303,66,424,55
421,57,302,56
408,51,307,57
438,58,316,62
429,51,299,52
313,62,422,61
423,54,296,61
427,54,310,60
298,58,441,64
431,55,294,55
306,63,424,54
305,63,435,57
309,54,422,61
300,57,425,55
440,58,303,67
423,58,299,67
419,61,303,66
302,54,442,59
423,57,313,65
440,66,306,61
423,55,295,59
450,55,304,53
429,68,304,64
324,69,424,63
407,64,311,54
296,61,431,51
310,61,415,62
421,64,304,70
432,60,291,64
397,52,296,77
313,53,428,72
309,61,435,65
303,72,431,58
314,61,444,63
428,72,285,61
283,69,413,60
431,70,303,74
413,52,298,74
395,64,299,69
318,67,428,71
407,60,296,70
294,69,406,64
422,68,325,73
402,62,287,74
294,83,403,64
330,62,430,63
297,61,392,69
401,54,298,74
299,65,409,73
301,77,402,54
309,94,419,61
420,59,321,71
427,79,324,76
403,66,300,62
297,62,404,70
396,72,299,59
404,66,308,67
399,77,303,65
427,54,330,72
329,64,426,80
328,69,396,67
438,62,336,64
388,58,296,52
415,72,325,64
436,57,336,67
309,55,418,69
417,57,319,73
424,58,319,72
319,66,427,69
408,63,308,58
313,60,424,61
311,55,420,54
327,65,423,53
311,53,410,55
407,55,312,57
402,53,304,65
303,60,401,64
307,60,404,65
318,60,430,63
309,67,411,55
302,59,399,53
398,61,313,55
408,57,323,61
300,53,393,52
426,57,325,66
431,59,328,60
310,55,414,58
433,51,330,58
324,57,423,59
317,57,419,55
413,61,318,70
322,58,426,59
322,60,422,59
320,60,430,62
410,51,313,66
319,65,411,64
320,57,406,56
406,53,305,54
304,56,408,51
319,64,414,51
414,52,320,54
302,61,404,56
419,62,313,65
307,59,403,51
430,62,323,59
299,60,398,64
408,65,314,59
393,57,293,53
301,62,403,55
404,69,302,66
298,64,407,57
294,66,389,62
293,58,397,60
306,69,402,62
284,65,396,54
302,65,396,64
386,62,286,61
415,63,315,61
297,66,396,66
411,58,330,63
294,81,393,65
410,61,313,65
394,61,304,77
394,52,291,69
393,59,301,73
326,62,427,58
420,73,322,64
414,72,321,58
417,60,328,61
297,74,390,62
289,61,388,58
296,66,393,57
297,74,396,61
402,57,303,73
400,67,280,68
397,61,299,70
413,60,315,56
289,68,387,65
389,68,292,70
403,65,319,59
325,64,398,70
290,72,389,68
410,57,317,62
294,66,397,66
382,69,284,59
287,69,397,69
294,73,398,66
412,70,318,68
412,60,307,70
304,70,401,70
403,63,319,64
298,64,395,60
403,60,303,72
300,64,408,59
412,64,321,56
302,62,403,70
304,59,410,60
416,69,322,69
403,66,300,52
406,58,312,67
295,58,398,68
413,79,319,60
405,72,312,63
313,60,412,66
310,55,414,70
414,62,309,57
437,64,326,53
316,54,425,72
422,77,332,58
347,65,446,65
432,74,340,60
333,53,434,54
350,59,449,54
327,67,433,73
435,56,340,66
425,53,329,55
440,68,340,58
439,65,337,54
309,61,412,61
437,70,329,53
317,56,422,57
300,73,427,62
431,68,307,73
422,58,297,105
429,71,300,160
430,58,296,172
302,192,448,80
438,74,315,261
450,99,NaN,NaN
432,70,327,335
419,66,311,365
450,66,318,374
326,374,442,69
445,80,315,378
321,392,431,66
439,67,315,413
320,394,440,72
444,69,311,402
333,406,437,68
438,74,308,405
320,407,432,72
338,409,442,66
334,402,437,79
337,413,440,68
443,73,317,415
328,402,446,65
444,65,329,414
437,82,341,412
451,67,345,419
334,413,438,82
330,423,440,79
446,70,328,408
438,70,320,413
327,408,433,81
437,71,323,414
314,416,435,72
444,76,313,405
447,75,319,407
446,72,316,418
303,416,435,75
440,78,320,420
435,71,310,406
310,415,433,73
442,70,319,407
315,402,438,73
330,408,444,65
436,70,329,404
439,72,316,407
444,78,332,410
334,406,443,69
320,397,438,72
334,414,443,73
318,405,437,79
314,416,443,70
446,67,310,414
448,69,314,392
447,86,320,401
313,397,451,76
446,78,337,396
447,59,315,366
450,62,313,334
452,67,293,248
447,74,296,225
286,182,456,64
451,67,296,164
451,68,300,138
306,106,472,57
448,69,299,87
451,65,298,73
322,58,445,63
319,68,448,55
312,65,440,64
292,51,465,60
290,62,464,64
418,57,316,66
460,62,293,52
453,60,295,66
291,51,436,65
435,63,321,54
278,54,439,65
309,54,418,53
433,61,303,63
432,53,288,62
281,61,432,59
304,59,431,61
283,62,413,56
431,52,285,61
408,58,295,60
426,51,288,53
437,60,295,64
425,53,274,59
267,68,412,59
273,60,442,62
288,67,405,59
439,62,277,65
288,56,401,52
276,67,422,66
278,64,424,64
274,61,402,56
423,63,273,65
427,66,288,63
428,55,291,72
428,58,276,70
433,66,287,66
425,67,299,64
286,59,406,65
289,70,404,53
431,62,282,62
287,58,403,54
278,64,406,57
273,60,429,67
287,65,431,52
281,63,410,55
267,79,424,59
422,56,272,72
432,62,274,65
428,65,271,66
427,61,278,70
297,81,425,54
281,71,431,54
283,63,407,60
400,62,282,63
413,54,292,60
403,68,292,70
290,64,431,51
279,64,430,62
275,75,424,65
410,52,273,64
270,74,424,64
397,65,286,67
400,53,281,79
407,59,281,69
403,60,286,63
389,61,274,71
284,75,411,63
389,63,272,82
412,54,282,87
386,67,287,75
413,72,272,86
268,83,385,70
264,91,408,67
401,67,264,97
385,68,276,89
259,86,389,69
387,68,275,96
271,90,379,75
281,95,400,63
393,72,286,88
282,94,384,73
384,75,276,85
267,97,380,74
383,83,256,81
278,99,389,86
263,93,385,91
273,88,373,90
387,90,281,96
386,87,281,94
277,96,381,90
382,95,278,92
374,98,260,95
381,102,267,100
386,102,288,106
363,105,261,98
267,117,371,110
277,103,373,115
373,107,268,114
266,104,370,108
269,106,372,102
379,99,276,101
264,100,367,109
259,110,370,100
367,98,265,92
365,98,264,87
359,102,253,95
261,90,361,102
367,91,258,91
263,84,370,95
268,91,375,92
266,90,366,86
378,93,278,82
280,87,385,100
394,99,249,98
399,96,243,84
404,91,234,79
245,85,406,88
257,96,396,86
252,96,391,81
255,102,389,81
397,71,258,110
292,90,405,68
388,72,289,100
396,55,313,91
308,84,395,64
305,84,398,62
387,54,304,95
302,81,390,58
384,65,299,76
297,81,398,68
388,61,286,77
409,76,295,73
410,89,300,63
416,96,299,63
319,70,416,103
400,93,303,60
314,67,412,98
400,100,311,83
397,95,296,74
305,71,394,91
311,86,412,88
310,84,420,77
417,71,310,82
270,82,416,80
398,76,260,80
403,81,299,68
288,70,387,87
278,73,386,75
282,79,389,76
395,80,284,75
387,85,289,77
394,70,282,91
293,85,381,76
286,79,384,62
274,73,374,68
274,71,373,76
375,75,276,82
269,79,375,62
363,69,269,78
379,77,282,77
383,74,281,71
282,75,380,64
372,68,270,69
381,74,282,67
281,74,388,62
361,71,258,68
265,58,378,65
374,81,268,72
383,81,289,61
292,67,379,87
289,54,388,81
305,60,401,100
393,91,294,64
399,97,299,66
306,58,408,96
305,53,409,99
295,54,400,96
319,61,416,101
389,103,304,51
308,54,395,101
401,92,298,56
306,59,386,83
395,95,301,53
399,78,298,51
297,52,386,93
392,85,290,59
304,54,398,81
296,54,390,84
294,57,395,71
303,52,387,75
399,76,299,57
406,77,304,57
388,84,288,55
392,74,290,51
401,68,305,64
307,57,405,61
287,54,402,60
411,60,298,68
NaN,NaN,288,52
NaN,NaN,276,61
286,57,NaN,NaN
291,61,NaN,NaN
295,60,NaN,NaN
377,52,271,64
278,69,388,63
394,64,298,79
392,64,298,77
388,68,293,91
302,100,397,71
292,103,392,77
396,92,299,112
407,80,303,123
308,135,406,84
306,140,409,98
292,165,394,93
293,224,393,102
394,92,292,234
396,98,297,269
396,92,295,316
298,345,394,100
385,93,334,363
388,86,309,375
309,391,388,98
307,392,397,99
318,383,395,83
388,91,314,399
316,409,386,94
310,393,393,92
309,407,393,97
385,80,317,416
317,405,397,93
318,413,385,80
306,413,386,93
400,94,309,415
324,413,386,92
315,409,389,94
322,411,386,90
385,101,313,414
318,412,389,90
386,95,307,413
388,93,313,410
311,410,395,98
309,418,385,97
312,389,386,96
319,412,395,77
387,96,329,400
391,74,322,377
323,373,391,90
320,336,403,86
404,86,312,294
407,81,313,261
306,219,405,96
300,191,397,72
322,156,419,87
407,70,304,125
400,79,294,113
273,114,396,69
392,81,271,92
396,72,267,101
409,83,267,89
269,91,405,84
231,76,404,85
395,92,233,87
256,81,384,81
271,77,403,91
405,84,257,72
268,77,393,83
393,82,273,69
397,80,261,84
278,83,403,77
278,91,402,72
249,89,400,75
406,76,264,77
281,73,403,73
398,77,271,75
400,73,283,83
400,82,281,86
267,75,406,75
404,79,275,68
402,77,270,73
270,79,409,76
389,77,274,80
287,75,388,70
396,71,279,68
280,77,392,76
398,73,258,69
281,74,397,78
289,75,392,81
298,76,402,84
282,71,383,81
400,80,278,77
285,66,388,89
291,85,393,84
282,66,407,77
398,88,264,62
283,65,383,82
283,61,393,91
276,89,387,86
267,86,397,89
390,78,291,70
388,72,285,75
291,74,396,62
282,71,390,62
262,81,376,63
290,73,377,56
334,62,265,80
339,64,267,84
334,54,276,87
357,76,258,71
NaN,NaN,280,69
377,64,283,72
255,65,342,85
250,69,332,83
332,85,256,67
338,97,255,66
332,94,250,63
248,66,335,90
271,70,370,78
256,66,333,86
261,65,357,80
253,67,334,88
263,74,364,75
344,83,243,71
337,90,245,68
358,78,255,66
362,85,263,70
342,78,248,68
254,70,355,78
265,67,365,72
246,67,345,84
346,83,253,66
335,84,255,64
345,80,254,65
248,75,340,81
359,77,258,69
251,64,350,76
351,88,240,65
253,63,353,68
351,69,248,67
344,80,215,70
348,71,240,99
211,121,352,81
353,84,238,189
209,246,346,76
229,285,352,81
346,83,213,313
351,70,209,320
351,66,211,341
356,78,226,366
225,365,347,71
224,355,341,78
222,373,350,76
226,362,352,68
211,359,346,84
341,82,211,368
351,78,206,370
349,64,208,367
210,363,344,78
211,367,349,74
213,368,359,77
343,73,224,367
349,72,219,363
353,77,216,378
345,71,218,364
355,84,211,351
210,333,357,76
227,314,354,71
208,246,352,89
347,99,216,205
346,82,221,182
349,86,247,128
244,99,348,95
250,82,340,102
243,71,341,98
344,84,250,68
252,59,341,92
356,85,254,59
349,97,263,61
350,88,259,59
355,93,256,67
354,77,262,61
347,94,260,60
252,59,351,75
347,104,268,59
349,99,254,62
250,56,348,88
345,82,245,63
248,67,342,88
246,59,345,76
345,94,256,56
251,60,341,85
345,88,251,64
246,61,341,91
347,94,253,61
258,62,351,97
254,68,353,87
342,77,253,61
342,90,263,54
254,59,343,93
259,65,361,83
256,66,355,82
253,53,351,88
253,70,353,84
270,61,346,89
268,63,348,92
263,60,349,89
357,86,263,61
353,86,259,61
251,59,349,74
346,79,247,56
350,83,247,64
349,81,251,61
242,73,340,88
344,76,240,140
244,172,351,73
232,206,340,76
351,71,223,246
341,78,233,283
347,72,219,307
204,328,354,84
350,80,202,324
222,351,352,85
210,340,350,75
203,357,344,81
350,81,219,365
209,366,339,84
352,82,210,369
225,366,351,86
350,81,226,373
352,81,218,367
346,87,225,373
220,367,350,80
348,79,218,375
228,372,358,75
224,370,343,85
217,374,341,80
230,378,347,76
345,72,231,376
342,77,232,380
232,367,357,60
344,77,226,382
336,71,224,362
341,68,223,376
341,67,214,366
348,73,203,354
232,330,356,72
346,69,236,314
229,283,370,66
213,253,344,74
346,88,236,221
213,131,344,73
362,69,221,125
244,128,353,72
367,74,261,87
245,82,344,89
357,76,250,67
259,57,352,83
255,60,373,71
273,64,378,76
268,60,368,79
379,73,282,65
377,60,280,51
364,77,266,51
280,58,380,69
378,69,276,56
381,54,279,52
374,67,275,61
278,51,375,75
363,69,264,62
277,51,377,63
381,58,283,60
379,66,280,58
382,62,281,62
281,60,380,68
381,65,283,63
267,52,374,59
274,53,378,66
269,55,368,67
298,66,390,60
393,60,296,66
381,58,278,55
382,68,283,63
378,59,271,63
282,65,381,55
274,54,380,59
271,58,380,60
384,56,281,59
384,63,274,52
379,65,268,54
381,59,269,58
375,65,267,53
373,62,266,52
376,61,268,51
376,64,273,56
374,66,263,58
386,65,285,62
280,54,384,63
367,64,268,56
382,66,280,59
372,62,277,57
373,63,271,62
381,66,276,65
263,52,361,65
384,57,280,52
387,53,279,51
377,70,268,53
374,59,268,58
275,63,380,64
282,57,381,60
353,71,254,56
373,63,274,64
371,70,267,54
367,57,266,60
371,69,270,56
383,52,283,58
372,69,275,57
293,62,390,62
381,69,283,57
362,62,264,52
350,62,259,51
269,59,368,72
377,63,275,55
271,53,379,68
267,59,367,59
372,70,275,54
385,62,279,56
271,53,378,65
370,64,271,56
380,61,278,53
253,58,355,59
382,64,280,59
378,65,250,52
363,62,250,57
264,51,382,65
380,67,267,54
266,53,367,61
382,60,279,59
277,60,383,61
365,66,250,53
255,59,367,65
271,60,386,63
248,56,381,55
377,62,256,52
284,57,384,60
278,64,379,62
275,55,374,66
381,60,252,60
389,63,255,58
251,53,375,62
243,54,387,62
279,54,381,62
379,59,268,51
378,68,269,62
284,60,384,65
246,59,381,61
379,57,259,55
382,64,253,52
381,60,267,57
380,60,259,56
379,59,272,53
356,59,258,54
386,69,285,61
275,62,376,56
279,55,381,60
375,65,255,55
273,58,386,60
372,62,267,56
262,60,370,53
299,53,395,61
282,61,389,61
394,61,301,51
377,64,275,53
273,53,381,64
357,70,255,51
264,57,365,60
398,60,298,59
383,62,280,67
288,60,380,62
285,63,385,63
300,63,385,63
284,65,376,59
386,60,292,54
275,56,378,51
272,52,369,60
374,64,284,57
306,64,392,51
285,54,376,64
382,62,306,64
383,63,300,60
386,51,289,51
391,58,291,59
287,54,376,52
381,64,279,53
383,62,283,59
NaN,NaN,350,52
NaN,NaN,325,56
349,53,NaN,NaN
NaN,NaN,333,54
329,61,NaN,NaN
324,61,NaN,NaN
NaN,NaN,331,54
NaN,NaN,327,53
360,51,NaN,NaN
356,52,NaN,NaN
352,63,NaN,NaN
355,64,NaN,NaN
NaN,NaN,358,61
355,56,NaN,NaN
NaN,NaN,348,52
NaN,NaN,353,57
NaN,NaN,349,54
348,63,NaN,NaN
NaN,NaN,355,55
328,60,NaN,NaN
NaN,NaN,324,58
NaN,NaN,342,60
326,58,NaN,NaN
340,59,NaN,NaN
388,57,291,54
393,54,292,57
341,51,NaN,NaN
NaN,NaN,338,54
NaN,NaN,339,53
335,52,NaN,NaN
NaN,NaN,332,59
337,59,NaN,NaN
338,59,NaN,NaN
335,59,NaN,NaN
NaN,NaN,337,64
338,56,NaN,NaN
NaN,NaN,332,54
NaN,NaN,341,52
342,64,NaN,NaN
NaN,NaN,331,56
NaN,NaN,319,57
NaN,NaN,336,60
NaN,NaN,332,53
331,53,NaN,NaN
NaN,NaN,328,62
335,51,NaN,NaN
NaN,NaN,326,52
NaN,NaN,331,62
NaN,NaN,330,56
336,64,NaN,NaN
NaN,NaN,337,64
NaN,NaN,331,60
344,57,NaN,NaN
359,51,NaN,NaN
NaN,NaN,329,56
360,53,NaN,NaN
361,54,NaN,NaN
NaN,NaN,359,62
357,54,NaN,NaN
NaN,NaN,332,60
339,57,NaN,NaN
339,54,NaN,NaN
NaN,NaN,339,56
NaN,NaN,340,56
326,61,NaN,NaN
NaN,NaN,339,54
NaN,NaN,352,64
NaN,NaN,341,53
NaN,NaN,329,55
NaN,NaN,347,54
NaN,NaN,323,51
NaN,NaN,334,56
320,56,NaN,NaN
NaN,NaN,337,57
289,57,375,58
289,63,389,60
380,56,277,65
279,54,369,59
274,66,356,62
353,63,282,65
359,67,303,60
340,59,378,89
361,109,349,63
388,140,361,76
432,169,383,111
442,199,NaN,NaN
470,238,NaN,NaN
487,263,NaN,NaN
NaN,NaN,508,280
532,397,515,300
535,418,536,318
518,328,538,423
525,390,NaN,NaN
NaN,NaN,542,392
NaN,NaN,530,390
541,397,NaN,NaN
NaN,NaN,541,401
NaN,NaN,539,410
541,410,NaN,NaN
NaN,NaN,528,406
527,412,NaN,NaN
533,409,NaN,NaN
NaN,NaN,531,413
540,410,NaN,NaN
532,404,NaN,NaN
524,406,NaN,NaN
533,409,NaN,NaN
534,418,NaN,NaN
526,408,NaN,NaN
545,408,NaN,NaN
519,406,NaN,NaN
NaN,NaN,527,408
NaN,NaN,536,408
NaN,NaN,523,410
522,406,NaN,NaN
NaN,NaN,530,399
531,392,NaN,NaN
522,371,NaN,NaN
552,408,528,315
541,404,501,297
NaN,NaN,498,270
378,55,487,239
NaN,NaN,466,195
446,179,NaN,NaN
425,142,NaN,NaN
365,73,417,153
356,67,376,120
348,64,357,100
365,83,328,55
362,85,312,56
282,54,357,76
279,60,351,78
371,82,274,65
376,78,276,58
266,62,370,79
361,70,260,63
255,59,361,75
259,53,355,74
265,64,364,80
369,78,271,59
358,78,248,52
249,58,348,73
353,77,239,61
376,77,276,54
357,74,240,60
254,56,373,72
374,73,269,68
380,75,253,59
373,75,253,53
269,61,368,77
377,82,273,66
255,67,365,82
254,62,373,88
366,76,263,60
254,69,366,74
269,58,375,72
390,73,286,72
371,79,249,68
269,63,372,85
367,73,266,59
259,58,356,74
362,70,259,62
260,60,368,77
253,65,364,86
248,68,354,76
370,81,266,64
264,77,367,71
260,70,366,79
267,65,371,74
285,52,354,72
360,79,317,57
367,71,336,58
377,83,334,64
412,111,372,72
456,142,386,93
460,165,NaN,NaN
NaN,NaN,483,204
NaN,NaN,509,231
519,268,NaN,NaN
NaN,NaN,534,294
NaN,NaN,532,331
554,351,340,111
357,117,552,363
356,111,547,380
356,101,528,388
329,84,532,387
543,388,352,110
537,401,338,93
539,400,326,99
350,90,535,399
336,99,537,403
338,88,537,408
540,401,325,91
539,405,322,80
354,103,531,406
533,402,338,91
347,83,539,399
333,93,536,395
323,82,535,392
536,388,328,88
532,388,NaN,NaN
535,370,348,111
352,118,543,350
533,334,NaN,NaN
NaN,NaN,527,312
NaN,NaN,508,271
495,246,NaN,NaN
471,224,NaN,NaN
NaN,NaN,448,190
416,159,NaN,NaN
386,165,371,70
357,55,376,144
332,106,349,57
303,57,350,98
343,82,283,57
261,63,344,81
253,59,347,77
263,59,377,75
368,78,251,55
250,52,375,75
368,74,246,58
252,57,354,73
251,53,365,74
372,76,257,60
249,51,370,75
256,56,374,76
375,75,257,58
355,74,243,59
369,72,258,62
379,74,264,56
367,87,266,58
268,64,366,87
263,64,376,89
260,58,363,73
252,53,369,80
366,74,257,54
381,76,268,60
368,70,262,61
268,60,370,70
256,55,374,76
250,60,382,83
255,59,379,75
367,74,241,58
258,61,360,70
251,60,360,72
257,55,371,78
255,58,369,76
252,56,364,70
253,59,359,72
380,72,264,60
372,72,251,54
374,83,266,62
372,69,263,62
252,65,375,76
236,60,378,72
230,60,NaN,NaN
371,73,228,58
224,70,380,80
224,70,379,76
379,80,215,97
216,128,359,70
213,176,373,78
378,75,217,238
371,75,217,280
377,77,213,320
215,317,377,78
224,332,224,413
373,74,222,370
370,79,227,376
377,76,218,378
354,76,219,414
378,77,222,391
229,388,361,73
204,398,369,77
225,403,354,75
389,62,223,408
222,386,368,70
222,397,388,73
221,396,353,76
373,79,219,402
377,78,225,401
223,384,386,72
221,379,384,75
214,362,373,78
227,365,374,69
363,70,204,340
228,298,377,65
214,287,388,71
229,223,361,55
369,73,233,190
215,146,360,64
229,109,385,65
221,73,362,67
363,59,237,74
257,63,363,56
248,66,351,58
366,53,267,52
396,52,255,59
350,62,249,59
275,51,385,60
386,56,270,60
377,60,272,54
362,55,265,53
312,57,NaN,NaN
339,64,NaN,NaN
NaN,NaN,333,59
346,60,NaN,NaN
340,58,NaN,NaN
NaN,NaN,340,51
NaN,NaN,331,52
NaN,NaN,331,51
NaN,NaN,NaN,NaN
NaN,NaN,NaN,NaN
NaN,NaN,NaN,NaN
NaN,NaN,NaN,NaN
NaN,NaN,NaN,NaN
NaN,NaN,NaN,NaN
NaN,NaN,NaN,NaN
NaN,NaN,NaN,NaN
NaN,NaN,NaN,NaN
NaN,NaN,NaN,NaN
NaN,NaN,NaN,NaN
NaN,NaN,NaN,NaN
NaN,NaN,NaN,NaN
NaN,NaN,NaN,NaN
NaN,NaN,NaN,NaN
NaN,NaN,NaN,NaN
NaN,NaN,NaN,NaN
NaN,NaN,NaN,NaN
NaN,NaN,NaN,NaN
NaN,NaN,NaN,NaN
NaN,NaN,NaN,NaN
NaN,NaN,NaN,NaN
NaN,NaN,NaN,NaN
NaN,NaN,NaN,NaN
NaN,NaN,NaN,NaN
NaN,NaN,NaN,NaN
NaN,NaN,NaN,NaN
NaN,NaN,NaN,NaN
NaN,NaN,NaN,NaN
NaN,NaN,NaN,NaN
NaN,NaN,NaN,NaN
NaN,NaN,NaN,NaN
NaN,NaN,NaN,NaN
NaN,NaN,NaN,NaN
NaN,NaN,NaN,NaN
NaN,NaN,NaN,NaN
NaN,NaN,NaN,NaN
NaN,NaN,NaN,NaN
NaN,NaN,NaN,NaN
NaN,NaN,NaN,NaN
NaN,NaN,NaN,NaN
NaN,NaN,NaN,NaN
NaN,NaN,NaN,NaN
NaN,NaN,NaN,NaN
NaN,NaN,NaN,NaN
NaN,NaN,NaN,NaN
NaN,NaN,NaN,NaN
NaN,NaN,NaN,NaN
NaN,NaN,NaN,NaN
NaN,NaN,NaN,NaN
NaN,NaN,NaN,NaN
NaN,NaN,NaN,NaN
NaN,NaN,NaN,NaN
NaN,NaN,NaN,NaN
NaN,NaN,NaN,NaN
NaN,NaN,NaN,NaN
NaN,NaN,NaN,NaN
NaN,NaN,NaN,NaN
NaN,NaN,NaN,NaN
NaN,NaN,NaN,NaN
NaN,NaN,NaN,NaN
NaN,NaN,NaN,NaN
NaN,NaN,NaN,NaN
NaN,NaN,NaN,NaN
NaN,NaN,NaN,NaN
NaN,NaN,262,53
NaN,NaN,264,61
258,56,NaN,NaN
227,62,275,53
276,60,225,59
246,52,NaN,NaN
NaN,NaN,242,60
NaN,NaN,227,51
263,59,NaN,NaN
269,51,NaN,NaN
259,66,NaN,NaN
NaN,NaN,NaN,NaN
275,56,NaN,NaN
260,54,NaN,NaN
NaN,NaN,258,53
NaN,NaN,NaN,NaN
291,66,NaN,NaN
266,68,324,61
NaN,NaN,268,64
267,61,NaN,NaN
NaN,NaN,268,62
277,59,NaN,NaN
272,60,NaN,NaN
NaN,NaN,271,59
271,56,NaN,NaN
270,62,NaN,NaN
NaN,NaN,270,57
271,59,NaN,NaN
271,58,NaN,NaN
NaN,NaN,272,59
NaN,NaN,302,65
NaN,NaN,292,59
360,58,263,61
281,53,378,62
387,56,284,67
373,57,265,69
375,51,265,60
372,61,265,52
366,77,264,64
276,62,388,73
280,61,389,56
291,63,388,60
299,57,398,63
396,69,305,66
387,78,286,65
291,68,385,91
383,95,296,79
399,104,307,80
302,88,390,103
401,101,317,145
318,171,395,97
319,209,367,106
NaN,NaN,371,93
NaN,NaN,376,104
NaN,NaN,393,78
396,74,NaN,NaN
391,63,301,329
393,64,305,342
306,355,373,75
395,68,304,368
384,64,302,362
384,66,317,378
303,376,384,65
330,375,385,63
384,71,323,374
322,380,383,62
304,393,385,65
320,389,395,72
313,391,393,63
379,73,328,390
323,391,389,66
384,67,311,382
392,77,318,382
387,66,323,392
319,387,392,71
325,390,382,61
389,64,316,385
335,392,396,69
303,387,390,71
397,73,322,398
387,80,309,377
327,390,395,80
308,362,378,62
394,69,307,370
305,337,390,63
325,327,394,67
299,280,387,62
394,67,310,241
397,62,297,191
308,193,395,60
392,77,303,165
324,159,393,70
323,154,396,69
303,128,389,60
311,149,384,74
385,62,315,136
386,58,327,117
382,61,322,111
370,67,306,125
306,101,375,68
305,110,377,66
378,71,308,112
300,112,372,62
387,68,305,117
369,61,318,100
314,95,380,63
314,105,381,75
367,60,296,103
376,63,291,95
380,64,319,102
374,64,318,105
285,101,366,66
286,97,355,71
358,78,282,101
365,62,282,92
306,87,364,68
306,98,365,68
283,79,362,67
372,88,282,80
379,64,288,89
362,85,285,75
274,79,373,78
283,76,377,81
366,86,272,70
284,71,362,91
268,83,369,72
365,101,280,74
288,95,366,85
388,90,288,76
309,69,357,109
367,100,289,62
373,91,278,78
368,101,284,74
287,68,371,97
384,96,289,75
273,75,372,94
378,88,291,78
291,74,365,98
290,76,360,115
274,76,372,93
360,101,281,78
374,99,289,74
292,84,380,111
292,79,369,120
370,115,292,82
364,104,280,76
290,78,356,123
385,106,287,97
383,99,283,101
377,107,247,142
379,100,237,155
385,107,225,160
382,99,223,229
216,253,378,110
245,291,387,101
209,304,376,105
376,109,211,311
378,98,207,326
378,79,213,362
217,382,379,103
370,95,214,409
380,106,225,404
374,78,213,382
213,410,372,99
220,395,378,100
221,408,379,79
204,410,380,83
370,84,222,399
206,408,374,87
202,411,373,95
369,89,213,402
376,103,216,402
372,83,198,409
372,85,214,416
221,405,376,103
374,83,209,406
216,412,379,72
220,417,375,88
380,82,206,409
210,412,375,63
378,78,205,415
201,413,371,91
377,87,216,405
205,399,369,80
376,82,197,409
208,418,378,89
213,402,379,93
224,406,379,87
371,80,221,415
218,414,370,96
219,414,377,72
377,70,212,389
218,417,379,74
228,382,380,80
227,344,379,83
224,307,378,101
236,282,379,102
249,239,384,79
380,103,247,200
380,101,273,168
382,95,271,145
292,105,385,94
373,110,285,100
380,117,294,82
381,104,292,75
373,102,285,80
278,79,378,112
384,94,287,77
376,113,289,89
290,81,376,98
294,88,379,98
288,86,375,110
366,99,288,63
368,101,293,75
294,72,371,109
294,68,380,111
372,109,292,69
377,97,300,75
288,74,380,109
288,66,373,103
378,110,292,84
294,68,361,113
292,64,368,98
380,101,300,78
302,72,381,102
294,81,368,105
370,99,292,74
367,106,300,79
374,113,294,66
376,111,299,78
378,100,289,56
378,106,285,71
377,98,294,60
279,70,373,103
375,114,292,68
379,113,292,67
364,103,293,59
282,67,378,96
383,103,284,66
278,67,379,108
290,70,379,118
377,106,287,74
373,105,264,91
252,111,376,99
236,130,377,106
404,107,233,160
372,101,225,186
221,215,384,97
381,107,215,287
378,103,213,308
377,107,209,294
373,89,201,328
216,341,379,94
376,103,226,369
224,402,381,82
375,74,222,386
377,81,227,409
225,393,371,73
229,400,368,91
212,394,366,107
214,400,357,80
373,77,207,403
376,65,203,403
371,84,229,399
369,70,213,404
210,410,378,84
206,397,358,83
375,64,225,400
374,92,224,405
374,92,212,398
375,74,225,404
222,406,375,87
219,402,373,85
218,399,378,78
370,65,203,400
370,74,224,398
361,93,220,397
367,80,214,417
374,61,227,395
374,80,229,411
372,74,220,407
377,79,213,403
375,96,221,404
225,402,375,87
216,391,377,98
378,73,221,358
226,358,375,69
235,334,368,76
372,72,248,269
386,94,252,274
251,225,374,106
261,209,379,102
255,172,375,103
374,104,265,173
371,83,260,152
269,120,379,98
374,71,278,101
274,98,372,94
295,73,381,91
377,73,286,71
373,65,290,60
374,56,285,57
381,64,302,66
383,66,298,59
402,63,302,62
381,61,306,58
375,61,300,53
288,55,370,66
405,62,319,55
408,52,307,51
285,51,373,63
379,68,310,63
306,57,401,54
279,65,367,61
279,68,370,59
400,64,303,65
400,61,305,57
259,52,352,52
263,57,353,55
301,67,NaN,NaN
285,61,394,59
268,60,366,56
388,56,290,65
358,52,257,54
283,58,391,60
393,53,295,63
363,60,264,51
296,57,398,56
390,59,290,60
298,60,397,59
287,56,367,68
285,59,392,63
297,64,395,63
271,51,364,57
292,60,395,63
398,55,286,61
260,55,361,58
295,52,395,73
358,65,264,52
272,64,360,64
306,54,403,53
369,59,271,62
401,63,306,52
302,54,404,72
274,60,365,57
266,54,377,70
253,52,358,60
364,60,267,51
286,59,366,59
271,60,372,62
373,64,281,59
371,62,265,51
288,51,372,61
365,53,273,64
270,68,364,56
266,64,363,56
404,54,300,55
NaN,NaN,312,60
380,64,280,65
359,54,273,51
402,53,290,53
272,51,363,56
267,60,356,54
NaN,NaN,310,63
267,52,366,56
403,54,309,55
297,53,402,60
367,56,270,71
305,58,401,66
257,62,363,51
363,52,267,55
379,65,281,55
367,58,268,55
310,58,411,63
309,57,405,53
376,64,286,64
304,62,398,62
300,58,403,59
401,56,303,58
399,58,300,61
394,59,295,52
286,53,374,62
302,60,NaN,NaN
305,54,394,53
NaN,NaN,324,55
382,60,290,54
NaN,NaN,312,60
313,60,NaN,NaN
274,56,375,64
NaN,NaN,304,55
306,56,NaN,NaN
308,60,NaN,NaN
NaN,NaN,297,52
296,59,NaN,NaN
388,60,290,51
382,60,278,63
294,60,378,64
385,63,281,57
380,63,278,56
279,52,380,61
347,51,252,55
273,53,375,64
366,69,276,61
263,65,363,78
369,71,264,51
389,59,289,56
388,60,261,59
375,70,273,64
372,61,266,68
264,52,361,66
361,65,270,63
277,58,380,61
375,63,278,55
381,51,276,52
376,63,277,64
277,63,380,61
377,63,285,51
285,62,NaN,NaN
369,65,275,62
380,62,286,61
NaN,NaN,299,61
377,53,278,62
280,51,384,60
380,55,280,51
275,51,373,64
378,61,272,62
387,52,280,65
280,60,380,62
279,52,389,59
393,62,290,59
288,51,390,61
358,51,270,55
269,65,367,57
380,68,281,52
374,61,276,67
291,63,391,65
395,69,296,62
393,55,287,51
383,62,279,62
392,59,274,60
321,52,421,63
395,56,295,61
400,60,295,57
405,59,NaN,NaN
NaN,NaN,404,64
NaN,NaN,371,74
NaN,NaN,401,65
NaN,NaN,398,64
391,59,NaN,NaN
NaN,NaN,402,61
NaN,NaN,394,61
390,59,NaN,NaN
400,66,NaN,NaN
396,64,NaN,NaN
400,60,NaN,NaN
NaN,NaN,395,64
399,62,NaN,NaN
NaN,NaN,398,58
NaN,NaN,388,58
382,64,282,53
388,82,288,52
390,69,285,55
286,56,388,66
381,77,275,54
393,74,281,56
278,58,388,83
274,61,390,70
271,64,389,82
270,54,389,71
266,57,380,79
263,54,394,76
257,53,386,77
389,86,258,55
260,57,387,69
394,76,258,54
258,54,377,88
262,59,386,75
254,52,389,92
264,57,407,74
259,64,391,77
264,57,384,85
259,65,385,84
390,86,264,57
263,60,395,73
389,74,250,53
262,55,391,89
399,82,260,57
270,60,388,77
386,83,263,54
258,60,398,80
389,86,264,56
254,57,386,92
395,88,226,60
244,64,387,94
210,62,391,82
388,92,219,58
202,77,387,95
385,98,189,92
385,104,181,120
398,99,160,154
152,183,395,104
393,103,140,225
386,95,130,247
393,100,118,268
111,294,381,104
107,309,392,98
397,94,107,321
114,321,392,99
121,341,393,96
399,92,111,356
118,345,384,97
385,93,119,354
110,347,386,97
112,358,397,88
395,100,116,356
382,92,110,367
388,100,107,368
111,361,381,103
115,353,385,87
123,357,386,104
125,357,381,101
122,374,377,95
109,379,380,95
380,91,121,358
103,355,390,95
380,95,110,373
384,99,102,350
119,365,394,99
111,362,382,89
106,365,382,95
387,100,111,358
108,360,388,104
96,370,390,92
391,101,96,370
381,94,104,358
97,323,396,100
105,310,384,98
379,99,100,283
391,97,107,270
113,248,383,103
387,102,129,216
143,196,398,103
385,97,170,165
184,156,387,97
392,107,203,131
197,109,392,92
399,100,206,105
385,92,204,87
396,97,220,76
253,78,387,100
251,61,390,96
385,93,247,68
392,100,260,62
387,93,269,61
268,74,385,106
412,90,260,67
265,68,390,92
273,64,398,89
271,65,386,105
272,64,382,98
266,64,397,99
271,64,380,92
385,85,275,54
275,57,389,91
276,67,383,94
382,92,271,63
386,89,282,76
287,62,383,84
288,60,382,122
378,115,282,64
378,106,274,69
291,66,393,111
290,54,386,101
277,71,387,101
383,103,278,59
292,68,386,104
288,52,380,102
283,51,384,105
292,58,375,102
295,60,373,108
383,101,302,58
381,97,281,54
277,58,385,97
290,66,377,108
390,101,300,71
302,58,389,96
283,64,385,97
379,109,290,76
392,104,293,61
288,59,386,96
275,67,375,102
377,105,279,62
381,100,280,61
395,99,295,65
405,70,305,71
299,75,389,103
392,65,294,86
376,69,276,76
389,78,284,71
292,80,390,62
299,80,406,65
395,72,295,76
388,73,279,85
284,82,395,88
383,75,273,82
392,82,297,81
391,84,271,77
295,79,395,80
287,83,380,74
288,76,388,86
294,78,397,85
396,88,292,73
397,84,295,86
373,74,273,95
396,95,265,87
264,97,394,79
392,79,258,91
261,83,394,88
391,63,258,81
380,61,266,84
391,65,272,85
401,80,266,71
391,92,275,83
395,81,248,82
391,85,253,85
223,103,395,83
216,126,399,83
185,163,399,81
165,179,391,82
402,87,179,206
389,88,149,234
158,252,401,83
390,86,153,258
402,79,158,268
153,276,382,76
135,294,390,80
385,77,157,294
390,81,134,286
394,84,144,285
139,285,387,89
397,79,138,268
388,88,154,256
154,237,403,83
135,222,400,78
158,197,399,84
403,84,169,167
157,151,385,66
161,113,394,73
397,86,182,84
385,89,183,62
190,62,391,76
203,67,390,79
226,56,389,84
388,71,227,51
372,74,241,59
245,51,384,92
392,64,246,51
394,93,241,51
395,90,248,51
388,72,255,58
387,83,269,51
280,63,380,94
374,68,268,59
287,81,383,88
285,86,389,94
381,70,285,60
279,66,385,74
272,71,372,73
265,67,364,73
377,71,279,64
269,83,383,67
388,98,294,82
364,71,268,62
356,78,256,70
281,73,377,68
376,65,274,74
268,66,379,69
387,84,282,76
374,71,271,70
379,66,269,80
298,103,375,69
311,96,111,409
106,419,311,74
87,429,315,84
308,84,406,78
319,79,105,416
104,423,306,87
106,418,309,98
315,95,104,429
112,421,322,89
315,81,98,422
315,80,102,422
110,411,318,96
316,88,114,411
106,426,329,97
311,97,96,425
313,96,117,408
91,424,318,95
322,94,101,422
312,95,97,421
313,96,116,423
313,114,101,415
312,102,92,428
318,106,116,416
315,99,113,420
304,87,98,423
319,86,99,416
93,422,306,85
386,69,286,72
110,421,316,68
111,427,330,66
87,428,339,70
96,425,341,66
107,427,347,62
106,420,340,56
124,416,347,65
350,58,101,421
351,63,116,418
111,425,337,63
344,65,92,426
123,416,343,69
350,74,112,413
353,66,114,412
335,70,119,422
341,74,111,412
93,425,328,65
296,75,393,84
377,90,294,68
379,89,300,75
295,76,393,82
295,75,376,100
380,81,290,67
377,91,308,74
406,62,306,61
290,60,375,70
386,73,315,62
321,64,389,70
410,66,323,66
330,58,96,424
110,428,334,54
342,70,105,429
116,412,346,54
366,65,95,425
103,420,336,60
382,76,306,65
284,52,345,87
332,103,282,57
288,100,106,410
384,66,261,159
109,426,237,199
102,420,230,242
109,420,219,310
209,338,360,59
211,359,367,62
364,60,210,348
363,64,236,351
363,66,223,414
233,390,356,60
217,416,355,61
215,416,367,60
231,389,353,58
358,53,227,384
355,57,223,390
224,413,354,62
361,65,217,380
216,398,352,61
353,61,226,388
223,401,359,62
364,63,221,411
216,412,360,61
363,64,235,411
218,390,359,56
357,71,223,414
214,414,356,55
215,412,359,60
363,53,219,414
214,400,355,55
220,418,348,55
360,58,219,413
359,57,216,402
213,417,355,60
355,58,218,414
376,54,230,388
349,58,212,398
354,64,213,360
213,352,366,63
222,342,367,66
219,315,350,60
387,66,238,262
244,242,363,58
381,57,249,222
112,421,254,191
394,64,243,168
247,150,105,419
251,130,112,414
253,119,94,422
257,100,101,421
258,106,119,418
262,80,118,412
120,412,261,81
106,415,269,71
267,71,100,423
110,419,279,73
92,423,284,68
289,62,106,428
287,68,90,427
104,421,298,65
101,412,298,75
308,66,99,416
106,422,312,69
112,427,301,63
102,430,308,67
112,422,318,71
324,74,102,430
322,78,96,418
325,68,105,414
327,76,116,420
101,414,325,64
332,70,122,413
329,79,100,415
124,416,332,80
331,69,115,421
107,408,338,72
84,429,338,80
95,425,335,62
109,423,334,74
326,80,105,411
106,409,329,75
330,74,109,423
93,419,319,73
114,408,321,67
105,416,323,65
100,422,315,73
319,82,95,419
123,394,315,69
308,77,96,421
321,65,107,416
316,79,119,416
321,65,104,416
390,88,302,64
314,65,95,425
106,426,324,76
318,81,109,419
316,56,106,419
320,66,110,412
327,57,118,417
98,424,323,62
337,68,106,421
319,63,106,415
329,67,102,416
105,419,337,76
100,430,341,63
340,59,105,428
114,410,341,67
360,65,102,412
340,61,105,429
90,427,342,62
102,429,340,58
113,411,342,63
349,63,112,425
345,69,111,406
104,413,360,66
348,63,116,423
345,63,106,428
340,66,113,410
340,64,103,417
110,418,347,70
97,422,357,67
122,408,337,59
336,63,98,412
94,415,341,61
307,60,389,81
339,66,93,425
293,57,384,84
304,54,383,82
385,90,321,53
391,85,309,60
313,58,384,80
389,83,320,53
344,63,99,419
385,88,321,62
326,61,383,97
395,79,313,55
321,60,393,82
319,54,377,90
320,65,393,90
114,412,349,61
345,69,108,422
310,56,386,79
98,421,355,69
375,78,319,60
114,408,350,65
389,81,316,63
313,51,373,80
314,62,388,80
345,67,103,411
316,64,387,83
349,69,115,410
304,58,377,79
376,85,300,51
372,86,318,60
319,52,370,99
376,85,331,64
379,86,325,62
374,75,308,57
105,416,351,69
372,81,318,64
320,64,378,88
343,76,113,411
330,53,373,86
108,413,351,68
344,64,101,423
103,414,341,76
100,423,335,64
346,69,110,419
111,427,335,66
340,64,84,425
108,408,342,63
390,80,308,66
115,423,332,67
385,74,303,60
327,62,119,428
116,421,339,66
368,96,318,59
379,78,339,56
387,94,336,64
113,409,337,65
321,60,392,83
341,75,111,408
109,410,354,75
333,74,105,429
341,73,105,419
392,83,327,61
327,61,371,84
119,423,347,66
372,85,327,62
341,60,380,90
346,66,105,412
104,415,348,68
104,420,343,58
338,74,98,422
342,72,95,423
122,414,345,65
107,424,341,77
347,73,112,405
333,63,367,75
106,422,334,71
381,96,335,59
128,419,345,68
348,65,94,426
98,415,341,67
118,428,342,70
355,62,108,418
102,419,344,74
107,424,343,64
348,64,84,429
375,64,98,417
404,70,315,66
92,424,347,69
113,420,350,66
355,68,105,412
357,62,102,416
341,67,107,419
347,59,101,418
104,417,363,63
101,418,354,68
360,71,108,417
107,411,338,66
331,65,106,414
108,418,332,66
111,421,333,69
313,60,368,70
322,56,386,78
368,87,324,54
370,80,324,58
105,410,334,65
337,68,127,405
345,66,111,412
113,421,339,66
331,62,114,420
107,418,353,67
316,62,373,68
116,410,337,65
305,64,375,77
98,417,338,69
108,408,333,69
112,423,332,64
302,63,383,64
372,77,302,67
308,61,371,78
312,66,374,90
300,65,387,77
373,84,314,51
317,63,388,68
315,68,406,62
309,73,377,83
312,57,375,78
305,65,405,69
376,81,327,64
318,64,416,64
105,419,356,66
387,83,327,60
381,83,312,57
302,66,384,83
386,94,316,68
384,89,312,65
307,55,386,87
391,78,304,58
316,67,386,75
298,63,378,79
300,69,396,83
293,62,378,79
299,58,388,88
298,69,392,77
382,84,289,68
392,74,292,55
391,75,289,64
304,73,389,91
388,79,290,66
383,88,297,85
310,81,109,411
295,71,390,83
318,84,106,428
106,429,301,74
308,84,118,419
314,81,90,425
104,419,305,79
301,71,107,423
311,72,102,421
120,423,311,70
107,418,316,74
107,418,309,71
322,78,97,423
107,413,315,75
295,70,394,83
329,74,110,421
324,77,109,408
121,413,328,69
335,76,111,412
119,420,326,77
327,72,106,414
108,417,324,62
330,84,113,407
97,420,338,76
100,415,335,76
96,419,328,81
107,414,324,76
106,417,326,74
116,419,325,69
107,422,330,70
328,72,94,418
90,423,337,70
330,73,103,415
381,77,292,72
345,68,108,419
381,75,294,68
295,56,385,82
395,66,295,66
343,69,104,428
344,70,100,421
376,74,280,54
96,421,345,62
102,420,344,61
308,67,384,75
295,64,380,73
310,66,412,65
384,74,308,55
315,62,114,421
380,65,279,56
401,79,300,62
382,73,296,51
376,70,285,51
394,79,295,61
383,79,304,53
314,65,385,80
108,425,320,56
382,81,318,65
313,58,389,79
318,56,393,79
100,417,328,64
80,428,314,57
312,64,107,410
325,61,102,422
100,419,327,61
108,421,324,61
324,63,122,409
119,426,329,64
327,62,89,429
106,418,333,60
341,54,97,416
352,51,111,427
103,419,366,63
105,427,374,57
114,410,402,52
395,55,106,421
401,73,85,427
403,69,101,420
374,78,103,416
321,59,87,430
95,419,300,58
99,420,298,60
107,409,284,60
83,428,261,53
106,411,258,54
113,410,254,60
112,411,264,64
251,60,106,416
250,62,119,419
242,62,102,421
254,60,118,419
240,65,96,419
246,57,104,415
101,412,254,67
116,409,264,69
258,68,108,426
428,51,249,60
113,422,242,67
255,67,403,66
256,67,404,63
411,77,248,65
252,68,397,68
399,61,233,64
235,57,391,62
106,428,240,61
398,56,257,54
102,411,242,52
238,64,400,59
235,54,389,68
229,65,404,70
109,419,238,53
111,408,216,62
107,428,213,67
210,70,96,425
114,422,214,71
122,411,203,66
206,70,99,421
199,106,108,420
107,424,208,124
207,185,103,415
107,421,212,221
206,256,100,412
217,298,103,416
216,317,93,426
103,418,224,343
224,343,105,410
229,369,102,421
116,420,233,368
119,421,232,370
229,371,103,423
108,425,220,381
111,418,220,374
226,378,107,429
86,429,225,388
310,59,226,381
229,386,329,61
224,384,334,63
331,60,228,382
327,60,227,373
219,372,328,59
102,409,223,374
106,424,233,363
99,426,220,358
212,330,100,426
109,424,215,305
218,283,100,423
107,417,227,236
238,195,112,419
234,171,110,421
100,422,256,154
257,141,112,409
252,130,107,411
106,416,264,132
112,423,262,122
104,413,258,128
103,421,261,127
262,125,104,411
250,129,105,421
263,119,103,422
259,121,98,419
108,424,248,121
102,429,235,124
105,427,247,122
105,429,246,115
370,54,246,119
370,65,262,122
382,64,246,105
259,117,376,65
374,62,267,105
384,71,276,110
266,118,383,62
382,72,269,119
399,72,267,119
401,70,263,128
276,120,397,77
283,125,389,98
388,98,284,124
276,126,397,90
273,121,390,98
267,133,367,98
286,118,401,93
387,92,275,113
286,118,395,107
292,113,399,106
281,126,399,101
295,122,393,110
302,119,395,94
396,107,293,118
298,114,398,93
408,90,292,125
297,112,401,102
292,111,402,96
298,117,406,95
294,130,401,101
396,84,287,127
301,114,397,72
392,90,294,125
298,98,391,80
388,86,285,121
295,106,395,72
394,69,298,115
280,111,377,82
379,86,287,113
389,94,295,105
372,88,289,105
381,95,285,106
373,84,284,113
368,95,280,116
296,109,384,85
368,83,287,108
297,105,368,89
382,78,293,120
296,116,379,87
372,90,296,120
307,111,372,85
286,119,383,96
386,76,304,104
381,92,298,116
286,113,383,94
280,124,382,86
280,115,378,92
284,119,387,98
375,89,250,138
278,129,386,102
266,130,374,109
284,131,377,110
271,129,384,115
369,106,273,139
366,101,270,140
372,106,274,114
292,103,387,88
263,119,374,90
290,122,390,87
285,107,392,103
284,100,375,98
300,99,382,94
391,87,291,100
383,100,300,99
385,106,284,100
393,86,295,98
390,92,304,112
304,100,394,86
290,99,396,79
296,90,394,84
292,100,391,88
398,78,305,95
393,84,293,97
399,70,296,91
394,81,292,79
298,91,392,75
402,60,301,97
302,91,407,82
391,60,293,104
293,90,399,66
290,95,391,77
306,97,393,79
394,74,295,95
304,106,397,64
302,101,401,67
398,62,300,101
297,101,400,74
291,91,398,82
284,100,381,80
394,80,291,95
295,89,389,61
294,94,402,69
287,95,387,65
301,100,400,63
403,72,296,98
103,429,297,100
111,421,286,98
109,417,293,100
108,407,288,107
280,113,115,421
288,108,112,407
288,111,94,419
285,102,110,405
86,427,294,106
298,101,124,408
104,422,282,91
416,70,310,87
298,77,85,430
406,52,309,88
309,90,411,55
407,57,315,84
405,51,312,84
433,72,329,80
330,77,429,68
428,62,334,75
331,72,424,68
336,78,430,67
338,75,110,419
343,83,106,416
118,418,348,90
92,420,348,86
99,417,347,82
354,98,105,419
378,82,107,409
350,80,94,422
108,423,371,77
351,81,98,418
101,418,347,84
359,89,99,420
87,428,356,79
85,430,358,80
359,81,94,423
358,79,118,422
107,421,346,88
357,73,109,426
107,410,349,74
357,70,113,408
375,72,95,422
375,75,110,418
357,75,113,406
353,83,107,414
NaN,NaN,359,80
358,82,78,430
346,88,112,408
372,79,113,411
354,94,102,418
350,93,109,411
95,422,359,92
351,90,109,410
351,94,105,421
105,428,349,89
349,97,119,425
107,413,353,96
347,96,109,409
350,92,89,430
364,91,99,417
105,423,365,86
428,66,333,96
356,101,105,420
353,82,110,410
103,418,358,90
355,83,106,417
109,429,351,101
344,97,98,421
356,87,113,409
108,422,364,89
352,81,119,416
110,423,356,88
95,422,350,88
96,416,357,94
100,420,354,89
109,420,342,87
111,421,345,86
399,81,300,86
313,83,112,420
298,86,424,54
401,80,285,74
424,64,281,80
435,62,260,72
462,64,256,80
459,55,232,65
469,53,256,70
483,63,228,64
239,70,493,56
490,64,244,60
225,61,484,58
477,66,236,58
239,52,468,87
249,55,483,80
233,58,471,82
261,55,467,75
481,83,267,59
263,53,462,78
110,427,488,79
251,54,484,78
263,57,460,78
247,61,458,72
493,67,262,58
252,61,492,62
112,423,458,70
243,54,461,66
492,73,NaN,NaN
NaN,NaN,479,66
484,69,NaN,NaN
NaN,NaN,489,63
485,66,257,60
253,64,484,64
288,67,452,62
279,54,470,57
266,52,464,56
459,60,248,60
265,58,453,58
461,55,244,66
451,55,244,59
459,56,242,66
NaN,NaN,461,54
470,51,NaN,NaN
496,51,NaN,NaN
NaN,NaN,NaN,NaN
NaN,NaN,NaN,NaN
NaN,NaN,NaN,NaN
NaN,NaN,NaN,NaN
NaN,NaN,NaN,NaN
NaN,NaN,NaN,NaN
NaN,NaN,NaN,NaN
NaN,NaN,NaN,NaN
NaN,NaN,NaN,NaN
NaN,NaN,NaN,NaN
NaN,NaN,NaN,NaN
NaN,NaN,NaN,NaN
NaN,NaN,NaN,NaN
NaN,NaN,NaN,NaN
NaN,NaN,NaN,NaN
NaN,NaN,NaN,NaN
NaN,NaN,NaN,NaN
NaN,NaN,NaN,NaN
NaN,NaN,NaN,NaN
451,57,NaN,NaN
NaN,NaN,450,52
NaN,NaN,449,56
NaN,NaN,450,66
465,53,NaN,NaN
456,60,NaN,NaN
463,55,NaN,NaN
NaN,NaN,466,61
504,58,NaN,NaN
NaN,NaN,502,59
NaN,NaN,506,59
499,69,NaN,NaN
303,62,464,60
497,77,307,66
499,78,296,70
497,81,300,76
299,64,500,78
298,65,500,82
281,68,471,65
504,77,283,59
514,71,285,62
284,69,503,70
508,77,288,57
507,71,286,66
282,54,511,69
300,54,511,60
291,57,505,69
511,61,299,58
283,55,511,70
302,65,501,70
509,68,305,61
514,64,287,52
511,59,265,56
498,70,304,57
302,55,496,71
289,62,497,73
290,54,497,74
313,64,510,59
508,59,291,51
511,60,303,54
509,60,308,52
308,66,511,64
303,52,508,58
500,66,295,51
517,63,276,65
280,64,499,72
499,68,275,63
299,52,505,68
501,65,309,66
282,63,504,65
298,63,511,62
281,59,NaN,NaN
NaN,NaN,281,56
288,61,NaN,NaN
NaN,NaN,NaN,NaN
NaN,NaN,NaN,NaN
NaN,NaN,NaN,NaN
NaN,NaN,NaN,NaN
NaN,NaN,NaN,NaN
NaN,NaN,NaN,NaN
NaN,NaN,NaN,NaN
NaN,NaN,NaN,NaN
NaN,NaN,NaN,NaN
NaN,NaN,NaN,NaN
NaN,NaN,NaN,NaN
NaN,NaN,NaN,NaN
NaN,NaN,NaN,NaN
NaN,NaN,NaN,NaN
NaN,NaN,NaN,NaN
NaN,NaN,283,58
NaN,NaN,293,65
NaN,NaN,299,68
295,68,NaN,NaN
293,71,NaN,NaN
300,81,NaN,NaN
298,73,112,411
292,85,108,424
292,78,106,428
107,417,284,82
297,77,107,423
283,81,93,426
289,72,119,416
287,80,111,423
103,418,287,77
280,79,109,424
107,420,287,81
280,71,108,425
291,73,105,413
107,413,279,71
115,413,274,74
106,421,295,69
274,67,116,420
280,73,NaN,NaN
295,65,NaN,NaN
280,66,NaN,NaN
NaN,NaN,297,72
283,66,NaN,NaN
NaN,NaN,292,60
284,64,NaN,NaN
277,63,NaN,NaN
280,65,NaN,NaN
