358,82,543,412
353,114,367,57
367,68,346,119
287,79,382,117
289,93,415,103
262,104,416,119
258,121,431,135
253,130,438,151
241,144,430,162
237,154,429,161
432,158,237,152
247,151,423,151
238,154,440,163
437,172,246,156
241,166,436,169
245,153,416,163
249,147,439,166
238,154,429,167
452,162,220,148
463,178,216,141
191,167,491,184
513,208,169,171
151,178,529,221
560,249,126,218
564,271,114,236
86,264,589,285
83,286,537,387
545,419,92,293
NaN,NaN,80,317
69,331,540,398
544,416,NaN,NaN
92,320,538,395
90,318,547,403
96,323,520,412
547,403,81,329
556,405,85,321
542,407,91,322
537,394,89,322
87,333,537,387
104,333,545,385
100,336,550,385
110,338,540,381
533,389,110,333
102,340,534,385
536,391,103,338
98,328,541,381
542,389,90,340
103,333,547,389
87,341,545,382
98,341,543,373
545,365,106,331
543,386,85,336
545,368,103,340
94,337,546,360
542,360,104,338
89,339,548,371
535,373,101,339
81,334,539,383
537,385,99,338
103,335,547,384
109,334,545,402
111,331,545,385
100,337,543,384
545,401,105,328
101,335,548,389
80,335,546,383
84,325,558,374
86,313,535,408
539,415,90,320
NaN,NaN,100,265
512,424,105,270
NaN,NaN,111,239
NaN,NaN,152,212
195,174,NaN,NaN
538,416,233,141
239,130,NaN,NaN
256,106,NaN,NaN
539,414,289,91
340,96,NaN,NaN
333,75,NaN,NaN
348,70,535,399
537,404,340,58
349,66,536,406
508,421,329,64
535,410,333,61
332,72,516,407
503,417,336,63
342,65,542,396
346,66,535,401
351,61,518,414
535,408,337,74
357,65,525,412
518,405,356,76
332,67,352,148
333,156,350,58
335,100,546,402
533,407,346,128
524,411,350,114
334,123,520,412
524,408,348,109
352,68,351,159
364,65,335,140
353,146,363,66
353,167,352,65
356,67,359,151
366,52,358,152
339,146,370,54
370,63,343,142
514,411,360,122
359,112,538,404
534,405,361,126
357,117,524,409
534,409,348,122
359,122,539,406
344,114,540,413
523,407,351,127
373,63,359,149
514,411,355,124
360,113,525,409
364,68,358,159
362,154,374,66
366,69,337,149
372,64,334,145
358,72,346,162
343,142,364,71
343,64,351,156
338,155,353,61
345,135,523,409
535,400,353,113
341,118,NaN,NaN
342,116,NaN,NaN
342,129,NaN,NaN
521,413,326,120
339,124,521,408
322,102,359,142
357,150,334,109
320,95,355,141
372,146,300,109
297,115,378,133
413,134,313,104
430,133,329,102
305,112,407,129
309,113,403,130
426,142,330,119
305,117,403,131
412,148,328,116
312,128,408,147
318,118,407,137
408,147,312,123
323,113,402,137
424,139,330,114
399,140,301,114
314,126,411,147
313,120,415,145
300,131,400,135
395,126,300,129
303,131,397,121
416,94,318,118
296,118,395,88
400,80,324,125
333,124,429,72
340,131,399,70
350,134,402,69
369,160,406,64
404,75,395,184
413,198,396,57
426,237,436,66
405,67,464,249
421,62,473,286
426,64,505,337
415,67,510,358
419,64,515,373
540,422,496,329
495,328,539,417
NaN,NaN,521,395
NaN,NaN,522,395
NaN,NaN,522,409
NaN,NaN,520,407
533,416,NaN,NaN
535,419,NaN,NaN
529,418,NaN,NaN
NaN,NaN,531,412
NaN,NaN,522,412
528,416,NaN,NaN
NaN,NaN,535,414
535,415,NaN,NaN
NaN,NaN,533,410
530,399,NaN,NaN
NaN,NaN,528,398
523,371,430,67
509,335,425,71
501,304,422,61
475,273,420,67
427,63,448,215
417,67,432,210
406,162,406,63
410,153,426,57
372,153,451,99
449,90,348,116
443,82,338,118
328,112,426,92
319,107,420,92
401,91,310,100
421,66,320,89
399,96,302,100
382,85,291,95
396,60,308,99
381,65,285,100
397,69,304,112
381,66,280,98
387,63,302,94
291,90,406,69
291,82,392,63
389,68,288,93
290,80,389,86
395,78,293,89
392,78,304,94
401,94,302,93
311,85,412,79
318,85,406,85
369,99,270,92
388,89,288,91
372,100,282,90
395,101,297,90
368,99,268,88
264,85,362,103
388,108,292,87
279,89,386,107
381,119,283,88
306,81,395,117
284,88,383,109
298,87,408,114
398,123,291,92
304,100,404,105
398,129,316,98
382,134,540,417
519,425,399,130
539,418,388,167
413,188,535,426
446,246,535,428
535,420,454,257
535,423,496,302
529,417,515,318
504,315,526,415
523,331,526,422
539,417,498,347
536,400,NaN,NaN
NaN,NaN,530,401
527,407,NaN,NaN
529,417,NaN,NaN
544,415,NaN,NaN
NaN,NaN,531,416
NaN,NaN,536,418
NaN,NaN,540,416
NaN,NaN,533,416
531,417,NaN,NaN
531,414,NaN,NaN
531,422,NaN,NaN
534,415,NaN,NaN
NaN,NaN,535,414
NaN,NaN,535,419
NaN,NaN,542,409
NaN,NaN,537,405
NaN,NaN,541,398
518,331,534,427
527,368,402,60
518,344,415,92
422,87,496,297
471,270,409,87
402,85,447,243
418,200,405,98
399,74,387,182
375,176,398,82
317,121,403,133
310,105,402,129
311,118,415,131
414,119,293,100
409,126,278,107
268,98,415,127
406,126,282,106
412,121,269,90
264,101,404,138
405,133,259,90
268,92,407,139
402,149,263,103
262,103,406,147
259,115,415,153
404,166,267,111
410,158,269,123
261,119,402,153
258,124,398,175
402,154,267,130
406,157,269,115
401,164,278,129
275,130,401,152
279,132,401,148
409,168,279,131
405,163,287,131
402,171,282,129
288,128,401,152
284,129,403,159
299,131,407,159
396,166,293,136
397,176,297,133
300,138,410,161
297,133,405,146
409,156,291,140
291,140,408,162
403,143,300,140
303,144,403,163
300,137,409,167
413,165,293,140
309,143,417,146
304,139,405,170
303,133,406,143
301,141,408,147
409,165,307,143
410,169,305,136
407,155,303,137
308,135,418,146
292,139,410,162
407,164,306,136
302,130,413,173
308,136,419,157
311,132,414,159
291,134,418,150
299,141,417,151
403,159,302,131
290,137,407,163
416,146,305,134
294,137,412,159
409,162,312,132
422,160,288,137
413,154,295,138
414,168,300,139
297,144,415,157
414,165,311,133
297,136,417,168
402,164,297,138
411,152,296,134
396,149,295,137
296,133,410,138
294,137,404,146
406,160,300,140
312,133,420,164
410,139,301,142
294,137,403,163
418,143,304,141
293,136,411,170
415,150,307,131
397,153,299,137
414,162,305,143
296,136,405,145
415,145,308,128
416,139,290,131
410,150,309,148
410,154,294,132
407,163,301,136
290,130,395,148
316,132,406,167
398,162,299,132
299,140,409,164
295,133,412,146
298,138,406,162
299,138,401,138
397,162,295,134
407,157,290,131
406,145,295,139
409,166,306,132
302,141,416,147
288,129,405,154
304,141,405,141
304,156,415,154
299,208,403,155
402,160,303,233
302,255,405,164
304,308,405,162
400,151,319,348
320,363,407,157
327,396,406,164
319,382,407,154
410,152,324,404
399,141,322,403
405,140,334,399
326,415,406,151
404,141,334,405
336,405,399,159
406,156,341,399
331,405,401,161
412,149,328,402
403,167,329,410
411,154,319,406
318,407,410,150
402,158,338,411
410,143,318,406
329,413,398,156
406,160,319,404
411,159,320,386
314,368,397,144
404,162,320,361
405,161,315,334
408,161,314,282
409,159,311,230
408,158,310,208
321,204,412,156
305,172,406,164
304,150,409,158
416,154,318,144
308,153,410,152
322,143,423,159
407,147,304,130
311,132,411,151
410,162,308,141
301,120,412,148
314,141,417,162
419,161,320,141
421,161,314,124
422,155,312,128
420,148,319,142
414,168,315,139
409,156,310,136
407,163,313,135
428,151,328,134
311,135,414,150
316,138,412,156
309,135,400,163
415,149,315,135
412,156,313,146
337,140,436,164
332,141,429,152
316,128,415,148
331,132,432,168
412,156,320,125
419,161,321,127
419,158,316,120
432,163,317,113
436,159,311,117
424,157,305,124
426,149,307,130
436,154,335,125
430,142,303,140
323,140,440,149
311,137,427,158
308,141,426,132
433,133,NaN,NaN
417,138,NaN,NaN
413,133,NaN,NaN
NaN,NaN,385,146
NaN,NaN,413,139
357,129,443,148
NaN,NaN,403,149
398,141,NaN,NaN
391,135,NaN,NaN
NaN,NaN,411,141
397,136,NaN,NaN
398,135,NaN,NaN
NaN,NaN,399,134
NaN,NaN,385,143
NaN,NaN,404,139
NaN,NaN,417,143
417,135,NaN,NaN
NaN,NaN,419,144
NaN,NaN,401,134
323,127,422,144
310,133,408,142
414,133,317,118
415,137,320,117
418,135,318,111
431,136,325,115
412,151,312,120
301,124,415,127
412,143,309,116
315,122,408,142
423,135,323,118
409,141,328,102
336,114,425,138
425,110,323,110
421,133,323,98
422,112,321,97
320,99,417,117
328,106,426,118
319,104,421,126
309,109,410,130
320,101,419,120
408,137,315,112
409,134,311,112
402,146,312,127
297,132,399,139
302,133,395,161
304,153,399,136
327,169,424,143
373,147,362,229
374,154,368,255
400,158,380,282
408,318,400,157
393,284,425,381
424,386,404,129
433,396,408,123
399,131,429,381
410,126,430,384
430,401,415,135
436,388,427,119
419,128,431,402
422,136,434,404
431,129,439,411
394,118,432,403
393,125,431,417
413,129,432,391
397,128,428,403
410,126,435,408
435,391,430,131
391,121,432,387
434,391,418,140
398,125,427,366
395,145,425,370
418,364,401,158
410,138,399,330
381,290,380,187
411,153,358,264
414,144,346,244
322,218,424,144
312,204,425,150
312,203,434,159
425,145,323,168
304,183,439,153
428,165,311,177
439,158,312,171
432,143,310,171
319,161,433,163
447,161,331,168
326,163,438,162
426,161,327,156
326,158,447,158
444,140,334,154
325,147,441,164
331,147,433,148
334,151,448,157
444,156,337,145
337,147,440,159
330,153,436,146
434,147,318,144
334,150,434,158
436,154,329,144
332,147,444,143
326,154,445,154
436,145,320,141
323,151,429,158
438,138,324,147
445,161,334,153
326,144,434,138
322,140,441,144
434,140,321,140
440,156,335,153
329,145,434,145
413,165,316,145
438,144,323,142
330,147,442,152
451,147,326,141
326,144,446,148
440,154,315,142
329,147,434,151
433,151,328,151
435,146,333,128
447,144,333,134
334,132,442,157
318,144,432,141
436,158,338,132
430,142,338,133
324,143,431,147
430,148,325,145
438,144,324,148
445,147,337,131
438,141,339,140
439,142,318,127
338,139,440,146
326,130,434,141
318,136,435,154
444,137,315,132
313,138,429,138
319,144,441,151
443,148,323,145
319,133,425,143
443,153,327,134
437,159,327,137
325,144,426,136
435,147,317,136
435,148,332,129
326,134,438,141
435,145,333,138
440,150,314,129
323,139,431,152
423,140,320,136
322,128,439,140
433,143,337,129
438,141,332,135
333,135,437,145
429,143,325,125
317,128,444,134
324,141,442,149
326,134,440,146
445,133,341,123
442,152,338,128
315,132,438,147
334,129,434,144
443,136,331,139
420,157,319,138
445,146,328,143
439,152,327,139
325,124,443,148
327,132,431,140
432,142,326,131
320,133,423,140
429,157,330,127
321,133,423,155
413,150,326,135
427,137,332,130
448,147,332,124
341,139,442,144
439,151,326,126
338,129,443,142
433,125,340,129
337,120,435,130
340,138,443,150
341,125,452,137
444,132,338,137
454,133,354,134
355,128,456,143
463,143,341,121
438,140,335,130
462,137,340,134
469,126,342,132
458,142,335,128
336,135,452,132
450,134,344,131
449,137,338,125
345,132,445,139
452,135,346,133
331,133,430,123
452,133,335,124
335,128,445,132
443,136,332,128
442,127,337,130
432,136,331,132
332,128,434,136
450,136,345,132
436,139,330,118
330,129,438,127
342,122,452,142
341,126,443,140
439,124,328,128
341,133,443,138
442,133,334,133
345,127,443,140
443,144,345,126
349,119,456,133
338,137,444,141
336,128,451,130
339,125,441,131
336,127,437,131
343,135,437,142
337,131,437,143
446,142,338,130
339,124,438,138
438,141,336,127
330,133,435,129
325,125,431,135
439,129,340,130
439,138,341,131
437,142,336,135
333,132,438,134
334,128,439,141
339,124,442,137
338,132,436,132
446,135,339,128
332,127,434,124
347,138,448,130
334,130,437,137
442,132,338,127
342,127,445,141
331,126,431,136
339,127,440,129
346,126,446,127
343,127,444,130
441,126,336,129
444,131,339,132
440,136,336,131
435,130,331,120
449,142,348,128
449,126,349,126
349,123,448,139
434,138,333,123
440,133,340,117
350,127,447,130
347,126,452,124
330,123,440,135
331,120,443,131
340,124,448,131
339,121,440,134
331,123,445,133
458,136,355,127
438,140,338,127
346,116,450,136
443,141,340,121
445,139,336,124
343,128,447,134
438,133,333,128
439,125,338,120
449,131,348,125
442,132,337,127
363,127,461,128
446,134,341,122
328,122,429,122
428,127,327,122
445,128,337,122
441,128,340,137
342,131,443,123
338,131,446,129
343,115,446,131
326,132,429,126
425,125,324,128
332,124,430,131
441,132,333,132
336,120,440,125
423,129,NaN,NaN
459,127,359,122
NaN,NaN,445,131
351,144,440,136
NaN,NaN,447,130
NaN,NaN,432,137
NaN,NaN,424,137
NaN,NaN,428,129
439,119,NaN,NaN
426,126,NaN,NaN
NaN,NaN,422,128
444,113,357,144
428,126,NaN,NaN
440,115,344,144
NaN,NaN,437,115
448,108,352,142
345,133,444,112
353,142,437,105
351,146,435,116
348,152,442,113
NaN,NaN,443,105
348,147,448,107
NaN,NaN,420,117
NaN,NaN,415,126
NaN,NaN,445,109
NaN,NaN,438,123
437,123,NaN,NaN
445,113,355,132
413,133,NaN,NaN
442,113,351,163
NaN,NaN,423,127
348,165,435,114
346,167,443,117
434,120,348,166
357,166,431,115
350,138,445,132
NaN,NaN,431,130
358,132,449,113
436,130,NaN,NaN
NaN,NaN,430,122
NaN,NaN,430,131
446,131,349,139
340,167,427,120
NaN,NaN,405,137
430,131,344,166
407,133,NaN,NaN
NaN,NaN,403,137
409,130,NaN,NaN
359,165,444,115
NaN,NaN,417,138
407,133,NaN,NaN
412,129,NaN,NaN
414,133,NaN,NaN
NaN,NaN,421,135
411,135,NaN,NaN
NaN,NaN,412,124
NaN,NaN,438,123
421,130,NaN,NaN
330,132,436,134
336,145,436,128
454,136,349,150
433,142,313,155
311,158,443,148
425,159,313,174
437,144,308,222
430,150,323,250
329,274,438,147
325,310,430,150
442,147,329,334
443,147,329,339
429,149,341,367
443,155,348,370
346,378,430,153
434,155,320,380
448,157,344,386
434,157,339,395
444,152,321,392
340,385,434,153
321,378,438,158
323,376,436,163
318,384,430,162
322,376,433,164
337,377,435,159
435,160,322,377
427,158,320,382
428,159,317,373
442,153,317,375
323,379,432,152
336,382,451,162
315,388,436,164
325,386,440,151
322,381,448,154
430,162,316,375
316,382,447,154
442,148,312,389
437,151,316,379
434,159,315,383
451,151,321,381
439,149,321,393
326,392,438,155
317,382,431,159
318,386,437,155
321,387,437,163
322,396,451,157
437,152,310,383
429,162,314,383
450,157,314,376
320,390,432,153
317,387,433,157
451,153,309,380
331,388,435,156
310,378,427,161
430,154,316,397
309,394,433,156
430,151,306,377
446,157,319,385
328,373,443,150
317,334,420,157
319,344,433,151
426,157,324,294
305,272,448,157
438,153,319,242
441,161,324,222
328,204,453,161
323,186,433,162
317,188,425,169
326,164,436,164
334,176,433,162
326,163,429,164
440,164,338,162
334,157,445,162
426,152,326,162
329,162,434,163
439,165,346,171
437,167,336,161
347,168,444,164
330,167,425,171
328,157,428,171
425,170,334,156
436,162,338,165
326,156,424,157
326,151,429,165
316,159,416,160
428,151,327,162
333,159,436,172
340,164,437,168
428,159,330,170
428,166,333,162
426,160,324,162
322,158,426,162
422,162,323,168
341,149,442,158
321,162,427,161
323,162,429,154
441,159,338,148
347,157,444,163
313,156,417,153
327,160,440,164
422,152,323,166
318,150,429,162
423,163,320,153
422,151,318,156
427,155,337,151
328,165,431,158
443,164,335,152
320,159,423,154
324,160,420,155
348,158,452,153
432,156,338,144
332,169,431,157
318,159,435,161
324,170,425,148
433,155,335,172
346,157,430,161
433,156,339,146
344,157,434,171
333,154,434,180
326,167,432,161
445,153,346,158
333,153,430,148
430,158,333,147
338,146,441,149
425,146,321,166
421,160,319,162
430,150,340,160
415,156,314,161
422,155,325,163
424,144,319,161
326,165,428,138
422,156,329,158
318,159,418,155
318,162,416,151
424,151,324,148
331,151,425,161
423,149,326,144
317,153,417,143
332,141,432,153
323,146,427,142
418,146,320,139
319,148,423,142
425,143,328,137
419,146,317,142
432,145,325,137
426,146,325,139
429,138,330,148
322,138,427,135
424,147,325,132
328,128,427,134
336,127,437,138
424,122,323,132
435,128,333,126
326,127,418,134
331,130,429,140
430,146,333,125
423,130,325,123
320,125,430,131
432,141,331,121
330,126,425,120
428,133,323,120
324,120,419,134
329,123,433,126
431,119,332,114
426,127,329,131
333,125,431,117
337,124,435,128
324,117,424,124
432,128,338,124
421,121,319,131
333,121,428,117
425,116,325,116
441,108,341,121
332,115,425,119
423,120,319,124
340,116,445,102
424,105,324,107
330,115,429,123
427,122,329,123
447,107,338,116
328,117,432,108
404,105,320,116
329,121,427,99
324,120,420,119
439,111,345,127
309,119,412,109
331,101,424,104
341,126,438,103
410,110,309,111
NaN,NaN,358,112
440,100,342,114
440,100,355,117
434,93,331,106
NaN,NaN,363,116
358,112,438,69
437,80,336,106
337,106,433,102
329,100,427,97
418,99,316,98
419,82,314,98
309,102,423,85
307,103,411,90
299,99,426,91
310,100,417,97
406,94,295,80
314,87,413,100
407,85,306,85
396,96,300,90
304,99,404,97
294,88,397,92
414,101,313,90
409,97,306,89
393,105,297,78
319,98,419,92
396,101,292,80
410,105,305,81
332,97,431,94
320,96,413,90
326,101,408,62
414,62,315,83
537,428,315,93
537,428,311,90
535,422,312,91
307,92,NaN,NaN
538,429,298,80
536,425,332,88
332,85,536,423
537,430,327,89
338,96,535,424
531,426,312,91
319,91,531,426
538,422,312,77
NaN,NaN,319,81
437,64,317,78
333,91,455,63
415,80,322,77
334,87,392,93
391,96,314,92
404,134,351,101
319,130,416,121
423,134,327,128
397,163,321,146
331,191,417,140
331,244,414,143
405,143,349,289
408,139,330,323
397,156,344,356
335,375,405,144
338,376,400,150
408,153,340,409
408,158,317,409
384,155,335,412
409,152,340,419
338,430,406,154
410,151,319,408
335,422,402,155
398,110,337,405
373,130,338,409
339,398,398,156
407,145,324,418
337,400,384,153
406,152,339,408
318,417,401,154
319,417,403,157
326,422,403,157
310,413,398,108
409,143,316,416
313,417,407,146
407,155,317,412
390,156,334,409
329,408,389,115
309,420,393,159
311,421,373,135
326,427,403,153
329,406,409,146
310,403,408,148
401,111,312,406
410,140,309,407
322,402,404,155
324,380,399,158
318,358,411,146
409,157,339,330
321,265,408,161
417,151,309,236
416,167,316,199
426,169,340,182
424,158,337,160
323,136,414,166
318,130,394,163
403,183,340,121
412,160,312,117
395,164,306,109
319,121,405,157
322,98,387,147
408,142,324,126
331,96,400,145
334,98,374,139
335,92,388,155
404,145,332,94
396,153,330,87
380,143,333,90
329,98,419,122
NaN,NaN,349,108
305,96,397,147
398,145,328,106
405,142,330,90
326,96,395,146
327,95,411,119
413,120,326,101
395,144,327,92
338,88,532,426
369,122,303,83
316,75,368,132
330,75,366,130
367,127,308,76
322,89,366,125
366,126,295,83
NaN,NaN,338,94
393,136,324,77
391,134,316,76
345,91,519,424
368,120,319,77
327,67,368,117
368,113,304,64
393,135,318,79
374,116,329,66
299,85,383,136
395,142,305,70
385,136,296,57
308,80,392,141
374,142,329,72
371,116,293,77
307,95,394,136
297,65,391,136
369,111,303,89
309,75,384,134
536,426,340,89
533,424,344,93
314,81,368,108
NaN,NaN,338,100
534,423,346,96
362,88,532,426
369,113,538,420
316,81,366,112
NaN,NaN,359,110
361,95,536,421
535,423,352,95
336,94,NaN,NaN
347,100,NaN,NaN
413,111,317,90
366,105,NaN,NaN
317,85,369,102
315,89,410,116
348,93,533,427
NaN,NaN,351,92
535,427,354,88
350,87,NaN,NaN
NaN,NaN,368,100
359,85,535,427
537,425,349,97
355,82,535,426
407,112,307,74
321,82,408,110
424,98,320,78
410,98,306,83
406,103,316,77
322,78,422,95
310,77,412,96
307,76,408,94
408,104,304,76
291,88,390,97
295,80,398,95
324,89,427,97
303,95,409,98
310,86,415,96
393,94,289,91
421,94,320,98
330,87,429,85
410,85,310,92
332,96,433,77
295,83,398,84
297,85,409,82
406,84,308,86
321,89,421,81
311,92,410,87
322,90,424,80
317,95,416,71
296,84,400,95
323,93,422,65
424,78,325,89
424,71,323,90
305,88,406,100
404,89,300,83
309,86,411,90
355,94,NaN,NaN
397,100,302,94
NaN,NaN,375,94
380,84,NaN,NaN
NaN,NaN,369,86
NaN,NaN,396,88
537,429,393,81
NaN,NaN,371,90
NaN,NaN,384,89
374,89,NaN,NaN
305,77,404,74
300,76,399,80
388,83,536,424
384,80,NaN,NaN
420,65,332,73
382,76,535,429
383,79,535,420
NaN,NaN,393,82
415,58,315,76
377,77,NaN,NaN
303,75,400,81
NaN,NaN,390,79
NaN,NaN,378,88
384,79,534,421
536,425,402,75
537,430,385,89
423,68,351,89
305,86,415,72
417,78,315,79
313,84,421,69
421,72,311,84
420,67,319,104
420,72,309,76
411,72,308,85
412,88,308,86
418,87,317,79
417,82,314,75
442,71,342,92
302,79,406,80
410,89,307,85
415,89,314,80
309,65,410,79
316,94,417,87
314,83,419,82
314,73,415,75
304,85,412,91
409,91,309,100
430,95,351,107
306,75,396,104
407,103,320,94
309,85,402,103
417,116,311,92
311,81,408,123
327,82,425,109
402,132,333,75
408,131,334,78
318,85,411,127
311,75,406,127
411,136,316,86
422,130,319,82
305,107,433,140
436,133,306,108
301,117,430,138
300,197,431,133
295,165,432,139
304,284,436,145
436,154,299,290
436,155,308,288
438,163,308,312
425,164,299,339
311,346,426,157
303,348,421,162
421,164,298,368
317,358,423,171
315,367,437,157
308,371,438,161
312,367,425,172
321,383,422,175
317,379,429,168
325,375,427,171
423,173,312,385
315,375,424,176
424,143,330,375
315,380,427,174
330,383,423,178
321,387,437,174
313,379,427,168
325,379,435,169
432,167,325,384
315,369,435,167
443,164,331,378
331,370,446,160
444,159,321,345
430,163,326,322
430,164,309,320
332,275,448,153
449,138,331,232
327,222,449,110
458,110,328,186
325,166,441,91
326,174,436,130
437,128,327,163
431,129,325,150
341,148,444,118
441,100,334,150
334,137,427,101
335,153,427,119
424,101,327,151
326,154,429,122
339,149,443,108
436,113,339,144
327,151,430,126
432,124,331,151
NaN,NaN,337,140
NaN,NaN,342,143
429,123,328,140
431,126,333,141
427,124,327,148
330,146,428,133
419,133,323,154
425,124,330,160
331,155,415,142
332,159,430,133
348,167,447,120
339,161,442,132
NaN,NaN,354,160
338,140,437,124
338,144,442,121
355,154,450,112
437,126,343,150
336,148,437,121
431,121,331,146
353,144,438,120
348,135,442,123
329,137,438,126
329,140,434,112
336,145,438,121
338,139,435,133
317,146,420,133
421,125,315,138
328,131,430,118
434,110,335,143
336,146,444,125
332,149,436,119
333,144,428,121
434,124,336,139
447,113,343,139
347,144,438,107
430,121,327,135
324,115,423,116
432,118,332,123
426,120,325,139
438,119,333,126
334,130,444,118
439,114,344,125
449,120,340,129
433,112,336,134
441,128,332,118
345,124,447,126
452,129,352,119
406,125,314,120
359,136,452,125
438,126,336,116
338,134,439,125
399,138,305,110
321,107,404,136
310,122,410,140
327,164,413,145
329,156,408,149
348,170,420,151
NaN,NaN,373,199
370,104,368,193
385,115,373,211
394,163,389,269
392,155,392,263
399,274,412,155
423,345,409,145
407,130,428,352
433,365,410,132
425,377,399,110
398,113,427,395
424,366,398,117
428,380,399,116
394,117,425,386
427,378,396,122
391,121,422,379
409,134,425,381
398,119,422,383
429,386,NaN,NaN
427,379,NaN,NaN
424,379,401,114
424,381,NaN,NaN
425,378,NaN,NaN
NaN,NaN,427,383
400,157,426,376
395,119,435,384
427,380,434,153
427,152,427,381
422,371,401,117
426,340,411,137
392,298,406,168
397,163,400,296
401,160,389,273
392,155,371,256
358,245,370,148
328,206,400,161
313,192,397,166
397,153,297,161
403,161,286,160
293,131,407,157
292,144,397,161
405,151,280,147
277,143,396,149
275,140,398,149
398,147,280,149
405,139,286,147
404,141,284,148
286,142,402,140
303,149,408,134
402,136,290,144
406,138,307,146
299,148,400,139
309,121,408,135
286,148,401,134
405,135,305,134
309,121,402,145
402,144,291,115
314,120,417,134
284,133,400,139
310,127,409,122
321,122,427,139
290,121,389,142
398,136,297,127
393,148,292,120
401,143,296,139
407,146,300,124
414,140,313,119
288,118,388,151
297,132,398,144
292,121,404,137
407,138,291,119
326,126,426,149
423,139,314,119
313,123,424,131
326,117,428,131
295,116,426,147
289,116,405,135
299,118,408,140
394,145,299,115
295,116,410,141
412,137,302,111
429,135,329,114
427,142,326,126
409,140,300,114
425,140,324,121
293,125,403,138
304,112,408,142
414,141,289,132
291,114,413,143
304,123,411,141
290,111,413,134
308,112,416,134
412,138,311,112
300,129,412,143
406,137,299,123
291,129,418,136
309,130,413,140
300,116,411,142
410,142,289,137
409,137,304,127
300,124,400,145
302,120,401,142
301,126,409,140
412,146,297,108
303,114,405,141
409,138,303,123
430,145,314,125
303,124,412,145
295,111,413,140
410,141,299,122
304,124,408,140
420,137,323,108
301,110,407,146
301,123,411,146
300,125,414,146
305,109,427,141
408,150,306,114
306,115,408,136
308,100,410,138
302,113,401,147
408,136,300,114
331,109,428,139
296,111,413,135
410,137,295,109
405,145,307,121
291,127,402,145
407,159,297,126
302,113,408,140
426,140,307,119
302,116,396,147
306,110,409,143
430,138,331,117
309,121,410,135
294,129,410,147
408,147,306,113
302,120,416,129
420,134,308,116
306,117,405,143
307,124,410,142
413,141,308,110
408,136,299,117
405,158,295,119
328,124,431,143
405,139,302,118
304,125,401,137
305,121,403,142
412,142,305,117
330,121,428,149
300,111,402,143
415,140,301,118
313,117,411,143
408,147,300,106
408,143,306,115
300,124,400,144
328,120,431,145
297,118,410,134
426,141,313,119
430,147,326,118
413,141,291,126
294,118,414,137
400,144,297,115
400,140,300,108
300,116,407,145
429,132,326,119
413,136,302,117
405,144,293,114
405,137,305,115
405,144,302,126
425,138,323,107
306,130,406,148
402,138,303,125
429,142,331,131
425,150,324,120
406,138,300,123
426,137,332,119
300,135,404,143
405,140,300,113
294,132,397,137
394,139,297,123
427,145,320,119
324,102,424,137
403,143,295,129
302,127,410,141
427,146,324,122
425,146,334,117
302,117,405,141
304,110,403,137
425,141,321,123
325,122,426,132
329,100,430,135
297,113,402,136
405,133,304,104
304,129,407,129
311,113,419,121
431,123,329,113
302,112,400,125
297,110,402,116
427,119,309,124
343,118,425,108
416,110,309,112
338,95,440,69
410,89,318,90
351,90,453,97
330,79,427,90
333,74,429,80
314,66,402,77
437,64,339,69
320,55,407,69
330,65,437,63
409,52,313,58
345,64,439,65
339,64,436,54
428,65,327,59
350,56,447,61
425,62,324,53
445,56,346,57
343,63,439,72
338,55,441,56
331,59,428,62
430,59,333,59
430,66,329,53
429,57,327,51
428,53,328,55
436,67,331,58
450,51,347,57
334,53,435,62
328,53,434,62
451,63,351,56
340,61,441,61
433,52,338,59
440,59,342,57
440,54,343,57
433,68,334,57
439,59,345,61
346,61,442,61
342,59,442,65
431,52,343,64
428,63,327,51
435,70,333,53
332,53,432,60
345,57,444,65
433,60,337,58
322,56,421,62
336,58,439,63
436,68,336,62
426,64,330,52
441,54,343,52
321,56,422,70
430,63,328,57
333,56,438,62
427,63,326,61
428,59,330,58
432,69,339,52
434,58,326,55
426,64,330,61
338,53,443,66
343,53,447,57
359,51,458,60
448,63,342,53
336,51,431,58
330,56,428,51
343,57,444,57
441,54,345,56
347,59,442,57
335,51,447,55
433,61,332,53
348,54,446,54
436,64,337,61
344,53,444,63
441,52,331,57
426,60,334,53
441,62,343,65
326,64,428,67
434,66,328,55
416,57,316,52
277,64,410,65
420,63,297,77
281,89,421,71
292,92,407,89
413,88,289,95
415,78,276,99
287,107,405,89
280,115,411,72
410,85,260,118
258,121,407,86
412,87,252,125
418,90,280,117
421,81,279,111
418,85,254,128
410,88,264,124
272,131,415,82
260,130,418,86
269,130,417,87
280,128,412,98
280,129,417,88
267,118,410,95
411,111,263,118
409,108,264,120
276,115,411,103
404,111,286,134
299,132,402,107
304,126,403,108
431,109,332,126
312,132,408,118
306,129,406,114
404,113,302,120
410,110,304,116
422,114,303,138
426,130,278,156
289,185,422,126
291,256,427,122
436,135,312,290
327,323,429,131
436,138,320,342
442,131,320,377
440,136,319,379
442,138,306,379
447,131,324,385
315,381,442,136
447,119,309,396
315,386,445,120
322,391,451,124
317,388,449,116
333,390,445,95
442,128,326,395
315,374,453,106
313,379,448,107
438,97,307,384
314,377,443,96
442,121,313,381
310,392,455,107
314,386,445,93
308,400,452,102
321,391,439,92
321,387,441,128
443,127,324,388
313,387,443,113
324,399,444,123
444,116,319,391
319,392,458,95
442,129,310,385
311,385,472,92
306,366,439,106
457,93,296,346
454,112,316,346
300,309,447,120
301,277,453,115
305,258,441,114
456,96,305,224
451,85,309,211
452,101,306,182
309,159,456,96
458,91,328,146
460,87,286,122
456,89,293,123
300,108,469,98
459,80,294,99
274,81,464,87
291,92,446,75
296,82,463,81
468,72,289,82
310,95,447,68
280,83,450,91
282,87,457,70
287,74,459,91
289,76,453,81
291,74,445,70
287,81,451,81
449,73,283,73
277,82,448,81
273,82,443,73
282,88,462,75
438,78,281,89
442,76,277,97
283,93,440,80
444,82,285,95
440,87,280,79
284,87,453,81
278,84,443,84
448,83,293,102
442,82,269,97
276,87,456,73
275,103,438,80
443,82,278,104
455,86,280,97
286,101,454,81
453,68,289,89
459,79,283,94
453,80,285,89
457,63,283,93
279,96,452,64
283,84,457,63
455,62,285,87
442,77,300,95
297,87,454,74
302,106,460,82
438,71,284,90
289,101,445,67
278,89,445,70
289,87,446,64
446,84,309,91
438,72,292,113
459,73,284,101
277,96,439,72
289,109,458,71
297,110,455,75
446,81,281,90
448,86,271,90
457,67,283,97
452,69,278,85
281,100,443,54
286,91,430,71
282,103,444,75
450,79,292,106
446,64,299,117
441,59,287,102
445,68,299,100
429,65,305,95
448,70,287,93
306,82,449,69
284,98,434,65
445,77,298,103
429,59,297,104
301,97,447,69
450,76,294,99
289,96,432,66
442,53,301,105
431,69,299,105
297,113,450,77
298,118,446,69
445,69,293,107
443,78,306,97
300,101,436,83
444,77,299,91
294,96,441,67
304,93,436,73
457,67,305,102
295,106,445,57
448,76,287,106
289,105,436,58
298,106,442,77
444,63,299,102
443,63,301,104
434,73,296,101
290,108,447,82
440,67,296,102
447,70,289,101
445,70,305,118
444,67,300,114
294,104,456,74
431,74,298,114
311,120,440,67
308,115,446,78
310,111,451,86
312,126,434,67
302,111,444,75
430,57,309,117
432,73,304,110
308,113,452,73
307,120,434,63
321,122,438,73
306,103,434,68
303,98,435,79
313,124,437,74
309,104,450,66
305,103,434,71
430,73,292,103
301,105,431,77
441,67,304,111
326,108,434,72
305,105,432,70
309,108,444,83
311,99,435,86
315,109,445,83
295,101,444,73
306,121,432,75
447,74,288,107
307,110,438,75
439,73,303,94
421,84,311,89
320,92,428,71
317,77,437,74
314,68,435,71
320,72,440,78
436,60,320,64
331,58,438,88
330,66,436,69
434,84,335,78
431,76,335,54
429,75,331,67
340,58,431,74
423,99,339,67
428,92,377,61
349,60,430,93
447,81,367,65
365,63,426,98
347,62,438,67
444,81,360,63
342,54,435,78
337,68,436,64
334,62,433,58
325,65,424,56
325,58,431,85
334,63,427,89
322,64,419,71
316,53,416,65
320,64,422,54
329,66,431,71
335,68,439,57
431,60,323,58
430,57,331,75
432,63,333,56
427,72,330,73
344,74,444,65
436,64,336,70
407,79,314,54
432,70,340,63
331,62,427,70
334,61,409,86
413,93,322,58
328,58,422,87
317,65,405,100
319,89,411,112
314,95,415,117
410,114,313,88
326,124,428,100
420,116,324,145
315,180,413,119
409,122,321,220
411,127,318,269
NaN,NaN,NaN,NaN
319,331,418,112
410,122,302,337
312,358,411,104
311,363,410,117
314,366,408,107
414,100,304,373
408,109,304,378
390,125,309,377
393,121,333,384
405,101,308,385
324,378,415,103
306,384,410,102
398,105,328,387
396,106,310,354
411,106,315,371
412,96,318,379
313,381,407,97
338,381,399,99
408,92,307,382
399,101,318,381
310,374,409,104
405,97,294,391
405,97,332,394
319,388,402,89
319,386,408,104
403,94,305,392
406,95,318,384
307,367,412,96
405,97,307,382
405,99,303,372
407,100,302,366
300,380,406,99
338,366,404,93
409,101,310,378
413,96,310,371
410,108,321,352
409,107,309,317
320,308,414,108
412,112,306,267
405,87,290,210
291,215,405,104
404,100,286,198
401,106,277,167
274,146,395,99
391,103,285,141
274,116,393,99
279,121,384,107
293,111,395,102
385,114,286,98
288,105,399,98
391,87,287,88
394,96,292,101
287,86,389,99
391,101,291,92
295,90,393,104
385,113,288,89
418,104,302,101
286,93,385,109
308,102,414,109
422,100,319,91
309,94,408,104
309,104,412,101
305,98,396,87
304,99,406,90
306,107,419,95
319,96,417,93
313,102,417,104
404,89,314,104
389,96,288,90
390,106,290,90
291,88,393,96
318,93,415,97
309,93,405,102
296,95,396,102
311,105,408,95
310,93,405,102
414,101,312,103
304,115,403,99
403,99,305,100
420,100,315,109
311,105,409,107
316,109,419,93
310,113,412,99
318,114,405,97
404,97,304,111
414,96,313,113
420,111,320,105
314,97,411,108
317,106,416,110
319,111,418,98
318,108,415,95
330,116,433,95
317,109,411,104
413,103,318,118
320,114,408,101
310,103,408,102
321,113,409,104
404,99,306,102
401,90,307,111
407,106,306,103
429,109,319,105
301,96,392,110
307,97,411,116
387,106,310,93
397,129,310,99
313,96,390,106
310,93,392,115
395,108,311,78
392,116,302,79
392,105,325,92
404,98,313,84
410,105,310,94
405,107,326,75
414,100,319,84
406,103,328,86
325,79,413,108
304,70,407,97
407,86,311,81
318,73,407,95
406,97,309,72
404,100,352,71
358,62,405,111
353,74,405,106
399,99,344,79
341,70,399,103
390,100,358,66
335,79,402,98
395,98,311,67
351,72,387,104
403,98,336,70
390,102,333,84
389,101,343,70
330,75,390,95
336,83,385,96
320,68,387,101
384,95,320,75
344,75,390,100
336,77,383,95
306,73,378,97
322,76,389,95
344,68,384,108
388,90,309,82
323,83,421,87
395,91,307,85
390,97,308,88
299,66,387,90
306,78,390,88
384,96,299,76
297,76,385,88
394,92,303,76
313,80,388,96
309,68,395,92
395,106,297,76
394,104,301,81
403,109,299,90
290,111,401,106
267,118,402,106
399,97,240,154
237,190,409,96
218,224,400,99
411,99,219,236
402,99,207,271
405,106,221,284
222,299,399,89
232,331,405,109
400,106,225,327
205,342,406,106
413,98,217,340
408,92,224,350
412,85,208,352
404,101,217,354
402,101,214,357
225,352,409,103
411,103,221,372
415,102,229,359
409,109,230,368
413,105,220,363
233,369,401,105
402,93,231,374
217,370,403,106
235,370,411,105
414,105,229,369
412,99,231,373
399,92,235,372
232,382,401,88
220,371,404,107
222,370,405,116
400,93,225,368
410,103,225,373
215,374,407,94
404,105,218,358
222,364,424,105
232,357,397,106
213,323,404,102
403,94,211,335
212,284,406,95
220,252,399,107
400,90,237,232
410,105,227,225
245,186,395,108
415,100,250,176
404,91,255,165
270,147,412,107
266,136,408,101
407,102,270,137
401,103,280,125
291,115,401,113
408,104,291,114
283,111,399,104
287,116,391,117
399,103,292,101
402,113,303,91
402,111,296,98
394,113,287,101
407,106,309,106
397,114,300,97
304,91,401,112
403,113,306,83
398,111,310,90
394,117,303,87
398,104,315,74
318,95,401,103
323,82,405,106
405,107,314,76
398,113,321,89
314,91,398,105
394,109,323,84
399,107,305,72
314,88,391,112
393,110,298,79
327,92,407,109
396,112,302,91
314,98,393,108
324,89,403,108
397,108,330,77
322,87,421,100
394,105,338,86
393,110,307,93
309,94,408,104
397,101,301,97
305,93,391,108
303,99,393,104
391,100,308,90
317,90,396,100
333,93,398,107
332,94,393,105
404,100,335,86
312,103,403,100
318,100,420,98
399,86,299,90
431,86,335,92
425,82,326,107
421,77,321,95
427,95,333,90
420,102,320,101
321,97,417,90
326,104,416,91
422,92,322,96
426,90,326,101
322,87,402,108
325,94,425,97
325,94,415,92
335,88,392,102
318,90,414,92
394,115,334,79
404,80,314,91
407,109,309,94
401,82,298,104
274,118,394,99
417,91,280,134
416,80,272,164
396,86,250,193
415,84,238,215
414,89,232,256
405,101,215,273
406,100,214,300
414,95,219,329
229,351,415,91
395,82,220,347
223,351,403,78
213,354,408,101
212,361,398,81
395,74,224,363
235,371,413,95
411,90,238,366
223,370,417,87
396,83,221,367
404,105,229,363
411,87,217,367
405,99,219,363
400,81,228,366
223,365,417,104
217,368,422,93
227,370,419,91
398,67,227,370
220,371,409,97
398,84,229,381
225,351,394,82
400,74,226,346
401,78,210,338
423,91,226,298
416,83,222,267
417,94,220,230
231,192,399,83
242,162,422,96
259,141,417,91
274,123,422,84
420,88,295,114
418,91,287,111
412,95,290,91
300,86,429,84
298,94,420,82
316,84,415,84
305,88,427,70
420,79,318,76
303,86,416,82
313,80,413,92
304,89,406,80
304,83,436,79
416,88,304,78
302,81,413,100
430,73,310,78
306,80,422,75
303,80,420,83
412,76,306,84
424,76,298,72
298,79,424,82
412,81,306,76
426,83,305,75
429,75,311,73
295,76,403,81
398,84,300,73
311,71,428,79
304,71,411,73
410,89,305,69
422,83,306,59
416,75,310,72
407,84,304,81
422,71,314,68
401,89,297,67
303,61,405,85
427,75,305,66
318,71,424,85
299,83,405,88
300,84,403,79
301,96,409,78
401,93,297,81
292,87,399,75
303,87,431,68
293,72,428,81
409,77,306,80
426,99,301,68
412,76,311,68
411,71,307,77
308,76,418,84
413,75,303,81
315,87,430,75
418,82,302,72
305,74,412,78
395,72,295,66
293,73,398,83
401,87,301,72
292,67,420,79
298,68,398,78
400,83,301,63
274,68,407,87
282,65,407,90
408,93,300,61
416,87,303,61
404,82,296,62
404,99,290,71
430,84,283,63
409,84,301,74
296,66,405,80
408,91,291,67
421,85,275,68
416,81,280,65
290,70,409,79
409,87,293,62
303,70,404,91
284,69,408,91
289,74,408,81
401,88,280,68
285,66,415,86
402,87,284,65
291,75,398,87
413,75,291,66
405,85,301,69
285,64,400,78
403,78,280,62
292,67,407,87
284,63,406,90
282,71,410,93
404,86,302,79
404,81,297,68
429,74,294,66
292,66,412,90
274,69,411,88
412,93,304,65
284,65,402,92
402,80,299,82
415,82,297,69
408,89,304,71
302,77,415,78
285,70,427,84
414,84,291,66
406,79,296,69
304,85,405,93
297,69,405,96
303,79,413,79
408,90,308,74
298,77,404,83
295,74,409,94
303,75,402,79
406,80,305,82
398,80,307,71
397,90,308,60
408,88,305,66
411,87,306,76
315,78,413,77
409,76,310,78
307,72,415,80
409,87,311,75
401,87,310,76
403,85,300,71
292,71,394,78
405,82,308,70
311,80,409,80
415,81,311,63
301,81,407,86
304,73,401,80
308,78,410,71
403,90,305,79
310,74,407,69
401,83,296,80
415,83,311,83
396,80,297,81
394,78,294,79
304,77,418,80
314,72,415,80
311,81,436,66
406,78,299,75
404,80,304,68
300,77,397,74
403,83,307,83
298,77,392,75
301,80,401,80
315,76,414,75
304,72,427,73
420,62,311,71
423,73,310,75
422,65,320,66
320,81,417,69
418,70,312,74
420,67,315,85
406,71,306,78
417,63,317,74
425,61,323,78
417,66,313,75
430,77,314,75
311,72,424,67
435,64,305,79
413,62,300,80
302,76,420,73
415,73,315,70
311,80,419,69
410,67,307,80
320,79,433,73
316,71,423,56
414,71,308,82
324,78,425,74
322,71,418,70
421,58,318,77
432,66,324,73
321,78,422,63
303,73,403,71
319,72,433,66
306,68,422,59
408,71,306,75
308,75,415,63
411,73,320,86
419,76,314,77
302,68,405,82
309,80,413,68
416,74,311,72
421,78,322,77
301,80,402,79
299,70,397,71
293,74,396,73
402,66,305,79
437,68,316,74
400,61,307,82
305,73,422,68
424,65,325,76
326,78,440,66
419,63,312,74
321,71,433,76
429,60,327,85
309,73,412,57
332,65,432,66
298,53,394,56
338,67,438,59
425,68,321,79
420,71,315,60
427,52,304,63
306,63,409,69
424,67,329,59
424,74,327,57
326,56,426,65
327,62,428,66
426,65,327,68
420,68,315,66
312,65,424,64
420,76,310,60
412,58,312,67
303,61,400,73
307,55,399,75
424,72,326,62
403,77,319,52
396,73,298,53
NaN,NaN,387,74
NaN,NaN,390,80
NaN,NaN,411,59
NaN,NaN,399,66
NaN,NaN,394,97
NaN,NaN,391,108
NaN,NaN,389,74
NaN,NaN,399,104
401,106,NaN,NaN
NaN,NaN,401,83
393,73,NaN,NaN
386,74,NaN,NaN
393,76,NaN,NaN
NaN,NaN,376,106
NaN,NaN,389,75
391,110,NaN,NaN
380,108,NaN,NaN
390,115,NaN,NaN
394,117,NaN,NaN
394,118,NaN,NaN
NaN,NaN,394,131
NaN,NaN,391,129
384,128,NaN,NaN
NaN,NaN,377,122
300,53,406,133
394,131,267,61
405,134,226,96
393,104,190,149
169,201,391,128
387,135,154,258
383,104,155,280
399,111,139,299
122,310,388,136
382,138,119,326
125,305,124,405
113,352,389,133
122,345,365,142
116,359,395,137
114,358,380,141
398,136,115,358
114,362,386,139
121,354,401,102
106,356,393,109
389,105,121,355
115,348,379,107
394,105,117,344
118,340,110,428
117,321,106,402
114,304,107,390
99,409,116,322
109,331,103,405
110,311,107,410
113,296,129,391
125,288,400,108
397,142,129,253
160,207,390,137
400,116,178,172
187,138,391,131
224,108,400,132
395,141,238,78
386,143,266,65
360,121,270,63
284,51,390,131
301,61,361,122
294,58,370,136
297,57,375,88
375,138,302,56
370,134,293,61
287,63,377,136
381,144,306,62
295,67,373,136
305,63,374,139
284,61,354,119
358,137,294,62
299,67,387,130
295,68,381,130
279,85,372,131
381,139,272,85
372,147,274,82
273,84,374,141
367,138,273,83
375,137,274,98
276,94,369,135
263,100,372,128
377,141,264,107
368,131,272,98
260,105,364,142
246,109,357,137
276,113,381,149
263,107,360,137
358,136,260,115
364,134,251,115
328,137,229,117
355,140,253,127
360,137,255,108
364,139,260,119
268,128,369,137
244,122,335,136
269,132,366,137
367,143,268,133
276,146,235,110
276,181,235,103
258,181,237,102
244,180,222,111
206,135,247,204
NaN,NaN,224,161
NaN,NaN,205,191
188,197,156,251
173,216,140,268
165,235,139,292
138,269,140,385
115,405,130,302
116,297,132,393
116,299,115,401
115,306,117,401
121,312,123,411
116,352,NaN,NaN
115,353,NaN,NaN
NaN,NaN,111,354
121,354,NaN,NaN
120,366,NaN,NaN
112,332,105,426
101,430,119,345
NaN,NaN,126,355
123,420,120,322
118,347,NaN,NaN
NaN,NaN,107,356
123,351,96,421
115,326,93,429
89,425,111,342
116,336,95,425
122,323,92,426
99,416,116,327
102,411,110,324
94,423,105,326
104,308,106,421
112,267,104,416
112,426,121,249
106,422,122,230
142,195,109,427
110,412,167,157
103,426,173,117
102,427,210,117
235,82,101,423
117,414,244,63
267,64,111,422
103,427,278,56
124,423,278,55
110,418,296,53
305,56,105,422
97,426,291,59
112,424,299,58
296,60,120,408
327,57,107,427
330,65,110,404
104,414,337,71
330,66,108,422
340,62,102,426
329,62,108,410
319,61,121,405
112,423,340,64
109,426,336,75
334,67,112,416
114,426,337,66
107,418,338,68
328,60,106,416
113,420,343,78
107,423,338,61
346,63,120,417
329,66,100,424
335,62,113,411
334,75,112,424
117,427,331,64
329,63,118,427
107,412,338,67
334,67,101,421
107,415,339,68
94,422,338,88
107,424,329,61
108,415,328,62
110,425,340,78
108,412,339,78
109,423,341,75
104,415,338,77
113,412,331,76
115,426,336,70
105,422,336,65
106,422,333,72
108,429,322,66
114,423,323,74
329,72,102,417
112,429,330,81
326,82,109,409
329,83,113,409
106,420,320,80
325,77,110,416
111,429,300,82
99,424,318,68
305,91,99,426
299,73,104,416
106,423,308,82
290,80,107,420
304,74,111,430
311,102,107,425
98,425,312,89
99,423,300,91
110,415,294,93
268,99,110,423
267,82,103,430
245,82,108,423
236,106,108,426
257,117,102,423
238,145,105,429
225,157,111,427
226,208,100,420
229,227,104,418
113,418,233,297
212,298,114,412
209,295,110,421
213,309,162,401
116,419,221,340
218,334,96,418
219,347,118,407
222,349,116,426
108,407,224,357
231,364,120,417
228,355,103,418
112,425,225,359
115,414,230,361
220,366,103,415
104,413,226,363
113,423,225,365
224,359,109,427
230,359,113,423
229,362,114,424
126,421,233,373
215,363,108,414
225,371,107,410
231,371,92,425
226,361,101,418
233,374,107,414
219,376,114,418
109,408,227,373
229,370,112,424
106,407,215,368
121,424,231,372
120,414,228,373
99,422,220,369
110,420,212,373
245,366,145,405
101,421,218,369
215,362,105,421
215,368,116,425
214,366,107,421
104,425,210,353
103,423,204,334
106,419,208,333
224,319,115,412
229,295,113,405
119,408,233,255
105,416,234,231
123,420,236,218
98,420,243,200
114,409,244,184
257,171,109,428
100,422,252,166
115,413,263,167
NaN,NaN,256,151
NaN,NaN,264,135
268,142,NaN,NaN
115,421,278,155
NaN,NaN,281,142
NaN,NaN,288,138
268,138,117,421
294,136,118,412
297,136,107,427
284,135,115,410
117,421,280,150
NaN,NaN,270,131
NaN,NaN,280,146
108,415,283,151
303,150,120,417
NaN,NaN,291,140
NaN,NaN,285,138
110,424,296,138
NaN,NaN,299,135
293,136,NaN,NaN
305,137,118,410
117,412,276,136
271,131,105,415
113,424,272,127
108,414,282,113
NaN,NaN,285,107
315,108,NaN,NaN
350,106,283,74
285,70,351,108
362,107,293,67
363,102,317,67
317,65,360,112
388,107,303,73
324,90,391,128
384,117,317,85
417,126,324,86
384,117,313,88
316,88,414,117
307,79,386,128
331,100,120,418
414,125,312,90
385,121,318,87
319,94,383,142
327,101,411,125
376,117,312,90
385,125,318,72
325,103,389,132
305,89,389,125
407,116,318,104
379,122,319,95
312,97,396,138
311,113,395,123
404,120,321,91
312,99,401,115
394,137,324,99
307,93,390,114
412,118,320,100
317,92,414,113
318,98,416,111
321,97,393,134
389,115,326,98
395,131,321,94
387,128,310,91
299,104,404,121
316,98,380,125
394,126,304,104
316,99,386,134
383,120,314,100
393,131,316,102
395,136,319,93
325,100,389,132
318,91,384,127
324,96,389,116
382,110,318,90
311,107,390,117
293,105,392,113
388,117,318,96
405,113,306,102
397,80,308,106
311,104,388,122
305,104,389,100
315,100,383,115
391,138,318,99
380,110,311,97
321,100,385,115
405,120,314,99
407,125,311,105
381,125,316,93
388,118,305,108
322,98,417,107
386,132,321,95
406,122,312,105
307,101,384,121
314,91,392,134
400,115,303,109
404,117,328,108
326,102,386,131
418,129,323,108
315,99,405,115
323,92,408,117
338,109,116,413
302,93,402,112
320,95,395,132
315,106,408,111
307,100,401,117
311,109,405,114
394,130,320,105
394,137,326,94
327,103,NaN,NaN
114,412,332,94
396,94,302,86
NaN,NaN,324,85
314,64,115,412
115,411,304,60
NaN,NaN,298,65
NaN,NaN,295,58
295,58,NaN,NaN
291,53,107,413
NaN,NaN,290,53
290,60,115,409
NaN,NaN,283,56
301,65,NaN,NaN
288,51,NaN,NaN
292,67,425,114
294,67,NaN,NaN
417,108,304,70
304,63,432,110
312,67,430,107
330,58,116,408
303,51,403,101
NaN,NaN,325,58
323,62,411,107
NaN,NaN,362,63
310,60,411,107
309,58,411,65
324,53,424,81
434,107,314,56
431,86,315,56
316,58,428,83
442,96,312,60
315,64,443,88
440,86,312,53
449,88,312,60
NaN,NaN,309,57
320,60,444,74
446,83,308,57
326,68,426,68
403,68,310,54
397,67,308,61
403,67,307,58
298,51,390,70
394,77,297,53
403,75,308,63
304,58,391,77
294,52,380,81
314,66,398,91
379,84,295,53
302,66,402,82
283,59,350,92
302,84,396,92
367,118,273,91
404,87,296,135
290,135,395,94
400,97,312,216
303,250,409,90
384,87,311,282
394,88,317,320
384,100,324,344
387,95,318,340
382,86,319,381
384,98,310,374
389,88,318,383
382,102,311,381
393,91,327,393
384,96,340,405
324,399,376,82
384,96,317,402
389,93,329,394
382,100,321,397
381,106,319,399
310,397,386,91
386,99,325,403
382,104,306,398
314,407,388,94
316,389,382,103
333,407,390,109
323,408,385,99
313,399,384,65
380,83,315,407
317,404,385,64
384,109,324,410
386,102,319,406
368,88,329,411
387,109,313,406
393,105,314,398
310,403,377,106
393,93,312,385
306,388,378,82
295,359,384,104
297,341,388,104
307,316,382,96
384,111,303,290
386,109,294,254
298,221,388,101
310,197,398,106
279,180,402,109
274,153,403,105
311,137,406,106
285,124,397,109
384,104,284,136
279,119,403,105
394,103,281,127
281,115,392,106
284,124,389,99
389,99,286,112
281,108,378,105
399,105,300,110
102,418,308,119
394,104,295,108
NaN,NaN,297,116
NaN,NaN,307,111
302,121,402,95
403,101,308,114
385,94,286,112
NaN,NaN,311,110
389,101,287,107
NaN,NaN,314,110
302,114,NaN,NaN
290,115,391,100
299,111,395,100
NaN,NaN,314,111
278,106,375,112
383,108,281,110
290,112,393,103
389,104,286,111
380,101,278,109
399,95,299,112
382,103,282,100
396,103,293,112
286,113,385,98
284,115,387,108
272,118,373,104
297,113,393,100
302,112,403,102
373,113,273,115
273,106,371,110
283,100,381,121
304,105,403,107
389,113,288,108
267,80,369,116
364,124,279,78
272,73,368,115
276,78,363,124
370,127,288,69
370,124,283,72
370,117,292,64
286,79,375,123
279,61,369,124
282,80,373,121
378,123,278,68
294,74,367,116
283,89,359,122
281,72,360,125
368,123,275,100
278,87,361,121
288,88,366,121
365,119,279,91
378,127,283,89
286,100,367,126
278,83,365,117
280,81,360,110
283,78,360,115
360,113,273,93
278,90,365,122
274,94,367,110
285,92,370,115
361,125,278,83
363,107,276,99
367,123,277,91
261,83,362,113
263,83,361,109
369,117,274,97
358,119,257,86
263,79,368,119
365,106,253,84
245,128,375,113
244,122,370,115
228,152,360,110
377,110,234,201
365,107,232,235
375,116,233,273
216,292,375,107
366,109,207,323
375,110,209,321
219,359,381,107
223,352,367,113
374,106,223,367
222,375,364,125
222,379,381,85
223,378,358,117
216,376,376,98
374,105,229,384
369,107,228,385
220,376,369,105
212,382,360,113
222,383,363,95
225,388,382,113
222,380,376,115
215,386,370,115
372,113,229,384
214,392,371,109
379,107,226,384
214,390,368,106
229,388,366,88
362,113,217,390
225,395,369,100
379,102,211,389
210,392,378,103
224,388,379,93
381,97,217,386
230,383,372,107
209,377,382,98
226,374,361,111
230,339,360,111
209,311,387,106
368,117,223,286
357,119,205,258
227,236,369,111
230,211,378,105
363,107,250,184
372,111,257,159
371,104,268,141
366,110,267,120
267,103,359,130
356,110,270,114
262,106,361,131
361,114,279,93
263,89,362,121
272,88,363,112
358,124,279,85
359,116,272,81
262,93,364,117
361,111,262,89
283,85,367,126
367,111,280,95
374,114,280,95
288,98,375,115
366,108,277,98
360,114,279,88
280,91,366,117
265,86,362,117
277,89,362,119
367,119,276,100
275,88,365,124
375,115,281,95
367,112,268,81
360,112,282,93
276,83,365,117
358,106,263,84
360,111,274,84
273,89,364,127
256,91,354,110
276,87,375,111
265,86,368,115
368,107,271,93
364,119,266,86
278,96,363,131
365,112,284,85
267,80,358,105
277,80,361,116
362,108,273,94
353,110,271,86
358,114,265,102
255,100,360,126
364,117,262,129
243,131,365,115
374,112,236,149
364,115,228,164
368,121,220,190
366,111,217,227
216,253,368,114
214,283,365,116
208,338,380,116
219,358,362,123
362,107,218,378
226,387,363,116
373,108,223,415
364,96,224,386
374,116,229,384
229,391,373,109
228,390,364,106
225,382,368,102
370,106,223,396
371,111,228,385
232,414,363,96
375,101,220,392
385,97,212,412
226,411,362,108
380,106,215,418
377,107,231,418
217,420,372,114
230,415,374,106
228,405,372,89
228,417,371,108
211,419,369,111
211,415,378,98
365,106,223,408
228,417,367,101
229,408,372,86
217,414,375,101
358,109,218,405
215,397,377,101
222,390,365,103
225,391,379,107
379,105,214,384
366,115,214,386
220,381,370,104
389,115,213,366
88,426,206,357
365,106,198,351
194,347,363,117
194,328,370,108
377,106,196,311
204,286,368,113
214,252,112,412
356,112,226,235
236,190,377,126
247,168,377,107
98,416,247,133
259,115,356,122
254,88,355,126
247,67,343,115
266,68,360,110
271,66,347,107
356,106,275,59
354,104,279,67
284,60,364,100
281,59,372,98
361,112,283,66
288,59,359,105
286,60,353,110
275,65,355,102
342,102,283,53
353,104,285,65
283,64,336,109
279,52,347,104
364,104,273,69
279,58,357,114
273,56,359,115
351,109,270,58
279,71,379,104
363,98,268,68
272,61,359,114
356,102,263,62
276,62,379,111
285,67,380,108
268,63,359,111
387,108,287,68
266,69,366,113
367,107,284,72
276,65,375,109
280,66,350,103
269,64,349,102
266,65,359,102
286,67,388,97
284,66,386,110
378,109,270,65
380,108,280,70
400,108,274,60
273,70,352,109
263,56,363,106
356,106,274,67
357,103,277,54
362,116,286,62
273,59,362,110
349,111,285,52
278,66,357,109
360,99,281,59
285,66,362,115
343,100,286,62
290,53,357,105
342,111,288,61
382,111,281,73
353,105,271,65
272,73,358,108
357,109,286,66
273,59,353,104
358,109,268,71
357,112,276,59
283,66,363,105
277,69,359,110
275,68,380,107
360,105,281,68
283,69,377,106
293,65,383,113
370,104,273,69
286,69,368,105
367,108,295,64
276,67,369,106
354,109,266,60
276,62,370,100
368,120,286,68
276,59,354,105
280,64,352,103
275,73,382,112
375,104,282,78
368,104,271,73
292,82,381,111
366,107,287,69
282,67,380,105
288,68,378,111
288,73,377,109
381,116,299,72
363,113,289,66
383,105,283,67
290,72,394,101
271,60,370,105
279,61,363,100
351,106,273,65
267,56,359,100
357,119,286,68
281,64,355,119
346,114,274,67
278,67,358,103
360,107,271,70
362,107,285,70
273,64,362,114
283,58,378,108
279,59,364,109
354,100,261,58
286,53,364,116
287,62,368,121
274,71,373,101
362,113,270,57
282,62,375,99
365,116,273,67
271,65,385,113
268,55,369,109
363,105,277,59
273,62,360,109
369,110,271,54
281,79,388,112
364,109,266,63
264,74,366,110
260,70,352,113
363,116,275,67
367,110,269,57
366,115,277,70
279,72,363,122
383,109,265,65
390,112,271,80
255,67,390,106
356,107,273,77
271,65,361,103
360,107,267,58
286,61,386,112
269,68,350,112
268,66,381,108
260,68,371,107
262,84,368,113
261,70,371,105
268,61,358,117
358,117,285,67
275,66,356,101
356,116,282,60
358,107,272,61
342,104,276,66
383,109,281,86
385,98,286,81
272,63,370,120
348,109,265,67
268,75,359,112
354,116,293,63
352,114,281,65
356,102,293,57
364,107,298,72
351,107,282,58
347,105,286,68
363,109,298,68
294,76,357,102
293,77,361,109
284,66,357,110
290,65,371,108
293,63,365,114
375,102,284,69
293,61,361,108
296,64,359,105
362,106,296,59
360,103,300,62
357,101,281,57
365,109,292,78
356,108,282,68
355,116,290,69
289,68,356,105
286,66,351,100
357,98,289,64
369,98,282,76
290,74,354,102
284,59,362,100
356,116,286,75
361,112,274,80
363,97,280,68
366,112,281,84
286,78,360,107
364,104,276,83
284,89,364,110
278,84,360,101
273,95,357,100
269,74,364,102
363,106,280,93
357,106,284,88
281,77,356,121
282,85,369,106
372,99,281,78
358,114,277,73
352,102,284,89
360,118,289,83
282,66,358,93
305,55,355,90
356,71,102,423
380,83,104,421
377,101,111,422
378,100,111,419
107,420,379,92
369,99,110,420
106,422,369,104
107,418,383,102
366,101,109,422
368,112,107,427
384,100,110,427
376,101,110,427
379,102,114,412
108,423,370,112
110,413,370,112
365,107,110,422
373,110,113,421
115,413,366,102
102,421,366,99
385,101,109,423
107,427,387,101
387,103,107,416
385,82,485,59
439,69,500,108
523,192,447,147
536,256,493,192
526,289,126,415
531,333,376,59
376,61,529,362
529,384,109,416
533,397,107,426
104,422,534,406
537,410,111,419
110,417,529,413
112,420,545,421
529,414,110,418
546,417,104,420
109,425,546,420
535,414,103,414
118,410,531,419
537,418,107,421
529,414,115,421
528,414,116,413
538,416,108,414
529,409,112,409
540,412,112,424
534,414,117,413
521,406,114,425
109,427,529,414
97,420,541,416
104,428,533,413
113,425,516,416
106,418,533,410
105,418,543,414
538,410,104,422
114,412,542,420
102,422,524,415
99,425,522,418
539,418,107,415
520,415,109,422
108,427,540,413
112,410,535,418
105,429,544,414
541,415,118,419
109,419,537,399
539,380,102,423
541,333,370,69
368,69,529,306
386,79,529,276
501,234,385,60
105,430,469,215
114,422,440,182
414,158,103,419
102,418,392,136
93,419,356,120
366,135,110,425
340,125,119,424
372,126,274,91
108,415,308,94
284,91,116,411
282,89,108,411
273,87,392,118
106,429,274,89
376,120,271,88
389,117,270,84
117,424,280,90
281,94,385,117
388,117,282,95
281,86,385,114
385,117,282,82
392,112,291,88
284,89,106,419
298,93,110,417
297,96,117,409
294,89,117,423
269,92,371,122
293,89,393,112
386,119,283,86
307,91,NaN,NaN
373,127,272,83
311,92,NaN,NaN
326,108,NaN,NaN
NaN,NaN,313,98
316,97,NaN,NaN
NaN,NaN,331,113
324,104,NaN,NaN
NaN,NaN,318,102
NaN,NaN,313,110
311,103,NaN,NaN
109,430,320,100
312,113,116,422
NaN,NaN,310,101
304,97,105,414
315,115,NaN,NaN
NaN,NaN,302,120
309,107,109,429
113,422,299,92
116,410,275,91
110,426,301,87
115,412,290,82
115,423,296,90
99,421,277,87
279,72,109,418
384,126,292,59
340,143,308,61
332,61,367,113
348,57,366,121
385,153,370,51
387,85,420,164
385,113,447,192
457,203,102,424
111,429,480,220
503,255,105,419
507,283,114,423
107,428,518,322
113,426,528,345
104,429,531,358
541,363,107,430
109,426,530,377
114,414,540,394
529,383,109,424
110,411,539,398
533,399,111,428
536,400,107,421
102,421,529,399
541,405,113,420
107,430,530,407
108,413,539,411
544,412,112,428
106,420,542,401
105,417,528,411
107,415,538,406
546,413,98,422
534,414,116,420
122,416,540,412
112,428,541,417
109,429,540,415
89,427,529,416
108,420,528,413
536,417,109,429
106,429,539,417
102,420,527,416
523,414,107,417
112,423,538,417
110,410,526,413
107,427,527,415
110,427,540,411
114,420,531,410
541,412,103,422
96,423,542,396
119,422,537,401
103,419,528,382
109,416,552,373
109,413,534,357
110,423,532,340
100,420,527,296
101,421,525,270
514,235,113,420
107,414,493,217
106,419,460,182
451,151,109,413
443,185,394,110
385,111,104,429
373,111,118,420
101,420,364,98
336,69,365,120
285,74,371,117
274,80,355,119
360,110,263,67
280,78,109,430
91,428,271,81
109,410,271,70
113,421,272,74
272,76,103,420
267,83,119,419
90,428,267,70
118,410,264,78
272,71,110,409
114,421,270,75
104,430,279,85
111,410,276,79
286,68,111,423
285,71,114,410
288,86,107,409
115,411,284,73
287,85,109,427
290,76,113,412
296,85,107,409
291,70,107,410
298,89,105,421
115,422,291,76
290,70,376,111
109,414,289,85
292,73,112,408
110,417,283,78
101,420,286,75
292,67,110,419
117,409,295,68
117,412,277,76
110,419,287,66
283,73,117,409
288,78,NaN,NaN
110,418,279,69
291,85,106,412
296,64,108,418
112,426,296,64
283,65,363,104
364,104,268,74
377,107,280,81
301,81,111,425
114,422,296,71
382,124,276,70
303,66,107,414
286,74,380,128
107,416,298,61
366,100,272,70
375,112,285,64
287,69,383,126
299,64,118,420
292,69,375,111
95,424,295,74
379,127,292,63
272,76,376,111
112,423,294,66
292,71,94,421
101,415,293,68
105,415,295,69
296,67,110,409
376,111,268,64
367,102,289,69
116,412,295,71
360,108,291,65
258,64,360,107
284,75,108,430
276,66,112,411
274,62,95,425
266,65,104,418
115,411,248,58
112,423,258,74
239,69,238,168
229,78,253,176
242,204,215,117
231,137,239,238
100,416,220,255
216,278,110,428
105,420,209,294
208,297,112,421
103,420,209,327
105,425,214,332
102,419,206,330
106,414,216,344
219,345,103,420
223,349,99,417
104,424,215,346
213,350,108,417
101,420,211,351
113,428,228,357
218,356,107,423
110,413,210,356
103,413,228,355
227,355,98,421
232,360,104,418
110,417,232,366
103,415,226,365
226,365,98,413
220,363,97,421
114,419,213,373
116,411,223,374
123,420,231,371
105,416,222,377
104,417,232,370
218,366,103,417
222,356,108,421
220,357,110,429
205,340,122,418
110,418,199,320
217,335,97,417
225,300,103,421
198,244,91,428
199,230,106,428
107,413,196,193
207,172,89,427
204,154,110,409
204,137,105,417
117,420,230,119
107,420,223,115
256,117,112,407
263,107,108,421
242,95,110,426
240,84,106,420
105,408,257,94
258,80,115,423
356,104,256,75
359,130,273,63
360,105,259,67
353,111,268,73
361,121,278,72
279,75,365,118
369,120,290,58
289,56,365,114
289,66,365,111
370,121,294,75
280,67,361,116
364,117,302,68
362,110,304,62
311,66,366,131
370,119,309,75
367,114,292,79
364,115,306,67
304,67,370,115
363,109,302,67
293,61,360,104
300,78,366,111
309,75,363,110
367,109,296,68
369,118,306,67
319,70,366,123
304,67,368,129
365,112,290,74
365,111,288,58
366,109,289,67
283,72,366,111
104,420,330,103
334,109,107,427
328,107,105,411
110,419,354,113
329,105,97,421
116,407,350,110
111,426,330,111
100,417,347,104
327,104,128,413
122,418,347,107
110,406,330,108
331,113,111,410
329,99,99,420
325,107,107,428
324,97,118,424
120,416,315,94
118,423,323,98
95,422,329,106
114,412,320,103
125,419,325,98
115,409,325,106
322,95,112,412
92,427,323,100
106,411,322,101
120,418,325,97
313,70,372,96
316,72,360,106
312,62,366,105
361,117,310,60
359,115,313,55
362,110,313,61
365,117,314,57
363,104,310,60
309,66,370,100
321,63,361,120
325,65,364,120
363,109,295,72
365,121,309,67
303,66,364,107
364,102,311,70
375,112,309,63
366,100,312,58
321,73,373,119
319,63,360,128
293,62,362,105
301,62,370,109
292,73,376,110
291,65,360,108
362,108,308,60
297,72,365,117
368,106,304,68
310,70,359,125
373,103,311,60
360,115,310,72
304,74,370,116
304,68,368,106
377,108,305,78
360,97,295,63
306,70,367,125
313,75,365,125
368,101,306,66
364,96,296,68
366,102,297,65
310,75,368,119
372,97,299,61
317,59,367,117
302,62,367,114
372,96,304,69
372,91,302,69
368,94,308,61
363,110,298,73
365,106,298,64
365,110,313,63
303,62,370,108
314,52,381,78
369,55,115,422
116,421,NaN,NaN
NaN,NaN,114,410
NaN,NaN,109,425
NaN,NaN,116,412
NaN,NaN,103,422
112,419,NaN,NaN
114,409,NaN,NaN
NaN,NaN,108,418
109,420,NaN,NaN
NaN,NaN,115,421
NaN,NaN,118,420
NaN,NaN,112,412
108,420,NaN,NaN
NaN,NaN,114,421
NaN,NaN,112,421
112,419,NaN,NaN
386,103,115,420
386,107,107,420
370,116,113,422
116,411,374,112
106,421,385,110
388,115,106,418
108,417,378,101
113,421,370,116
115,421,373,111
366,114,115,420
373,121,106,415
364,111,116,413
114,425,363,112
106,429,372,110
366,111,108,417
109,421,366,112
105,417,366,100
370,114,115,414
369,102,109,422
112,412,365,95
113,422,369,102
365,109,109,429
377,106,108,412
370,107,111,426
116,422,364,88
112,428,378,86
106,413,382,79
381,84,106,420
121,418,371,63
101,421,371,64
287,55,393,61
265,61,366,60
392,52,270,66
368,63,264,65
271,60,381,64
367,63,275,68
374,62,276,56
342,66,118,423
356,55,109,427
373,55,111,427
114,406,370,63
360,54,NaN,NaN
305,60,397,61
384,52,293,64
110,422,315,69
367,65,300,62
389,64,296,62
295,69,392,64
388,71,297,63
360,75,282,66
295,65,359,78
388,72,301,71
302,62,376,69
387,80,287,61
288,65,388,63
383,70,285,56
291,65,387,63
265,60,371,52
384,66,275,78
263,69,388,77
270,60,386,69
284,66,392,69
370,56,282,66
378,73,284,67
273,65,370,75
379,57,278,62
364,68,260,60
265,66,372,64
364,81,267,63
113,409,262,54
NaN,NaN,259,55
113,428,274,59
116,423,276,59
NaN,NaN,272,59
109,424,327,64
106,428,314,57
277,59,103,422
114,423,292,63
287,63,110,427
120,427,313,68
260,57,361,69
378,57,280,70
266,73,375,62
390,64,275,75
420,61,252,61
277,70,426,53
252,65,461,56
468,54,268,69
477,53,265,67
480,63,247,63
265,72,489,80
268,70,490,70
267,76,494,88
251,65,498,84
269,65,482,92
483,94,238,63
240,71,478,85
239,66,470,84
484,87,234,88
226,66,470,79
230,106,485,95
474,102,230,181
489,86,217,209
481,93,218,240
464,88,234,347
207,349,472,77
220,346,482,91
235,369,483,83
220,373,472,86
471,79,220,359
473,86,224,375
218,369,466,84
474,80,235,382
226,371,477,97
226,377,467,72
474,79,226,379
229,386,475,66
230,379,476,98
219,395,468,81
223,375,464,87
466,81,223,398
469,84,231,379
476,79,219,382
221,373,462,81
223,384,484,93
221,366,477,92
472,82,225,378
475,71,223,373
465,86,215,382
218,372,486,76
474,88,211,371
473,86,225,389
460,81,211,343
480,73,205,324
203,326,475,87
480,94,198,280
474,77,208,238
232,234,472,69
476,82,226,211
479,79,222,172
230,146,479,70
224,160,476,62
238,105,473,66
256,98,473,64
465,58,261,83
252,54,449,64
262,59,108,418
276,51,106,428
119,426,286,64
414,62,290,57
301,61,416,55
300,64,100,426
402,63,303,64
411,53,304,65
99,430,304,65
107,427,346,63
106,424,339,63
312,59,92,423
412,55,305,62
104,429,318,66
407,53,298,64
327,64,90,427
319,61,95,429
109,418,342,62
333,59,109,429
103,423,324,56
106,427,323,55
343,62,86,427
337,64,122,414
110,426,345,61
330,59,104,421
111,428,346,63
96,423,330,62
341,59,113,424
332,66,97,424
316,64,111,426
99,424,355,61
97,424,347,60
343,60,95,422
108,421,333,60
342,61,94,423
355,61,114,422
335,63,112,425
109,411,336,60
95,428,328,58
342,58,90,427
341,57,102,423
99,417,339,60
325,54,97,425
350,58,111,430
95,427,343,65
321,58,98,426
97,429,319,61
108,430,339,59
332,54,110,424
326,65,107,421
95,428,324,55
325,66,105,428
319,64,103,415
399,60,302,55
418,53,318,66
428,52,305,52
292,56,415,64
296,61,409,64
304,51,419,70
305,57,428,62
435,62,295,60
420,54,311,55
311,57,420,58
436,60,321,61
428,64,326,55
329,51,430,62
327,61,433,56
407,58,309,53
435,62,329,62
121,416,351,62
366,64,97,428
357,70,106,426
353,62,102,423
363,63,120,415
108,426,352,59
121,413,352,56
359,57,103,421
115,420,356,65
362,60,114,419
373,62,99,426
107,422,350,65
361,65,117,425
104,415,360,64
359,66,116,407
348,61,117,409
105,425,351,59
314,61,412,56
367,61,106,429
113,428,361,63
109,421,357,55
117,409,349,62
357,63,112,420
89,427,359,66
422,60,323,67
358,65,94,424
349,59,105,415
356,54,94,423
374,63,104,426
402,51,325,79
417,54,323,75
334,69,410,56
420,62,325,91
421,67,320,68
343,82,441,63
338,90,436,69
415,78,319,93
332,104,432,73
421,73,323,85
431,70,341,94
441,78,335,95
431,63,350,99
359,104,439,64
353,98,442,78
418,87,333,106
356,106,443,64
442,78,348,93
354,94,432,75
421,87,324,112
446,86,349,108
350,95,445,88
343,99,439,96
345,94,435,75
443,94,353,111
360,102,431,69
355,110,439,92
361,106,415,69
449,85,353,88
420,65,355,106
359,105,452,64
427,83,349,107
443,61,351,97
440,77,352,109
411,86,361,110
350,102,428,78
349,113,422,70
442,80,347,104
437,80,359,96
341,102,440,75
440,71,344,101
420,88,344,111
355,111,437,71
362,106,447,67
443,74,353,108
441,71,347,106
352,128,420,67
355,123,424,77
433,84,346,128
449,82,350,137
435,88,340,130
336,141,426,101
433,83,336,146
327,144,419,82
348,147,422,72
438,85,347,144
355,153,443,77
430,85,348,152
443,68,352,144
442,66,355,151
430,82,353,157
341,151,433,86
443,85,348,148
436,76,343,150
424,61,359,150
339,152,422,89
424,92,330,153
354,151,440,76
430,85,338,158
425,88,332,148
333,147,433,90
443,71,342,147
435,80,348,143
346,150,441,63
445,85,339,141
427,75,345,146
330,146,417,64
436,66,324,141
316,143,419,54
452,55,336,141
107,424,311,137
97,423,320,140
110,413,302,124
523,65,305,122
288,109,522,70
516,59,284,111
277,79,518,64
520,66,274,81
493,52,270,101
491,54,276,83
487,53,262,71
517,53,269,104
505,51,259,71
282,67,510,65
261,79,467,62
509,59,273,63
276,87,481,73
480,70,263,69
277,84,488,66
488,66,284,75
474,65,291,67
479,52,270,86
289,56,471,71
288,102,479,63
487,65,282,72
493,60,272,87
464,57,278,76
271,85,501,66
497,54,262,65
274,63,508,65
525,73,280,84
523,91,273,77
280,67,530,87
278,93,510,104
536,115,268,75
279,82,534,109
524,116,271,64
535,116,261,67
536,118,285,73
266,80,519,114
259,68,542,112
267,78,523,111
268,69,535,96
264,69,530,107
275,70,534,104
542,104,274,67
534,96,276,68
514,94,268,73
509,94,261,68
534,99,261,78
522,93,256,68
273,58,515,88
508,85,289,54
524,91,271,61
286,62,517,83
256,61,514,71
519,79,282,69
254,63,511,74
506,74,271,66
261,70,510,79
279,72,492,82
242,71,490,77
516,91,243,70
244,68,493,71
250,60,501,109
244,64,510,105
270,64,507,96
277,68,496,87
279,64,491,84
256,67,507,103
506,95,257,67
490,86,262,72
257,72,490,82
486,95,278,68
245,67,490,96
262,66,487,90
487,91,270,67
260,76,496,84
240,75,504,94
506,87,244,72
265,75,502,85
246,74,498,90
492,85,266,75
250,85,481,82
496,74,251,79
261,85,512,88
539,94,246,80
247,87,550,84
544,86,237,88
241,98,531,86
531,75,255,87
254,90,512,78
250,109,516,88
255,105,501,81
500,89,261,105
260,125,492,87
268,107,484,96
494,95,277,115
256,112,475,126
277,114,487,99
252,109,491,94
258,107,495,102
264,120,473,98
486,102,254,118
267,110,472,94
258,121,476,73
483,72,260,114
267,106,466,83
258,99,471,69
478,67,257,103
224,90,495,76
256,101,499,70
486,58,251,87
255,76,491,66
487,66,234,79
258,95,485,77
474,92,250,86
246,98,475,75
479,88,254,89
464,80,234,76
249,88,466,99
462,93,254,84
475,102,225,77
479,105,258,86
264,90,474,109
467,119,269,90
479,122,261,77
461,121,252,96
272,79,460,115
253,94,478,114
272,91,474,122
252,87,466,120
480,126,260,91
253,94,464,129
233,98,468,125
242,93,475,121
240,79,473,119
465,119,254,85
263,83,481,118
477,114,261,82
481,108,256,94
465,122,252,91
266,83,473,115
454,88,256,96
472,107,271,94
247,84,461,105
267,85,460,97
464,95,270,89
461,96,250,77
231,82,460,93
242,92,451,90
241,95,476,100
240,93,459,91
457,107,247,76
479,104,248,81
269,79,463,109
257,80,470,110
478,105,244,79
242,95,478,116
459,100,242,87
470,118,247,101
477,120,250,107
486,112,237,101
472,119,251,100
460,118,253,88
240,96,485,113
490,116,253,99
246,93,472,115
482,112,248,94
268,89,474,115
472,119,258,95
469,113,233,97
477,118,269,82
254,86,477,119
485,116,240,103
263,74,489,114
229,70,483,118
228,72,487,110
487,111,242,57
500,107,223,61
