471,67,188,66
204,68,467,70
458,65,202,61
176,61,486,78
187,63,471,62
470,71,204,65
184,63,465,73
197,63,468,74
457,64,197,68
478,64,177,65
466,62,180,61
201,62,466,74
467,75,197,65
462,68,205,68
469,70,198,64
467,66,199,63
203,62,467,69
198,61,468,73
189,61,477,70
468,68,203,63
191,62,450,66
474,68,190,61
197,62,474,71
466,61,189,61
468,67,203,63
476,71,201,63
473,66,204,71
468,74,186,63
187,66,471,73
187,67,470,61
196,64,466,65
478,65,195,63
195,61,467,69
188,61,467,66
199,61,459,67
198,64,466,61
200,61,451,69
200,61,460,66
188,64,469,66
197,68,467,69
203,75,451,61
193,61,467,65
198,63,469,76
187,62,477,79
464,74,199,61
457,68,196,63
465,64,203,63
196,66,467,63
472,70,202,62
192,63,477,63
471,75,196,61
464,69,189,63
205,66,472,74
201,64,453,66
185,64,453,62
203,63,465,73
192,61,469,76
469,73,199,65
186,64,461,69
468,64,184,61
197,64,454,68
473,62,199,63
479,64,196,70
204,61,457,70
180,72,469,62
185,61,464,72
466,61,205,64
203,64,465,68
456,75,184,61
460,68,197,63
469,66,198,62
465,61,189,64
195,63,454,68
471,64,201,61
463,67,204,64
195,61,471,76
468,64,193,64
463,62,203,63
196,62,470,66
199,64,462,73
460,66,196,63
469,64,196,66
450,63,205,62
187,66,471,68
461,65,206,69
189,63,479,64
471,76,203,63
197,73,469,61
200,62,465,65
205,62,468,64
467,63,204,64
196,61,462,64
184,68,471,67
194,63,471,61
466,73,188,66
464,67,197,67
479,68,205,64
200,63,459,69
203,61,450,65
188,68,471,63
199,66,472,77
470,73,186,62
471,63,182,61
202,61,461,69
205,67,452,61
438,67,196,61
414,62,197,72
210,61,419,63
207,63,411,64
417,61,183,63
411,64,213,61
181,67,413,68
200,64,411,72
185,68,408,74
412,68,192,61
401,67,196,67
202,69,418,66
428,61,201,63
202,76,417,68
400,62,203,70
206,61,420,75
198,62,406,63
206,66,409,68
405,62,209,61
409,65,185,73
407,68,188,65
412,64,191,65
181,61,420,63
185,65,405,71
421,73,214,65
408,64,198,61
413,61,203,67
194,62,417,69
404,65,184,63
429,66,199,68
404,67,200,63
192,63,410,74
198,65,405,74
197,66,412,64
420,63,214,64
406,61,185,68
200,61,423,73
394,62,200,63
195,61,417,68
420,67,188,67
395,66,199,62
415,66,198,70
416,61,194,61
418,69,185,61
204,73,415,65
411,61,201,67
406,66,198,69
412,61,209,66
405,68,198,63
191,65,408,65
208,61,422,68
417,65,201,67
408,64,187,66
434,61,194,64
207,63,423,61
421,61,200,66
200,68,421,63
181,61,422,61
406,65,188,66
201,72,429,62
184,61,411,64
194,66,418,68
410,64,204,62
414,66,197,62
411,61,206,67
419,62,199,65
188,67,412,66
199,61,405,70
208,68,417,65
419,61,191,64
415,62,207,66
434,62,205,63
408,61,184,66
192,62,416,61
421,62,196,62
419,67,208,69
413,61,203,65
412,65,198,71
206,75,418,62
408,62,204,65
201,61,406,66
422,74,206,70
413,66,199,65
420,61,182,61
416,66,186,66
410,69,201,68
187,64,410,65
418,73,209,61
180,68,415,62
198,66,421,61
195,62,414,64
197,69,418,63
188,68,414,63
418,61,182,64
191,64,415,61
421,66,181,62
202,72,417,61
419,61,205,66
408,68,201,65
190,64,416,79
416,63,198,74
401,68,191,62
404,69,181,64
407,77,182,62
415,61,197,64
421,63,198,64
206,61,427,65
205,61,416,61
190,66,408,69
198,66,408,73
415,64,208,64
206,63,405,68
207,61,407,64
420,74,181,63
208,64,407,69
408,65,191,66
207,65,420,65
188,61,420,65
408,62,208,61
195,65,416,63
204,75,413,62
212,63,399,61
205,62,406,62
414,62,193,62
186,61,419,79
201,71,414,64
413,61,185,68
414,61,206,65
205,72,411,62
416,76,191,62
405,63,202,61
405,66,201,68
199,63,411,66
202,71,422,63
187,67,420,62
200,65,406,65
185,65,402,63
418,74,207,67
208,61,402,61
201,63,420,62
414,65,194,62
203,62,408,61
412,63,202,61
187,72,416,64
204,67,407,69
402,66,194,61
416,75,200,67
403,63,203,65
419,68,202,69
197,61,413,65
187,67,407,62
415,66,195,61
415,65,228,69
416,63,237,65
414,64,272,69
276,72,406,65
295,71,427,69
416,62,294,66
311,83,410,68
318,85,421,62
NaN,NaN,410,63
403,73,NaN,NaN
370,181,426,71
373,201,408,63
NaN,NaN,NaN,NaN
NaN,NaN,NaN,NaN
277,70,355,193
351,190,288,64
NaN,NaN,410,63
460,344,385,81
462,342,393,75
392,73,NaN,NaN
463,358,386,67
478,359,372,94
NaN,NaN,393,65
NaN,NaN,396,73
NaN,NaN,398,73
474,347,400,66
467,343,407,68
395,65,468,343
430,263,397,63
427,287,405,69
402,65,431,285
402,62,437,308
399,61,418,280
444,312,400,65
409,65,409,250
416,64,413,250
425,251,392,61
426,225,404,61
413,64,400,195
410,62,403,185
393,190,400,69
424,61,401,176
340,106,398,155
NaN,NaN,353,106
NaN,NaN,346,92
NaN,NaN,342,76
NaN,NaN,337,64
445,68,340,67
381,67,NaN,NaN
NaN,NaN,353,62
NaN,NaN,394,61
395,61,NaN,NaN
382,69,NaN,NaN
NaN,NaN,396,63
NaN,NaN,394,68
NaN,NaN,399,69
379,75,NaN,NaN
437,78,350,66
NaN,NaN,396,70
NaN,NaN,381,89
NaN,NaN,373,102
NaN,NaN,374,122
405,186,NaN,NaN
394,194,NaN,NaN
382,195,NaN,NaN
393,193,NaN,NaN
256,73,346,153
274,73,353,158
459,327,382,212
461,355,410,235
NaN,NaN,473,352
NaN,NaN,467,359
471,361,402,65
481,372,402,65
399,68,482,374
416,61,487,397
403,62,470,369
475,374,413,61
479,393,401,66
411,64,456,386
405,68,470,370
481,389,414,62
405,66,452,377
469,368,412,67
418,63,481,390
417,63,473,379
NaN,NaN,484,386
403,61,494,404
395,63,491,397
406,62,496,397
505,379,411,63
414,242,507,360
418,229,496,352
431,244,506,354
413,203,484,311
396,198,445,270
378,152,430,245
395,187,NaN,NaN
371,184,NaN,NaN
NaN,NaN,373,191
NaN,NaN,NaN,NaN
NaN,NaN,NaN,NaN
NaN,NaN,NaN,NaN
NaN,NaN,NaN,NaN
NaN,NaN,NaN,NaN
NaN,NaN,NaN,NaN
NaN,NaN,NaN,NaN
NaN,NaN,NaN,NaN
NaN,NaN,NaN,NaN
NaN,NaN,NaN,NaN
NaN,NaN,NaN,NaN
NaN,NaN,356,93
350,90,NaN,NaN
NaN,NaN,344,88
351,76,NaN,NaN
353,84,NaN,NaN
NaN,NaN,364,78
357,84,NaN,NaN
370,77,NaN,NaN
364,74,NaN,NaN
NaN,NaN,372,74
NaN,NaN,359,76
368,73,NaN,NaN
331,85,394,63
406,67,325,88
NaN,NaN,366,65
372,72,NaN,NaN
372,73,NaN,NaN
356,80,NaN,NaN
352,79,NaN,NaN
NaN,NaN,344,83
NaN,NaN,349,82
331,90,408,63
359,89,NaN,NaN
NaN,NaN,366,79
NaN,NaN,354,79
NaN,NaN,NaN,NaN
NaN,NaN,353,82
349,81,NaN,NaN
365,75,NaN,NaN
NaN,NaN,357,86
346,82,NaN,NaN
367,76,NaN,NaN
NaN,NaN,351,81
NaN,NaN,350,76
NaN,NaN,358,84
NaN,NaN,406,61
327,99,NaN,NaN
NaN,NaN,352,125
NaN,NaN,360,87
NaN,NaN,348,81
352,81,NaN,NaN
NaN,NaN,359,87
359,90,NaN,NaN
357,96,NaN,NaN
356,90,NaN,NaN
371,74,NaN,NaN
361,84,NaN,NaN
NaN,NaN,358,83
NaN,NaN,374,72
NaN,NaN,332,98
NaN,NaN,NaN,NaN
NaN,NaN,NaN,NaN
NaN,NaN,NaN,NaN
NaN,NaN,NaN,NaN
NaN,NaN,275,188
NaN,NaN,282,219
258,251,NaN,NaN
267,267,NaN,NaN
281,349,264,229
267,226,266,346
258,250,276,370
256,262,266,378
258,265,270,386
279,407,257,281
279,399,271,276
270,278,290,402
275,290,290,415
261,277,290,393
292,408,274,289
275,300,299,420
267,279,291,404
282,293,283,417
279,278,294,411
274,288,295,413
283,303,304,420
281,294,300,406
272,295,295,411
284,417,291,297
233,212,214,94
271,264,235,137
275,289,301,415
288,292,292,414
302,413,276,302
287,293,296,419
289,297,291,416
392,61,286,367
310,418,281,309
293,392,394,62
394,61,286,381
NaN,NaN,288,387
279,385,395,61
285,390,NaN,NaN
310,356,395,61
NaN,NaN,286,371
379,61,284,364
381,61,298,346
NaN,NaN,285,393
307,415,272,303
286,417,382,61
285,295,295,413
292,418,294,299
282,303,294,419
308,414,288,304
284,285,289,404
297,419,270,301
297,413,271,296
267,296,292,416
272,281,300,393
277,281,304,397
261,231,288,347
284,265,NaN,NaN
NaN,NaN,269,228
272,176,NaN,NaN
272,159,NaN,NaN
286,108,NaN,NaN
NaN,NaN,296,133
286,91,370,70
290,72,395,62
316,70,NaN,NaN
NaN,NaN,342,64
385,70,301,62
333,73,NaN,NaN
NaN,NaN,353,61
373,78,299,61
347,62,NaN,NaN
377,69,301,63
340,63,NaN,NaN
348,63,NaN,NaN
341,66,NaN,NaN
358,69,NaN,NaN
NaN,NaN,351,61
NaN,NaN,347,63
NaN,NaN,356,67
342,65,NaN,NaN
NaN,NaN,355,64
NaN,NaN,354,65
NaN,NaN,365,61
362,65,NaN,NaN
354,61,NaN,NaN
NaN,NaN,366,63
NaN,NaN,362,62
NaN,NaN,NaN,NaN
358,65,NaN,NaN
NaN,NaN,NaN,NaN
NaN,NaN,NaN,NaN
NaN,NaN,NaN,NaN
NaN,NaN,NaN,NaN
NaN,NaN,NaN,NaN
NaN,NaN,359,61
NaN,NaN,368,62
NaN,NaN,358,62
NaN,NaN,358,62
NaN,NaN,325,61
NaN,NaN,329,67
NaN,NaN,338,61
403,64,303,62
304,61,407,64
410,64,312,71
323,75,409,61
292,68,401,74
390,70,309,61
404,72,308,61
286,67,388,62
320,61,NaN,NaN
289,68,405,64
314,71,411,71
291,68,394,73
398,65,297,68
410,63,304,63
312,73,410,72
288,63,393,61
NaN,NaN,314,62
337,63,429,68
402,62,NaN,NaN
427,67,319,63
412,73,NaN,NaN
NaN,NaN,401,65
409,65,NaN,NaN
387,63,NaN,NaN
NaN,NaN,363,61
382,74,NaN,NaN
392,73,288,68
NaN,NaN,391,61
416,64,313,67
398,66,290,61
298,64,400,73
279,62,386,71
288,66,403,62
408,61,310,74
295,80,394,65
296,91,405,63
405,63,287,104
296,138,397,73
406,62,290,167
396,62,299,199
408,63,309,237
313,250,404,62
391,374,326,258
392,381,326,272
410,403,330,290
410,403,335,281
408,414,361,292
414,416,368,304
413,416,352,298
241,66,300,210
305,216,412,411
420,413,400,72
417,415,367,319
347,304,410,411
418,408,357,289
392,377,412,63
401,63,383,375
411,62,407,376
405,61,NaN,NaN
NaN,NaN,399,61
NaN,NaN,410,63
NaN,NaN,410,64
415,61,NaN,NaN
418,61,NaN,NaN
NaN,NaN,414,61
416,68,NaN,NaN
NaN,NaN,408,71
416,61,NaN,NaN
401,70,NaN,NaN
NaN,NaN,405,67
NaN,NaN,413,66
326,75,429,73
322,67,416,61
333,63,426,67
422,64,302,66
416,65,305,62
421,65,305,61
409,72,310,67
422,73,314,61
425,63,323,74
320,64,414,61
419,61,317,65
407,71,306,62
412,67,313,65
310,66,412,67
428,63,327,74
417,62,307,66
397,62,299,66
420,69,323,72
429,64,320,68
NaN,NaN,392,61
312,63,423,67
412,76,307,62
320,63,415,61
420,61,313,62
334,73,NaN,NaN
312,64,405,68
426,65,324,61
426,69,325,68
328,62,424,66
335,70,NaN,NaN
413,69,315,62
416,67,313,67
407,69,311,65
417,64,316,68
412,62,314,71
310,67,410,65
409,70,308,62
321,66,431,63
418,67,312,61
NaN,NaN,395,61
419,63,315,62
409,72,321,64
335,67,NaN,NaN
325,61,424,71
427,67,316,62
322,64,426,69
320,61,412,64
333,62,431,66
424,73,314,62
400,70,NaN,NaN
417,68,311,67
323,61,421,62
422,75,NaN,NaN
419,70,326,61
NaN,NaN,335,68
324,63,425,63
NaN,NaN,401,62
420,68,321,69
330,65,429,73
426,61,320,61
NaN,NaN,NaN,NaN
NaN,NaN,331,69
427,68,NaN,NaN
NaN,NaN,417,72
416,71,310,63
322,63,429,67
404,61,NaN,NaN
420,71,321,67
327,64,432,64
404,67,302,64
418,62,327,63
316,70,414,62
409,71,305,64
322,63,414,65
319,61,424,64
318,62,420,63
409,61,305,65
405,65,307,71
300,67,407,64
419,69,319,72
415,66,317,63
422,70,317,66
406,62,310,63
417,63,311,77
303,63,396,65
417,71,317,68
419,70,317,66
309,70,412,64
310,63,418,69
420,61,326,66
424,68,330,67
421,66,317,62
409,63,311,69
403,64,NaN,NaN
304,65,397,62
NaN,NaN,407,67
299,68,410,61
314,62,418,72
416,64,317,61
426,62,330,65
329,63,421,69
NaN,NaN,326,62
404,62,308,73
303,64,415,62
403,71,308,62
295,64,395,61
415,63,312,75
398,62,298,63
412,63,307,61
320,69,419,65
317,72,427,68
420,64,318,67
414,62,315,63
419,69,323,69
409,63,311,65
421,62,308,62
310,69,420,61
411,63,305,63
413,71,314,69
418,61,310,64
298,62,413,67
291,61,391,71
316,65,421,63
399,62,302,66
304,64,402,68
306,72,407,62
418,69,311,63
418,68,314,74
400,71,296,61
301,66,426,66
287,67,391,61
304,66,407,69
423,66,308,62
NaN,NaN,310,62
306,62,NaN,NaN
313,65,422,64
NaN,NaN,322,71
414,61,303,61
423,65,317,67
393,69,292,69
411,65,310,71
301,65,402,64
295,67,401,63
305,67,404,63
402,66,300,62
402,61,304,62
311,65,424,70
410,71,299,61
414,62,301,65
308,62,424,62
305,71,421,62
416,65,296,62
405,72,294,63
432,62,278,64
287,62,402,64
413,63,268,66
284,66,419,64
405,61,262,66
268,62,NaN,NaN
NaN,NaN,NaN,NaN
NaN,NaN,NaN,NaN
NaN,NaN,NaN,NaN
NaN,NaN,NaN,NaN
NaN,NaN,NaN,NaN
NaN,NaN,NaN,NaN
NaN,NaN,NaN,NaN
NaN,NaN,NaN,NaN
NaN,NaN,NaN,NaN
NaN,NaN,NaN,NaN
NaN,NaN,NaN,NaN
NaN,NaN,NaN,NaN
NaN,NaN,NaN,NaN
305,65,NaN,NaN
NaN,NaN,300,68
302,64,NaN,NaN
309,65,NaN,NaN
NaN,NaN,326,63
334,63,NaN,NaN
NaN,NaN,321,67
309,90,NaN,NaN
NaN,NaN,280,121
NaN,NaN,272,137
265,176,NaN,NaN
199,68,245,195
254,231,188,75
NaN,NaN,232,182
264,309,234,188
234,202,245,325
238,231,252,351
205,184,196,62
172,65,199,190
211,193,244,380
238,289,259,405
251,298,261,418
236,289,258,408
244,419,250,299
247,304,272,417
268,299,262,420
268,414,264,307
247,296,277,413
265,299,268,417
265,410,259,294
279,418,254,314
270,296,274,418
249,420,269,309
260,298,272,415
250,297,265,413
264,410,260,293
250,297,264,411
275,414,NaN,NaN
259,301,270,420
256,417,282,309
263,294,275,414
262,307,272,419
272,418,250,307
NaN,NaN,275,411
271,419,253,305
273,417,255,299
257,295,277,415
253,294,271,408
273,420,274,303
256,300,286,420
294,411,261,300
286,412,265,294
264,307,301,411
303,408,279,291
291,412,283,298
295,414,274,307
297,420,275,304
NaN,NaN,296,402
NaN,NaN,302,400
NaN,NaN,302,410
294,367,NaN,NaN
283,294,314,414
291,288,307,408
281,297,290,419
285,303,308,419
270,285,304,408
296,401,288,282
299,386,270,275
265,254,303,366
NaN,NaN,268,273
262,239,NaN,NaN
NaN,NaN,263,217
259,184,NaN,NaN
NaN,NaN,NaN,NaN
NaN,NaN,NaN,NaN
NaN,NaN,NaN,NaN
NaN,NaN,NaN,NaN
NaN,NaN,NaN,NaN
NaN,NaN,NaN,NaN
265,73,NaN,NaN
266,67,NaN,NaN
280,62,NaN,NaN
298,74,NaN,NaN
287,65,NaN,NaN
NaN,NaN,280,72
305,72,NaN,NaN
NaN,NaN,285,65
NaN,NaN,280,64
289,61,NaN,NaN
288,71,NaN,NaN
294,62,NaN,NaN
NaN,NaN,305,61
289,61,NaN,NaN
294,63,NaN,NaN
NaN,NaN,298,62
NaN,NaN,288,67
NaN,NaN,300,65
292,68,NaN,NaN
288,63,NaN,NaN
295,75,NaN,NaN
282,61,NaN,NaN
NaN,NaN,289,68
279,66,NaN,NaN
NaN,NaN,287,70
NaN,NaN,285,74
442,64,289,86
288,75,444,68
296,80,436,68
443,71,289,70
443,75,291,67
436,66,286,80
439,66,308,61
307,71,437,65
290,61,458,64
293,62,437,64
297,75,441,65
291,67,443,64
440,64,294,87
442,69,305,78
304,62,438,61
437,67,293,64
299,75,448,61
309,88,441,67
448,69,298,62
305,93,442,62
440,67,305,87
429,63,312,89
421,69,293,72
413,65,303,79
302,76,405,72
407,62,293,85
298,75,409,65
298,63,400,64
298,75,412,64
426,62,302,87
423,62,294,73
419,70,291,61
294,71,423,68
414,65,298,62
415,66,308,85
423,62,293,79
280,97,402,64
293,109,419,75
423,61,291,136
410,72,296,140
407,63,200,73
175,63,266,183
277,210,407,64
284,235,416,74
403,62,304,307
397,69,234,186
189,76,234,209
263,229,210,105
399,64,344,408
269,249,230,133
248,121,282,272
288,261,234,134
248,145,295,278
336,417,404,66
405,63,345,404
358,405,407,66
355,416,405,64
417,69,266,123
281,151,405,63
269,149,426,66
428,64,281,130
405,61,290,129
408,66,NaN,NaN
314,256,258,72
253,67,315,278
417,62,265,93
427,61,269,133
267,130,401,72
424,65,253,145
244,128,373,407
224,127,418,416
415,61,419,402
275,226,199,104
198,131,287,213
400,68,321,232
419,67,317,216
300,188,417,73
300,169,420,68
411,75,284,145
285,135,415,63
269,103,400,69
276,110,409,64
406,68,264,95
296,79,412,64
425,64,300,77
421,69,292,69
293,71,409,64
294,84,416,61
296,63,408,68
283,66,409,66
408,66,281,69
405,66,294,65
285,72,418,69
292,67,410,75
413,62,270,68
307,63,425,62
293,63,417,72
284,65,424,70
420,68,304,68
315,67,427,61
420,67,307,67
322,61,432,65
426,77,313,64
430,63,307,67
428,66,334,64
306,63,422,72
333,62,432,64
312,63,434,61
420,71,315,68
315,69,419,61
423,64,319,65
303,70,430,62
421,62,318,73
427,63,314,61
321,63,424,66
318,67,418,73
414,78,308,67
434,71,320,63
307,62,412,77
312,76,410,67
430,63,330,61
426,65,313,71
296,63,413,64
305,65,410,67
300,68,426,65
311,70,412,64
423,78,320,61
301,70,404,62
413,65,312,70
421,80,320,63
316,62,435,61
300,61,419,71
430,70,298,64
291,61,419,61
311,69,426,62
307,65,421,77
426,64,310,61
431,86,313,63
401,64,298,66
428,75,326,73
400,62,300,61
298,66,429,61
403,71,292,62
310,64,432,62
424,76,313,63
402,72,303,67
419,77,321,61
428,63,326,69
419,68,315,68
285,61,409,79
299,69,411,65
432,63,321,68
404,66,291,62
303,62,404,66
401,65,295,61
414,62,312,64
311,61,414,62
316,68,438,63
313,73,426,66
300,70,403,79
419,64,314,63
406,75,304,76
425,67,297,68
405,74,302,61
319,66,417,71
320,62,420,64
423,61,310,61
316,62,421,78
427,66,324,71
417,72,297,68
295,67,409,66
403,67,300,68
414,65,312,76
420,76,303,62
312,65,426,71
309,65,425,68
410,67,302,72
320,74,422,64
397,67,293,61
294,62,428,62
425,62,295,64
423,65,287,64
301,67,405,69
412,65,311,70
300,70,408,64
417,70,300,73
428,63,318,71
419,75,299,62
303,69,401,70
296,62,432,67
293,65,429,67
413,74,313,66
304,67,422,70
314,81,420,76
316,61,418,74
413,62,316,71
406,70,301,72
304,62,417,61
302,70,405,69
311,61,406,64
303,64,422,74
400,76,300,63
305,63,427,63
313,69,410,61
421,66,312,77
429,61,325,67
292,61,400,73
298,74,420,63
311,77,417,63
404,68,301,65
402,65,299,63
426,68,312,61
298,61,401,80
300,63,419,66
310,71,423,67
413,67,311,67
429,66,327,63
330,64,NaN,NaN
NaN,NaN,NaN,NaN
NaN,NaN,NaN,NaN
NaN,NaN,NaN,NaN
NaN,NaN,NaN,NaN
NaN,NaN,NaN,NaN
NaN,NaN,NaN,NaN
NaN,NaN,NaN,NaN
NaN,NaN,NaN,NaN
NaN,NaN,NaN,NaN
NaN,NaN,NaN,NaN
NaN,NaN,NaN,NaN
NaN,NaN,NaN,NaN
NaN,NaN,NaN,NaN
NaN,NaN,NaN,NaN
NaN,NaN,NaN,NaN
NaN,NaN,NaN,NaN
NaN,NaN,NaN,NaN
NaN,NaN,NaN,NaN
NaN,NaN,NaN,NaN
NaN,NaN,NaN,NaN
NaN,NaN,NaN,NaN
NaN,NaN,NaN,NaN
NaN,NaN,NaN,NaN
NaN,NaN,NaN,NaN
NaN,NaN,NaN,NaN
NaN,NaN,NaN,NaN
NaN,NaN,NaN,NaN
NaN,NaN,NaN,NaN
NaN,NaN,NaN,NaN
NaN,NaN,NaN,NaN
NaN,NaN,NaN,NaN
NaN,NaN,NaN,NaN
NaN,NaN,NaN,NaN
NaN,NaN,NaN,NaN
NaN,NaN,NaN,NaN
NaN,NaN,NaN,NaN
NaN,NaN,NaN,NaN
NaN,NaN,NaN,NaN
NaN,NaN,NaN,NaN
NaN,NaN,NaN,NaN
NaN,NaN,NaN,NaN
NaN,NaN,NaN,NaN
NaN,NaN,NaN,NaN
NaN,NaN,NaN,NaN
NaN,NaN,NaN,NaN
NaN,NaN,NaN,NaN
NaN,NaN,NaN,NaN
NaN,NaN,NaN,NaN
NaN,NaN,NaN,NaN
NaN,NaN,NaN,NaN
NaN,NaN,NaN,NaN
NaN,NaN,NaN,NaN
NaN,NaN,NaN,NaN
NaN,NaN,NaN,NaN
NaN,NaN,NaN,NaN
NaN,NaN,NaN,NaN
NaN,NaN,NaN,NaN
NaN,NaN,NaN,NaN
NaN,NaN,NaN,NaN
NaN,NaN,NaN,NaN
NaN,NaN,NaN,NaN
NaN,NaN,NaN,NaN
NaN,NaN,NaN,NaN
NaN,NaN,NaN,NaN
NaN,NaN,NaN,NaN
NaN,NaN,NaN,NaN
NaN,NaN,NaN,NaN
NaN,NaN,NaN,NaN
NaN,NaN,NaN,NaN
NaN,NaN,NaN,NaN
NaN,NaN,NaN,NaN
NaN,NaN,NaN,NaN
NaN,NaN,NaN,NaN
NaN,NaN,NaN,NaN
NaN,NaN,NaN,NaN
NaN,NaN,NaN,NaN
NaN,NaN,NaN,NaN
NaN,NaN,NaN,NaN
NaN,NaN,NaN,NaN
NaN,NaN,NaN,NaN
NaN,NaN,NaN,NaN
NaN,NaN,NaN,NaN
NaN,NaN,NaN,NaN
NaN,NaN,NaN,NaN
NaN,NaN,NaN,NaN
NaN,NaN,NaN,NaN
NaN,NaN,NaN,NaN
NaN,NaN,NaN,NaN
NaN,NaN,NaN,NaN
NaN,NaN,NaN,NaN
NaN,NaN,NaN,NaN
NaN,NaN,NaN,NaN
NaN,NaN,NaN,NaN
NaN,NaN,NaN,NaN
NaN,NaN,NaN,NaN
NaN,NaN,NaN,NaN
NaN,NaN,NaN,NaN
NaN,NaN,NaN,NaN
NaN,NaN,NaN,NaN
NaN,NaN,NaN,NaN
NaN,NaN,NaN,NaN
NaN,NaN,NaN,NaN
NaN,NaN,NaN,NaN
NaN,NaN,NaN,NaN
NaN,NaN,NaN,NaN
NaN,NaN,NaN,NaN
NaN,NaN,NaN,NaN
NaN,NaN,NaN,NaN
NaN,NaN,NaN,NaN
NaN,NaN,NaN,NaN
NaN,NaN,NaN,NaN
NaN,NaN,NaN,NaN
NaN,NaN,NaN,NaN
NaN,NaN,NaN,NaN
NaN,NaN,NaN,NaN
NaN,NaN,NaN,NaN
NaN,NaN,NaN,NaN
NaN,NaN,NaN,NaN
NaN,NaN,NaN,NaN
NaN,NaN,NaN,NaN
NaN,NaN,NaN,NaN
NaN,NaN,NaN,NaN
NaN,NaN,NaN,NaN
NaN,NaN,NaN,NaN
NaN,NaN,NaN,NaN
NaN,NaN,NaN,NaN
NaN,NaN,NaN,NaN
NaN,NaN,370,66
347,70,NaN,NaN
NaN,NaN,351,61
NaN,NaN,322,64
308,68,NaN,NaN
NaN,NaN,284,62
NaN,NaN,272,86
446,61,252,71
245,70,445,61
259,86,446,65
247,83,451,62
242,97,426,64
447,67,228,94
450,61,236,117
441,61,224,110
237,128,453,62
432,61,225,135
233,135,434,63
441,63,222,158
247,174,433,64
432,67,230,185
216,213,436,61
429,67,240,259
433,70,254,283
437,66,266,334
431,70,281,343
284,368,431,67
296,404,431,69
295,412,441,68
438,61,292,399
289,414,431,67
435,71,296,401
439,65,290,397
434,69,297,417
288,404,434,67
296,380,422,62
432,62,301,420
287,407,430,65
451,69,301,412
441,68,294,399
439,64,302,412
293,381,428,66
431,74,291,410
446,63,303,415
427,63,289,388
421,64,295,395
428,65,293,397
428,62,285,392
291,405,439,65
445,62,300,408
289,391,438,68
441,70,285,385
420,64,287,401
294,397,436,62
421,64,282,374
440,65,290,397
436,69,292,413
295,408,429,75
278,412,258,294
274,362,422,66
266,334,441,66
250,277,420,62
424,61,237,237
233,205,432,63
430,63,NaN,NaN
NaN,NaN,416,62
425,64,NaN,NaN
NaN,NaN,420,67
NaN,NaN,415,64
NaN,NaN,409,64
413,64,NaN,NaN
214,68,404,63
NaN,NaN,400,66
NaN,NaN,404,69
252,67,422,69
406,63,257,64
NaN,NaN,277,61
NaN,NaN,NaN,NaN
NaN,NaN,NaN,NaN
NaN,NaN,NaN,NaN
NaN,NaN,NaN,NaN
NaN,NaN,NaN,NaN
NaN,NaN,NaN,NaN
NaN,NaN,NaN,NaN
NaN,NaN,NaN,NaN
NaN,NaN,NaN,NaN
NaN,NaN,NaN,NaN
NaN,NaN,NaN,NaN
NaN,NaN,NaN,NaN
NaN,NaN,NaN,NaN
NaN,NaN,NaN,NaN
NaN,NaN,NaN,NaN
NaN,NaN,NaN,NaN
NaN,NaN,NaN,NaN
NaN,NaN,NaN,NaN
NaN,NaN,NaN,NaN
NaN,NaN,NaN,NaN
NaN,NaN,NaN,NaN
NaN,NaN,NaN,NaN
NaN,NaN,NaN,NaN
NaN,NaN,NaN,NaN
NaN,NaN,NaN,NaN
NaN,NaN,NaN,NaN
NaN,NaN,NaN,NaN
NaN,NaN,NaN,NaN
NaN,NaN,NaN,NaN
NaN,NaN,NaN,NaN
NaN,NaN,NaN,NaN
NaN,NaN,NaN,NaN
NaN,NaN,NaN,NaN
NaN,NaN,NaN,NaN
NaN,NaN,NaN,NaN
NaN,NaN,NaN,NaN
NaN,NaN,NaN,NaN
NaN,NaN,NaN,NaN
NaN,NaN,NaN,NaN
NaN,NaN,NaN,NaN
NaN,NaN,NaN,NaN
NaN,NaN,NaN,NaN
NaN,NaN,NaN,NaN
NaN,NaN,NaN,NaN
NaN,NaN,NaN,NaN
NaN,NaN,NaN,NaN
NaN,NaN,NaN,NaN
NaN,NaN,NaN,NaN
NaN,NaN,NaN,NaN
NaN,NaN,NaN,NaN
NaN,NaN,NaN,NaN
NaN,NaN,NaN,NaN
NaN,NaN,NaN,NaN
NaN,NaN,NaN,NaN
NaN,NaN,NaN,NaN
NaN,NaN,NaN,NaN
NaN,NaN,NaN,NaN
NaN,NaN,NaN,NaN
NaN,NaN,NaN,NaN
NaN,NaN,NaN,NaN
NaN,NaN,NaN,NaN
NaN,NaN,NaN,NaN
NaN,NaN,NaN,NaN
NaN,NaN,NaN,NaN
NaN,NaN,NaN,NaN
NaN,NaN,NaN,NaN
NaN,NaN,NaN,NaN
NaN,NaN,NaN,NaN
NaN,NaN,NaN,NaN
NaN,NaN,NaN,NaN
NaN,NaN,NaN,NaN
NaN,NaN,NaN,NaN
NaN,NaN,NaN,NaN
NaN,NaN,NaN,NaN
NaN,NaN,NaN,NaN
NaN,NaN,NaN,NaN
NaN,NaN,NaN,NaN
NaN,NaN,NaN,NaN
NaN,NaN,NaN,NaN
NaN,NaN,NaN,NaN
NaN,NaN,NaN,NaN
NaN,NaN,NaN,NaN
NaN,NaN,NaN,NaN
NaN,NaN,NaN,NaN
NaN,NaN,NaN,NaN
NaN,NaN,NaN,NaN
NaN,NaN,NaN,NaN
NaN,NaN,NaN,NaN
NaN,NaN,NaN,NaN
NaN,NaN,NaN,NaN
NaN,NaN,NaN,NaN
NaN,NaN,NaN,NaN
NaN,NaN,NaN,NaN
NaN,NaN,NaN,NaN
NaN,NaN,NaN,NaN
NaN,NaN,NaN,NaN
NaN,NaN,NaN,NaN
NaN,NaN,NaN,NaN
NaN,NaN,NaN,NaN
NaN,NaN,NaN,NaN
NaN,NaN,NaN,NaN
NaN,NaN,NaN,NaN
NaN,NaN,NaN,NaN
NaN,NaN,NaN,NaN
NaN,NaN,NaN,NaN
NaN,NaN,NaN,NaN
NaN,NaN,NaN,NaN
NaN,NaN,NaN,NaN
NaN,NaN,NaN,NaN
NaN,NaN,NaN,NaN
NaN,NaN,NaN,NaN
NaN,NaN,NaN,NaN
NaN,NaN,NaN,NaN
NaN,NaN,NaN,NaN
NaN,NaN,NaN,NaN
NaN,NaN,NaN,NaN
NaN,NaN,NaN,NaN
NaN,NaN,NaN,NaN
NaN,NaN,NaN,NaN
NaN,NaN,NaN,NaN
NaN,NaN,NaN,NaN
NaN,NaN,NaN,NaN
NaN,NaN,NaN,NaN
NaN,NaN,NaN,NaN
NaN,NaN,NaN,NaN
NaN,NaN,NaN,NaN
NaN,NaN,NaN,NaN
NaN,NaN,NaN,NaN
NaN,NaN,NaN,NaN
NaN,NaN,NaN,NaN
NaN,NaN,NaN,NaN
NaN,NaN,NaN,NaN
NaN,NaN,NaN,NaN
NaN,NaN,NaN,NaN
NaN,NaN,NaN,NaN
NaN,NaN,NaN,NaN
NaN,NaN,NaN,NaN
NaN,NaN,NaN,NaN
NaN,NaN,NaN,NaN
NaN,NaN,NaN,NaN
NaN,NaN,NaN,NaN
NaN,NaN,NaN,NaN
NaN,NaN,NaN,NaN
NaN,NaN,NaN,NaN
NaN,NaN,NaN,NaN
NaN,NaN,NaN,NaN
NaN,NaN,NaN,NaN
NaN,NaN,NaN,NaN
NaN,NaN,NaN,NaN
NaN,NaN,NaN,NaN
NaN,NaN,NaN,NaN
NaN,NaN,NaN,NaN
NaN,NaN,NaN,NaN
NaN,NaN,NaN,NaN
NaN,NaN,NaN,NaN
NaN,NaN,NaN,NaN
NaN,NaN,NaN,NaN
NaN,NaN,NaN,NaN
NaN,NaN,NaN,NaN
NaN,NaN,NaN,NaN
NaN,NaN,NaN,NaN
NaN,NaN,NaN,NaN
NaN,NaN,NaN,NaN
NaN,NaN,297,61
NaN,NaN,285,64
292,61,NaN,NaN
308,65,NaN,NaN
299,65,NaN,NaN
415,66,284,61
277,63,411,62
280,62,430,63
280,65,452,62
281,69,433,70
277,66,445,61
279,65,452,64
258,65,466,65
261,68,477,63
470,63,239,73
446,64,251,80
254,82,475,61
454,67,246,99
241,133,454,62
459,62,246,147
454,66,248,166
249,202,456,65
450,63,NaN,NaN
121,97,200,178
295,362,464,65
288,365,454,61
302,393,450,68
449,61,291,389
295,393,462,67
460,62,291,416
304,414,461,65
467,61,292,403
295,389,444,67
297,395,474,62
455,67,293,390
453,63,289,396
453,61,287,398
477,66,294,403
296,398,446,63
288,393,455,62
448,63,308,409
295,402,463,64
450,61,304,410
291,406,456,64
285,389,448,64
284,403,454,66
451,66,294,415
454,69,287,407
276,397,207,193
268,351,462,62
455,66,262,346
460,61,220,253
209,207,447,64
460,61,201,161
199,120,445,62
190,79,449,65
179,64,459,62
189,93,455,65
442,63,195,67
466,63,186,63
NaN,NaN,451,67
460,64,NaN,NaN
NaN,NaN,461,67
NaN,NaN,447,70
NaN,NaN,452,63
NaN,NaN,451,61
459,63,NaN,NaN
451,65,NaN,NaN
NaN,NaN,455,67
NaN,NaN,462,62
NaN,NaN,449,62
NaN,NaN,456,61
NaN,NaN,476,62
443,67,NaN,NaN
465,62,NaN,NaN
NaN,NaN,457,65
NaN,NaN,466,61
451,61,NaN,NaN
NaN,NaN,463,64
NaN,NaN,469,61
NaN,NaN,491,64
NaN,NaN,463,62
NaN,NaN,473,61
NaN,NaN,494,61
NaN,NaN,NaN,NaN
NaN,NaN,NaN,NaN
NaN,NaN,NaN,NaN
NaN,NaN,NaN,NaN
NaN,NaN,NaN,NaN
NaN,NaN,NaN,NaN
NaN,NaN,NaN,NaN
NaN,NaN,NaN,NaN
NaN,NaN,NaN,NaN
NaN,NaN,NaN,NaN
NaN,NaN,NaN,NaN
NaN,NaN,NaN,NaN
NaN,NaN,NaN,NaN
NaN,NaN,NaN,NaN
NaN,NaN,NaN,NaN
NaN,NaN,NaN,NaN
NaN,NaN,NaN,NaN
NaN,NaN,NaN,NaN
NaN,NaN,NaN,NaN
NaN,NaN,NaN,NaN
NaN,NaN,NaN,NaN
NaN,NaN,NaN,NaN
NaN,NaN,NaN,NaN
NaN,NaN,NaN,NaN
NaN,NaN,NaN,NaN
NaN,NaN,NaN,NaN
NaN,NaN,NaN,NaN
NaN,NaN,NaN,NaN
NaN,NaN,NaN,NaN
NaN,NaN,NaN,NaN
NaN,NaN,NaN,NaN
NaN,NaN,NaN,NaN
NaN,NaN,NaN,NaN
NaN,NaN,NaN,NaN
NaN,NaN,NaN,NaN
NaN,NaN,NaN,NaN
NaN,NaN,NaN,NaN
NaN,NaN,NaN,NaN
NaN,NaN,NaN,NaN
NaN,NaN,NaN,NaN
NaN,NaN,NaN,NaN
NaN,NaN,NaN,NaN
NaN,NaN,NaN,NaN
NaN,NaN,NaN,NaN
NaN,NaN,NaN,NaN
NaN,NaN,NaN,NaN
NaN,NaN,NaN,NaN
NaN,NaN,NaN,NaN
NaN,NaN,NaN,NaN
NaN,NaN,NaN,NaN
NaN,NaN,NaN,NaN
NaN,NaN,NaN,NaN
NaN,NaN,NaN,NaN
NaN,NaN,NaN,NaN
NaN,NaN,NaN,NaN
NaN,NaN,NaN,NaN
NaN,NaN,NaN,NaN
NaN,NaN,NaN,NaN
NaN,NaN,NaN,NaN
NaN,NaN,NaN,NaN
274,65,NaN,NaN
260,64,NaN,NaN
NaN,NaN,232,75
213,93,NaN,NaN
NaN,NaN,210,123
172,100,193,216
193,255,165,132
168,294,151,176
153,335,162,228
152,351,131,229
136,360,152,241
143,403,155,283
131,408,152,289
164,410,153,290
151,399,160,288
125,118,143,249
161,413,179,296
171,296,141,413
161,405,169,300
161,419,174,310
168,297,167,409
165,309,176,419
161,417,172,290
176,298,173,418
174,298,171,416
166,314,183,417
167,297,165,410
163,298,189,419
179,298,183,417
171,410,165,303
191,419,156,301
177,292,178,416
161,310,195,414
179,307,168,411
173,419,168,311
171,304,182,413
181,416,165,304
173,302,184,420
184,304,177,418
158,419,180,307
172,411,161,290
179,414,173,299
179,308,178,419
176,419,166,293
186,416,170,299
152,412,173,294
168,271,180,387
199,377,196,255
222,340,191,225
193,201,233,293
234,217,NaN,NaN
NaN,NaN,251,168
NaN,NaN,262,124
285,109,NaN,NaN
303,76,NaN,NaN
320,70,NaN,NaN
356,64,NaN,NaN
NaN,NaN,356,61
NaN,NaN,457,64
381,61,NaN,NaN
359,62,469,64
NaN,NaN,467,62
458,63,NaN,NaN
NaN,NaN,469,65
464,66,NaN,NaN
NaN,NaN,454,64
470,65,NaN,NaN
459,62,NaN,NaN
NaN,NaN,458,63
472,62,NaN,NaN
NaN,NaN,451,62
NaN,NaN,458,67
461,61,NaN,NaN
NaN,NaN,468,61
NaN,NaN,462,63
464,63,NaN,NaN
NaN,NaN,475,62
464,61,NaN,NaN
NaN,NaN,472,61
NaN,NaN,449,61
456,63,NaN,NaN
472,61,NaN,NaN
NaN,NaN,NaN,NaN
NaN,NaN,442,62
383,62,NaN,NaN
NaN,NaN,456,61
NaN,NaN,363,69
342,64,NaN,NaN
NaN,NaN,351,67
308,77,NaN,NaN
NaN,NaN,277,84
235,66,283,161
226,85,261,204
241,240,209,124
197,152,223,273
211,299,182,184
166,206,194,316
171,238,177,356
170,369,158,246
154,384,172,264
170,404,171,289
175,407,162,290
163,403,170,287
158,409,170,292
179,304,183,417
181,304,196,416
189,412,188,299
193,292,199,408
189,304,195,411
185,416,195,291
193,420,203,311
201,306,193,411
172,415,198,312
192,300,179,412
204,293,186,411
199,415,201,299
191,417,207,297
191,290,191,411
197,414,200,298
184,415,199,307
189,296,187,417
183,406,200,292
196,403,192,279
179,260,198,377
199,357,NaN,NaN
NaN,NaN,NaN,NaN
NaN,NaN,NaN,NaN
NaN,NaN,NaN,NaN
NaN,NaN,NaN,NaN
NaN,NaN,NaN,NaN
NaN,NaN,NaN,NaN
237,107,NaN,NaN
245,88,NaN,NaN
263,67,NaN,NaN
NaN,NaN,302,61
NaN,NaN,340,65
NaN,NaN,377,61
NaN,NaN,NaN,NaN
NaN,NaN,359,70
NaN,NaN,446,63
NaN,NaN,437,61
NaN,NaN,NaN,NaN
NaN,NaN,NaN,NaN
465,62,NaN,NaN
NaN,NaN,NaN,NaN
NaN,NaN,NaN,NaN
NaN,NaN,NaN,NaN
NaN,NaN,NaN,NaN
NaN,NaN,NaN,NaN
NaN,NaN,NaN,NaN
NaN,NaN,NaN,NaN
NaN,NaN,NaN,NaN
NaN,NaN,NaN,NaN
NaN,NaN,NaN,NaN
NaN,NaN,NaN,NaN
NaN,NaN,467,63
464,62,NaN,NaN
NaN,NaN,464,62
NaN,NaN,455,63
NaN,NaN,457,62
NaN,NaN,463,61
462,63,NaN,NaN
NaN,NaN,459,64
NaN,NaN,460,61
NaN,NaN,456,63
456,62,NaN,NaN
NaN,NaN,463,61
NaN,NaN,471,61
NaN,NaN,468,63
470,61,NaN,NaN
NaN,NaN,442,61
NaN,NaN,456,62
464,63,NaN,NaN
365,61,458,66
448,65,347,70
370,63,476,63
335,62,423,64
353,65,458,64
444,65,344,63
367,74,468,61
352,69,458,63
344,63,460,63
354,72,451,63
365,62,470,62
474,63,369,77
372,75,462,81
475,62,374,88
465,65,370,66
NaN,NaN,413,77
383,63,NaN,NaN
478,63,377,72
356,64,454,90
472,61,374,85
479,62,385,66
364,68,458,75
450,64,351,72
NaN,NaN,428,63
439,61,NaN,NaN
NaN,NaN,462,62
NaN,NaN,460,65
NaN,NaN,478,62
449,64,NaN,NaN
NaN,NaN,461,62
NaN,NaN,460,65
NaN,NaN,468,63
NaN,NaN,456,62
471,63,NaN,NaN
NaN,NaN,461,65
461,63,NaN,NaN
454,61,NaN,NaN
NaN,NaN,NaN,NaN
467,61,NaN,NaN
457,62,NaN,NaN
NaN,NaN,NaN,NaN
NaN,NaN,459,61
NaN,NaN,460,61
455,63,NaN,NaN
NaN,NaN,468,61
NaN,NaN,457,64
461,64,NaN,NaN
NaN,NaN,456,64
459,64,NaN,NaN
460,61,NaN,NaN
NaN,NaN,460,61
NaN,NaN,467,65
NaN,NaN,464,65
NaN,NaN,460,66
NaN,NaN,460,66
NaN,NaN,462,63
459,61,NaN,NaN
NaN,NaN,452,61
NaN,NaN,457,61
NaN,NaN,444,61
462,61,NaN,NaN
455,61,NaN,NaN
452,62,NaN,NaN
NaN,NaN,457,62
448,62,NaN,NaN
456,65,NaN,NaN
NaN,NaN,455,63
452,61,NaN,NaN
NaN,NaN,464,62
NaN,NaN,462,65
NaN,NaN,465,61
470,64,NaN,NaN
NaN,NaN,453,63
464,62,NaN,NaN
NaN,NaN,455,61
NaN,NaN,460,61
NaN,NaN,458,62
460,61,NaN,NaN
NaN,NaN,457,65
NaN,NaN,457,64
NaN,NaN,463,61
NaN,NaN,445,63
455,66,NaN,NaN
458,66,NaN,NaN
465,66,NaN,NaN
450,63,NaN,NaN
NaN,NaN,462,61
464,61,NaN,NaN
NaN,NaN,451,61
461,61,NaN,NaN
460,63,NaN,NaN
NaN,NaN,455,62
NaN,NaN,465,61
NaN,NaN,NaN,NaN
NaN,NaN,463,65
NaN,NaN,451,61
468,62,NaN,NaN
459,66,NaN,NaN
NaN,NaN,455,66
NaN,NaN,458,62
460,62,NaN,NaN
451,61,NaN,NaN
452,64,NaN,NaN
NaN,NaN,459,63
NaN,NaN,451,64
457,61,NaN,NaN
457,68,NaN,NaN
NaN,NaN,450,62
447,63,NaN,NaN
NaN,NaN,453,62
449,65,NaN,NaN
NaN,NaN,440,66
458,62,NaN,NaN
NaN,NaN,461,63
450,61,NaN,NaN
458,66,NaN,NaN
NaN,NaN,442,64
NaN,NaN,461,66
NaN,NaN,464,63
NaN,NaN,464,62
456,66,NaN,NaN
472,61,NaN,NaN
465,61,NaN,NaN
458,67,NaN,NaN
483,61,NaN,NaN
NaN,NaN,462,61
457,64,NaN,NaN
NaN,NaN,464,62
NaN,NaN,469,61
NaN,NaN,433,62
NaN,NaN,453,64
NaN,NaN,455,62
454,68,NaN,NaN
NaN,NaN,430,69
NaN,NaN,434,61
470,61,NaN,NaN
465,67,NaN,NaN
NaN,NaN,434,68
445,61,NaN,NaN
NaN,NaN,445,63
442,66,NaN,NaN
471,61,NaN,NaN
NaN,NaN,442,70
428,66,NaN,NaN
448,61,NaN,NaN
446,69,NaN,NaN
NaN,NaN,473,61
NaN,NaN,467,63
NaN,NaN,460,66
NaN,NaN,443,64
NaN,NaN,457,68
NaN,NaN,455,64
NaN,NaN,445,67
450,66,NaN,NaN
NaN,NaN,456,68
NaN,NaN,429,63
NaN,NaN,452,65
449,69,NaN,NaN
NaN,NaN,456,67
NaN,NaN,466,62
456,65,NaN,NaN
NaN,NaN,450,64
367,68,466,65
362,68,458,62
462,62,357,67
457,65,347,72
346,76,449,62
327,61,459,65
364,61,NaN,NaN
304,76,406,69
404,81,310,61
NaN,NaN,320,73
335,107,NaN,NaN
NaN,NaN,295,93
310,115,NaN,NaN
NaN,NaN,306,137
NaN,NaN,290,127
188,73,280,104
193,73,278,141
NaN,NaN,329,198
NaN,NaN,367,242
NaN,NaN,362,244
221,61,301,196
248,92,309,199
276,93,454,354
299,115,463,364
319,122,466,377
490,400,330,114
NaN,NaN,490,404
486,407,NaN,NaN
498,414,458,294
458,287,499,411
445,286,490,407
473,298,508,419
492,419,458,297
NaN,NaN,493,405
501,410,NaN,NaN
NaN,NaN,506,417
496,396,NaN,NaN
492,403,NaN,NaN
496,404,NaN,NaN
NaN,NaN,495,405
497,394,NaN,NaN
NaN,NaN,501,412
491,388,NaN,NaN
NaN,NaN,499,403
502,417,NaN,NaN
NaN,NaN,493,403
NaN,NaN,487,365
NaN,NaN,467,363
NaN,NaN,466,360
502,400,NaN,NaN
NaN,NaN,506,408
364,105,493,387
498,410,374,100
361,99,478,337
NaN,NaN,505,419
NaN,NaN,NaN,NaN
361,103,511,419
505,420,338,131
335,131,512,410
NaN,NaN,327,122
512,393,316,126
519,392,296,124
NaN,NaN,295,115
NaN,NaN,283,113
NaN,NaN,NaN,NaN
NaN,NaN,NaN,NaN
NaN,NaN,NaN,NaN
NaN,NaN,NaN,NaN
NaN,NaN,NaN,NaN
489,118,NaN,NaN
371,62,472,84
375,71,476,75
476,64,378,61
381,62,NaN,NaN
448,65,NaN,NaN
361,63,460,63
446,64,NaN,NaN
NaN,NaN,451,65
464,65,361,72
NaN,NaN,455,63
457,61,357,64
357,66,464,64
355,62,459,65
359,72,462,61
363,67,NaN,NaN
365,69,463,63
460,66,360,69
452,65,357,65
NaN,NaN,NaN,NaN
429,62,NaN,NaN
359,63,NaN,NaN
NaN,NaN,449,66
NaN,NaN,453,64
NaN,NaN,440,63
356,62,456,66
465,69,362,68
455,70,353,74
NaN,NaN,441,70
351,66,457,70
364,61,455,62
484,86,383,71
395,92,NaN,NaN
378,96,477,127
NaN,NaN,NaN,NaN
NaN,NaN,NaN,NaN
NaN,NaN,NaN,NaN
226,73,343,132
NaN,NaN,297,86
521,334,359,124
526,367,348,113
515,374,356,125
358,127,512,400
463,288,507,407
508,381,NaN,NaN
506,373,NaN,NaN
388,122,502,388
NaN,NaN,512,392
511,386,NaN,NaN
NaN,NaN,505,387
NaN,NaN,514,399
514,400,NaN,NaN
NaN,NaN,508,393
513,401,NaN,NaN
NaN,NaN,505,398
507,399,NaN,NaN
NaN,NaN,503,405
392,109,504,406
388,147,506,399
385,123,511,414
374,218,307,78
371,88,NaN,NaN
NaN,NaN,NaN,NaN
NaN,NaN,NaN,NaN
NaN,NaN,NaN,NaN
NaN,NaN,NaN,NaN
NaN,NaN,NaN,NaN
333,66,NaN,NaN
338,73,NaN,NaN
NaN,NaN,332,67
NaN,NaN,315,112
306,103,NaN,NaN
314,114,509,341
496,285,295,100
292,107,454,242
293,95,459,220
443,184,264,77
263,63,442,169
483,156,384,109
382,92,469,123
381,83,479,64
439,65,NaN,NaN
NaN,NaN,450,67
NaN,NaN,465,64
NaN,NaN,NaN,NaN
NaN,NaN,NaN,NaN
NaN,NaN,NaN,NaN
NaN,NaN,NaN,NaN
NaN,NaN,NaN,NaN
NaN,NaN,NaN,NaN
NaN,NaN,NaN,NaN
NaN,NaN,NaN,NaN
NaN,NaN,NaN,NaN
NaN,NaN,NaN,NaN
NaN,NaN,NaN,NaN
NaN,NaN,452,63
NaN,NaN,465,65
NaN,NaN,NaN,NaN
NaN,NaN,NaN,NaN
NaN,NaN,NaN,NaN
NaN,NaN,NaN,NaN
NaN,NaN,NaN,NaN
NaN,NaN,459,64
NaN,NaN,453,62
NaN,NaN,NaN,NaN
NaN,NaN,NaN,NaN
NaN,NaN,NaN,NaN
449,69,330,67
364,66,459,66
NaN,NaN,NaN,NaN
NaN,NaN,NaN,NaN
NaN,NaN,NaN,NaN
NaN,NaN,NaN,NaN
375,62,NaN,NaN
350,66,NaN,NaN
347,62,NaN,NaN
327,86,NaN,NaN
NaN,NaN,302,93
305,114,NaN,NaN
269,131,NaN,NaN
252,145,NaN,NaN
245,178,NaN,NaN
226,187,NaN,NaN
226,237,184,139
181,178,225,257
175,191,207,279
175,199,197,292
185,343,177,220
179,235,179,344
173,258,156,376
176,274,171,392
182,296,158,415
159,414,177,313
149,342,201,416
202,419,164,338
155,357,200,415
146,387,219,416
218,403,118,415
162,364,197,420
140,413,215,389
165,339,200,417
172,320,200,420
198,416,167,337
180,334,205,415
191,347,199,419
181,341,196,415
200,417,165,324
152,367,199,417
197,417,187,300
190,418,179,304
201,414,172,305
192,292,188,408
198,356,179,251
182,237,210,333
214,298,182,195
215,233,NaN,NaN
NaN,NaN,216,193
219,199,NaN,NaN
247,134,NaN,NaN
NaN,NaN,273,122
287,93,NaN,NaN
301,71,NaN,NaN
323,64,NaN,NaN
NaN,NaN,341,64
NaN,NaN,NaN,NaN
NaN,NaN,NaN,NaN
370,67,NaN,NaN
NaN,NaN,NaN,NaN
449,61,NaN,NaN
NaN,NaN,451,61
NaN,NaN,NaN,NaN
NaN,NaN,463,64
NaN,NaN,454,61
460,61,NaN,NaN
NaN,NaN,447,65
NaN,NaN,456,63
NaN,NaN,452,61
461,62,NaN,NaN
459,61,NaN,NaN
447,64,NaN,NaN
NaN,NaN,NaN,NaN
NaN,NaN,NaN,NaN
453,61,NaN,NaN
NaN,NaN,463,62
NaN,NaN,465,62
NaN,NaN,453,61
NaN,NaN,448,63
NaN,NaN,456,65
455,64,NaN,NaN
NaN,NaN,453,63
NaN,NaN,448,63
NaN,NaN,449,61
468,61,NaN,NaN
446,63,NaN,NaN
460,61,NaN,NaN
NaN,NaN,447,62
457,62,NaN,NaN
NaN,NaN,454,62
457,61,NaN,NaN
NaN,NaN,NaN,NaN
NaN,NaN,NaN,NaN
NaN,NaN,NaN,NaN
NaN,NaN,NaN,NaN
NaN,NaN,NaN,NaN
NaN,NaN,NaN,NaN
NaN,NaN,NaN,NaN
NaN,NaN,NaN,NaN
449,62,NaN,NaN
450,61,NaN,NaN
NaN,NaN,462,62
446,64,NaN,NaN
431,62,NaN,NaN
455,61,NaN,NaN
NaN,NaN,460,62
462,65,NaN,NaN
NaN,NaN,463,62
454,66,NaN,NaN
453,65,NaN,NaN
449,62,NaN,NaN
NaN,NaN,447,63
NaN,NaN,NaN,NaN
NaN,NaN,458,63
453,63,NaN,NaN
NaN,NaN,451,61
456,61,NaN,NaN
NaN,NaN,448,61
NaN,NaN,455,67
461,64,NaN,NaN
NaN,NaN,455,61
464,66,NaN,NaN
NaN,NaN,462,61
NaN,NaN,453,61
NaN,NaN,451,63
NaN,NaN,445,63
NaN,NaN,464,65
451,62,NaN,NaN
NaN,NaN,466,61
NaN,NaN,456,62
NaN,NaN,453,61
NaN,NaN,462,61
NaN,NaN,457,67
456,61,NaN,NaN
NaN,NaN,456,63
NaN,NaN,450,62
NaN,NaN,463,61
458,62,NaN,NaN
450,65,NaN,NaN
NaN,NaN,439,62
470,62,NaN,NaN
454,62,NaN,NaN
458,62,NaN,NaN
NaN,NaN,447,65
NaN,NaN,451,64
NaN,NaN,455,63
NaN,NaN,NaN,NaN
457,64,NaN,NaN
451,61,NaN,NaN
NaN,NaN,435,62
NaN,NaN,437,64
NaN,NaN,435,61
NaN,NaN,437,62
447,62,NaN,NaN
458,62,NaN,NaN
459,64,NaN,NaN
NaN,NaN,452,66
NaN,NaN,460,64
450,65,NaN,NaN
455,67,NaN,NaN
462,62,NaN,NaN
454,65,NaN,NaN
449,66,NaN,NaN
461,62,NaN,NaN
NaN,NaN,NaN,NaN
462,63,NaN,NaN
462,66,NaN,NaN
NaN,NaN,456,67
356,67,456,67
463,66,351,67
459,65,364,70
442,68,336,69
368,105,NaN,NaN
NaN,NaN,360,99
NaN,NaN,323,154
354,247,298,137
353,243,294,134
315,316,279,197
276,216,304,336
259,239,284,367
262,262,266,383
249,265,271,393
260,292,269,407
253,294,265,407
253,292,260,416
267,415,252,306
256,299,279,418
264,298,278,414
279,411,257,290
265,310,282,417
291,420,287,300
285,413,NaN,NaN
NaN,NaN,285,414
264,310,292,415
286,411,NaN,NaN
273,380,NaN,NaN
266,303,288,414
260,311,286,420
NaN,NaN,279,417
260,300,277,419
264,301,277,419
NaN,NaN,282,414
276,416,265,309
263,296,284,412
260,299,276,405
278,419,252,303
249,290,283,405
257,276,268,397
249,251,267,370
240,242,272,365
268,352,238,230
232,212,259,328
229,184,251,298
209,167,254,274
203,153,249,260
209,141,248,260
239,216,209,97
204,71,242,180
205,76,237,185
NaN,NaN,232,106
215,76,NaN,NaN
218,70,NaN,NaN
NaN,NaN,214,68
NaN,NaN,231,62
NaN,NaN,230,64
235,64,NaN,NaN
NaN,NaN,NaN,NaN
NaN,NaN,NaN,NaN
NaN,NaN,NaN,NaN
NaN,NaN,NaN,NaN
NaN,NaN,NaN,NaN
NaN,NaN,NaN,NaN
NaN,NaN,NaN,NaN
NaN,NaN,NaN,NaN
NaN,NaN,NaN,NaN
NaN,NaN,NaN,NaN
NaN,NaN,NaN,NaN
NaN,NaN,NaN,NaN
NaN,NaN,NaN,NaN
NaN,NaN,NaN,NaN
NaN,NaN,NaN,NaN
NaN,NaN,NaN,NaN
NaN,NaN,NaN,NaN
NaN,NaN,NaN,NaN
NaN,NaN,NaN,NaN
NaN,NaN,NaN,NaN
NaN,NaN,NaN,NaN
NaN,NaN,NaN,NaN
NaN,NaN,NaN,NaN
NaN,NaN,NaN,NaN
NaN,NaN,NaN,NaN
NaN,NaN,362,62
353,61,NaN,NaN
341,69,NaN,NaN
345,71,NaN,NaN
NaN,NaN,364,64
NaN,NaN,362,61
NaN,NaN,368,63
374,61,NaN,NaN
363,61,NaN,NaN
NaN,NaN,357,64
NaN,NaN,363,68
NaN,NaN,NaN,NaN
NaN,NaN,NaN,NaN
NaN,NaN,NaN,NaN
NaN,NaN,NaN,NaN
NaN,NaN,NaN,NaN
NaN,NaN,NaN,NaN
NaN,NaN,NaN,NaN
NaN,NaN,NaN,NaN
NaN,NaN,NaN,NaN
NaN,NaN,NaN,NaN
NaN,NaN,NaN,NaN
NaN,NaN,NaN,NaN
NaN,NaN,NaN,NaN
NaN,NaN,NaN,NaN
NaN,NaN,NaN,NaN
NaN,NaN,NaN,NaN
NaN,NaN,NaN,NaN
NaN,NaN,NaN,NaN
NaN,NaN,NaN,NaN
NaN,NaN,NaN,NaN
NaN,NaN,NaN,NaN
NaN,NaN,NaN,NaN
NaN,NaN,NaN,NaN
NaN,NaN,NaN,NaN
NaN,NaN,NaN,NaN
NaN,NaN,NaN,NaN
NaN,NaN,NaN,NaN
NaN,NaN,NaN,NaN
NaN,NaN,NaN,NaN
NaN,NaN,NaN,NaN
NaN,NaN,NaN,NaN
NaN,NaN,NaN,NaN
NaN,NaN,NaN,NaN
NaN,NaN,NaN,NaN
NaN,NaN,NaN,NaN
NaN,NaN,NaN,NaN
NaN,NaN,NaN,NaN
NaN,NaN,NaN,NaN
388,62,NaN,NaN
363,61,NaN,NaN
370,61,NaN,NaN
380,63,NaN,NaN
NaN,NaN,362,66
367,61,NaN,NaN
NaN,NaN,365,62
NaN,NaN,393,61
NaN,NaN,371,61
NaN,NaN,369,63
NaN,NaN,380,66
NaN,NaN,NaN,NaN
NaN,NaN,363,61
381,72,NaN,NaN
NaN,NaN,374,66
NaN,NaN,367,64
378,61,NaN,NaN
NaN,NaN,384,61
NaN,NaN,376,66
381,61,NaN,NaN
370,69,NaN,NaN
NaN,NaN,375,64
NaN,NaN,333,69
377,64,NaN,NaN
NaN,NaN,379,63
362,67,NaN,NaN
NaN,NaN,382,64
NaN,NaN,369,61
NaN,NaN,372,64
NaN,NaN,376,64
NaN,NaN,375,62
337,63,405,62
NaN,NaN,400,64
392,72,NaN,NaN
365,65,NaN,NaN
360,62,NaN,NaN
NaN,NaN,339,63
362,64,NaN,NaN
NaN,NaN,373,62
383,66,NaN,NaN
371,63,NaN,NaN
362,63,NaN,NaN
369,64,NaN,NaN
361,61,NaN,NaN
367,71,NaN,NaN
332,65,390,63
NaN,NaN,373,62
NaN,NaN,355,61
NaN,NaN,360,71
NaN,NaN,374,62
370,61,NaN,NaN
NaN,NaN,373,67
NaN,NaN,349,69
360,66,NaN,NaN
NaN,NaN,368,66
NaN,NaN,361,64
NaN,NaN,349,71
NaN,NaN,371,65
384,63,NaN,NaN
NaN,NaN,371,63
NaN,NaN,408,61
NaN,NaN,374,75
NaN,NaN,370,64
362,66,NaN,NaN
NaN,NaN,362,64
NaN,NaN,385,72
155,62,349,66
164,67,383,69
163,76,367,64
355,64,169,106
356,67,150,158
149,213,376,73
363,70,134,275
359,63,143,327
154,258,132,376
145,257,142,371
133,398,151,278
362,68,134,383
353,68,146,405
363,64,145,391
366,62,162,404
159,395,355,61
173,415,381,61
121,179,151,312
177,404,352,65
370,63,164,417
163,417,351,63
361,70,169,404
168,365,358,67
165,404,352,64
368,66,154,394
168,411,390,63
170,392,363,66
165,388,370,62
169,416,352,63
358,65,160,403
154,387,367,63
376,62,177,411
181,389,357,67
359,64,173,342
381,67,197,325
370,63,185,227
357,74,201,222
368,65,193,207
369,62,202,155
362,70,220,98
361,64,229,100
231,66,357,61
366,61,247,61
254,62,352,72
279,71,383,64
387,64,290,70
275,62,376,63
305,73,396,63
372,64,270,62
386,73,273,65
372,66,267,61
378,61,275,67
379,66,279,61
383,65,275,67
373,62,279,67
289,77,390,71
395,61,282,69
295,64,394,63
374,65,271,65
342,61,NaN,NaN
283,73,384,67
385,67,285,62
279,64,383,62
258,62,361,73
256,67,357,68
384,64,279,62
369,61,243,72
244,68,369,62
225,78,375,66
362,70,200,131
201,129,352,68
175,158,358,69
369,61,173,221
358,67,180,227
366,61,170,253
168,327,355,61
368,62,170,341
172,333,364,68
366,66,167,350
167,309,196,416
186,388,360,65
191,402,354,73
357,61,202,375
204,378,362,68
197,411,361,61
357,73,202,378
201,386,355,61
182,395,370,61
194,402,368,63
368,64,194,372
187,395,371,66
190,401,364,69
202,394,358,66
197,374,359,67
377,63,191,397
379,64,200,374
200,416,365,78
359,70,190,408
195,407,357,68
364,61,209,380
196,414,343,62
380,71,199,415
166,345,372,65
361,70,164,319
163,336,363,65
386,67,173,308
387,61,156,273
354,66,163,235
180,192,372,62
181,175,358,71
172,131,378,65
377,63,201,75
211,96,374,63
221,64,357,67
266,73,374,67
359,70,245,64
275,66,389,62
252,65,369,71
259,64,359,70
383,79,283,67
370,64,266,62
386,61,287,63
283,62,389,70
396,69,287,61
382,69,288,63
381,65,277,62
390,62,302,67
383,66,280,72
284,62,393,69
392,67,279,67
280,63,381,72
389,63,283,63
284,75,375,62
279,70,384,75
287,62,387,73
277,62,381,62
283,63,404,62
283,68,392,61
384,67,284,66
317,61,396,66
398,65,282,62
277,71,373,71
391,63,289,68
381,64,275,73
288,66,378,64
273,67,389,66
387,73,284,61
275,64,360,86
382,72,276,61
382,63,282,65
388,72,284,61
279,64,360,63
269,61,372,68
297,61,389,73
284,66,381,66
271,61,395,61
393,64,295,63
284,68,391,71
380,67,272,67
390,66,279,64
284,63,382,65
368,74,266,61
281,62,375,62
394,65,302,73
291,61,371,68
391,73,296,66
371,71,273,67
276,68,394,64
388,70,282,62
385,63,285,74
277,68,381,70
255,64,380,72
274,65,382,71
372,62,273,71
381,65,299,71
383,63,283,66
377,63,NaN,NaN
290,64,380,64
379,67,273,61
391,73,288,64
362,64,NaN,NaN
NaN,NaN,372,61
278,64,382,62
387,68,287,61
282,67,375,69
280,67,387,62
377,64,281,64
277,62,376,62
379,75,NaN,NaN
380,68,NaN,NaN
380,64,286,68
284,65,404,62
404,62,295,62
279,63,382,72
293,61,394,70
279,61,380,72
286,67,395,61
369,61,NaN,NaN
385,76,282,70
384,68,277,61
388,64,286,65
284,70,382,63
271,62,368,63
279,66,380,76
391,62,281,66
389,70,282,70
385,66,NaN,NaN
289,61,389,61
NaN,NaN,380,75
277,67,381,64
386,61,275,64
277,67,374,61
375,62,289,63
281,62,388,63
384,75,NaN,NaN
NaN,NaN,368,64
282,61,376,68
NaN,NaN,377,66
387,71,288,63
276,64,372,68
381,71,279,63
375,62,279,61
NaN,NaN,351,73
385,77,293,62
385,65,279,61
283,70,381,66
387,66,278,65
280,70,372,67
386,69,282,68
381,80,276,64
387,62,268,67
401,62,288,66
389,66,283,72
379,61,277,67
388,68,278,65
381,68,288,67
278,71,399,62
384,63,275,66
272,67,383,61
283,63,382,61
281,68,389,69
286,63,392,63
274,70,376,68
279,61,368,85
383,74,295,61
389,62,292,67
280,70,391,66
276,63,373,66
397,65,295,62
381,64,276,63
283,70,388,70
386,67,285,66
390,67,284,61
397,61,288,62
285,73,379,62
280,61,383,61
NaN,NaN,346,65
396,65,289,67
388,67,296,63
278,71,376,66
399,62,300,61
282,62,395,67
392,72,284,67
284,66,380,63
274,66,377,63
290,69,385,65
372,74,275,63
372,68,274,68
296,65,400,61
399,64,290,62
384,77,281,62
386,63,292,64
279,64,368,74
277,61,366,71
283,69,391,62
281,66,369,74
368,63,278,67
390,70,277,72
350,62,NaN,NaN
386,63,292,68
277,66,376,63
359,67,274,67
386,71,285,61
388,75,281,69
275,67,367,66
370,65,278,68
374,61,279,67
374,78,274,61
393,69,287,63
369,67,279,67
382,63,277,74
292,75,393,68
285,63,389,63
373,70,277,64
377,66,277,67
282,69,384,75
382,64,283,72
374,63,272,64
385,65,274,67
268,69,364,65
281,69,385,73
403,66,294,63
379,62,275,72
378,63,270,62
281,71,388,62
280,73,NaN,NaN
295,61,NaN,NaN
271,74,NaN,NaN
306,62,NaN,NaN
295,61,NaN,NaN
NaN,NaN,281,61
238,61,NaN,NaN
NaN,NaN,253,67
190,67,285,86
205,84,NaN,NaN
NaN,NaN,181,109
151,135,NaN,NaN
123,167,NaN,NaN
106,196,NaN,NaN
NaN,NaN,102,238
80,258,NaN,NaN
77,264,NaN,NaN
106,395,59,274
99,401,52,289
99,402,61,294
74,284,83,400
65,284,96,405
76,294,89,413
65,282,98,404
67,278,84,386
89,413,71,298
79,286,92,396
75,412,77,295
80,295,NaN,NaN
73,299,91,412
91,412,63,295
78,304,NaN,NaN
NaN,NaN,86,298
77,275,88,392
76,298,95,409
91,417,73,294
89,406,74,298
88,287,87,404
67,282,95,403
92,410,74,282
85,417,66,298
91,413,62,301
64,277,92,398
63,278,NaN,NaN
NaN,NaN,57,251
NaN,NaN,71,221
79,188,NaN,NaN
90,156,NaN,NaN
NaN,NaN,107,122
113,66,NaN,NaN
NaN,NaN,128,64
145,63,NaN,NaN
NaN,NaN,NaN,NaN
NaN,NaN,NaN,NaN
NaN,NaN,NaN,NaN
NaN,NaN,NaN,NaN
NaN,NaN,NaN,NaN
NaN,NaN,NaN,NaN
NaN,NaN,NaN,NaN
NaN,NaN,NaN,NaN
NaN,NaN,NaN,NaN
NaN,NaN,NaN,NaN
NaN,NaN,NaN,NaN
NaN,NaN,NaN,NaN
NaN,NaN,NaN,NaN
NaN,NaN,NaN,NaN
NaN,NaN,NaN,NaN
NaN,NaN,NaN,NaN
NaN,NaN,NaN,NaN
NaN,NaN,NaN,NaN
NaN,NaN,NaN,NaN
NaN,NaN,NaN,NaN
NaN,NaN,NaN,NaN
NaN,NaN,NaN,NaN
NaN,NaN,NaN,NaN
NaN,NaN,NaN,NaN
NaN,NaN,NaN,NaN
NaN,NaN,NaN,NaN
NaN,NaN,NaN,NaN
NaN,NaN,NaN,NaN
NaN,NaN,NaN,NaN
NaN,NaN,NaN,NaN
NaN,NaN,NaN,NaN
NaN,NaN,NaN,NaN
NaN,NaN,NaN,NaN
NaN,NaN,NaN,NaN
NaN,NaN,NaN,NaN
NaN,NaN,NaN,NaN
NaN,NaN,NaN,NaN
NaN,NaN,NaN,NaN
NaN,NaN,NaN,NaN
NaN,NaN,NaN,NaN
NaN,NaN,NaN,NaN
NaN,NaN,NaN,NaN
NaN,NaN,NaN,NaN
NaN,NaN,NaN,NaN
NaN,NaN,NaN,NaN
NaN,NaN,NaN,NaN
NaN,NaN,NaN,NaN
NaN,NaN,NaN,NaN
NaN,NaN,NaN,NaN
NaN,NaN,NaN,NaN
NaN,NaN,NaN,NaN
NaN,NaN,NaN,NaN
NaN,NaN,NaN,NaN
NaN,NaN,163,66
167,65,NaN,NaN
161,75,NaN,NaN
NaN,NaN,127,67
115,74,NaN,NaN
NaN,NaN,108,137
NaN,NaN,93,204
87,208,NaN,NaN
90,235,NaN,NaN
NaN,NaN,86,271
76,281,NaN,NaN
78,287,NaN,NaN
NaN,NaN,73,329
73,274,100,396
79,324,NaN,NaN
NaN,NaN,83,339
97,398,75,279
81,314,NaN,NaN
NaN,NaN,86,316
90,282,95,395
87,332,NaN,NaN
NaN,NaN,80,318
85,325,NaN,NaN
91,323,NaN,NaN
83,327,NaN,NaN
98,312,NaN,NaN
97,278,95,396
93,296,89,413
NaN,NaN,93,324
NaN,NaN,95,331
97,297,67,414
84,416,96,297
94,407,96,287
99,289,95,409
83,417,87,300
91,408,89,285
91,244,84,366
84,356,73,241
93,226,89,342
79,216,NaN,NaN
NaN,NaN,104,218
108,193,NaN,NaN
97,167,NaN,NaN
NaN,NaN,125,122
NaN,NaN,146,109
NaN,NaN,139,87
NaN,NaN,142,67
NaN,NaN,170,71
NaN,NaN,174,71
NaN,NaN,174,65
NaN,NaN,193,65
NaN,NaN,196,65
210,64,NaN,NaN
NaN,NaN,230,61
NaN,NaN,NaN,NaN
NaN,NaN,NaN,NaN
NaN,NaN,NaN,NaN
NaN,NaN,NaN,NaN
NaN,NaN,NaN,NaN
NaN,NaN,NaN,NaN
NaN,NaN,NaN,NaN
NaN,NaN,NaN,NaN
NaN,NaN,NaN,NaN
NaN,NaN,NaN,NaN
NaN,NaN,NaN,NaN
NaN,NaN,NaN,NaN
NaN,NaN,NaN,NaN
NaN,NaN,NaN,NaN
NaN,NaN,NaN,NaN
NaN,NaN,NaN,NaN
NaN,NaN,NaN,NaN
NaN,NaN,NaN,NaN
NaN,NaN,NaN,NaN
NaN,NaN,NaN,NaN
NaN,NaN,NaN,NaN
NaN,NaN,NaN,NaN
NaN,NaN,NaN,NaN
NaN,NaN,NaN,NaN
NaN,NaN,NaN,NaN
NaN,NaN,NaN,NaN
NaN,NaN,NaN,NaN
NaN,NaN,NaN,NaN
NaN,NaN,NaN,NaN
NaN,NaN,245,62
NaN,NaN,NaN,NaN
NaN,NaN,246,61
NaN,NaN,NaN,NaN
245,69,NaN,NaN
NaN,NaN,245,63
NaN,NaN,NaN,NaN
NaN,NaN,NaN,NaN
233,70,NaN,NaN
195,62,NaN,NaN
210,65,NaN,NaN
NaN,NaN,185,64
NaN,NaN,141,67
NaN,NaN,155,64
113,67,NaN,NaN
121,89,NaN,NaN
NaN,NaN,113,80
NaN,NaN,105,72
111,215,89,102
102,213,84,95
104,172,NaN,NaN
89,212,NaN,NaN
NaN,NaN,105,232
91,185,103,303
108,220,121,329
111,219,116,337
108,210,122,321
122,330,114,224
132,352,119,241
127,332,116,224
121,228,130,347
132,348,123,232
130,225,150,339
147,342,135,223
136,342,131,226
122,232,140,346
143,343,126,234
140,346,136,225
145,344,139,227
139,234,148,354
124,254,147,354
140,351,128,236
124,243,140,362
136,359,120,263
141,366,113,249
135,383,121,269
130,279,137,390
124,284,128,401
132,413,135,297
148,405,136,291
134,412,150,317
NaN,NaN,148,393
162,403,NaN,NaN
156,403,314,62
218,411,138,397
114,398,214,411
139,255,105,120
227,418,NaN,NaN
NaN,NaN,213,397
221,405,NaN,NaN
219,406,NaN,NaN
221,409,NaN,NaN
208,401,NaN,NaN
221,420,NaN,NaN
NaN,NaN,202,402
210,411,NaN,NaN
213,415,NaN,NaN
202,414,NaN,NaN
201,403,NaN,NaN
NaN,NaN,207,414
NaN,NaN,219,411
219,417,NaN,NaN
NaN,NaN,218,416
214,404,NaN,NaN
NaN,NaN,215,407
210,400,NaN,NaN
216,402,NaN,NaN
201,391,NaN,NaN
200,383,NaN,NaN
NaN,NaN,233,415
NaN,NaN,218,402
NaN,NaN,204,383
218,399,NaN,NaN
NaN,NaN,212,388
219,400,NaN,NaN
216,394,NaN,NaN
214,391,NaN,NaN
192,380,NaN,NaN
NaN,NaN,182,416
NaN,NaN,202,381
NaN,NaN,195,389
NaN,NaN,218,394
NaN,NaN,199,386
214,385,NaN,NaN
NaN,NaN,183,411
NaN,NaN,187,397
NaN,NaN,214,419
NaN,NaN,220,403
NaN,NaN,188,403
NaN,NaN,213,381
211,415,NaN,NaN
212,387,NaN,NaN
NaN,NaN,212,401
214,403,NaN,NaN
NaN,NaN,217,404
NaN,NaN,202,383
NaN,NaN,219,420
213,398,NaN,NaN
220,395,NaN,NaN
NaN,NaN,213,391
NaN,NaN,218,406
NaN,NaN,222,404
222,410,NaN,NaN
NaN,NaN,223,410
NaN,NaN,221,404
NaN,NaN,216,379
NaN,NaN,221,417
NaN,NaN,207,417
210,416,NaN,NaN
207,408,NaN,NaN
202,391,NaN,NaN
205,365,NaN,NaN
190,353,160,231
166,193,196,313
NaN,NaN,160,202
NaN,NaN,156,185
215,157,159,89
150,85,215,154
220,127,155,68
181,61,283,79
282,74,183,70
NaN,NaN,195,66
232,62,NaN,NaN
NaN,NaN,257,62
248,64,NaN,NaN
276,69,NaN,NaN
NaN,NaN,283,62
NaN,NaN,276,61
285,62,NaN,NaN
282,63,NaN,NaN
NaN,NaN,287,61
278,61,NaN,NaN
NaN,NaN,286,63
287,66,NaN,NaN
NaN,NaN,283,61
NaN,NaN,287,70
284,65,NaN,NaN
NaN,NaN,283,66
NaN,NaN,281,67
NaN,NaN,290,64
281,63,NaN,NaN
281,66,428,62
297,66,428,63
410,72,310,73
401,64,282,62
410,66,298,66
432,72,328,62
289,61,415,69
308,64,413,63
400,61,285,62
313,63,417,64
422,64,314,67
311,66,410,70
302,68,405,70
311,64,419,67
286,72,386,71
416,61,289,68
427,62,315,67
415,72,288,63
421,64,314,65
285,68,408,64
420,64,315,71
418,61,311,67
421,69,317,65
318,62,422,64
404,67,281,71
409,68,304,71
281,70,403,69
317,69,429,64
411,61,311,65
284,70,416,64
289,61,444,63
311,71,424,68
418,63,291,73
294,69,402,63
417,61,290,68
429,63,315,77
422,62,313,63
412,64,306,67
309,63,415,62
312,67,434,64
414,62,315,68
314,65,420,68
415,66,310,61
311,65,421,61
406,67,292,66
411,61,300,67
312,71,421,63
312,61,423,73
402,63,289,63
301,73,410,61
421,63,289,66
428,65,313,71
308,67,430,65
424,63,293,67
420,62,292,67
427,63,308,66
421,62,314,62
285,61,434,63
425,61,286,62
414,72,289,62
435,61,276,61
431,67,307,67
307,69,408,62
321,61,431,62
314,61,410,67
313,65,429,70
291,64,419,66
431,67,309,75
421,63,300,67
423,61,314,71
315,67,422,63
306,70,412,72
299,68,408,64
427,71,315,63
422,63,312,63
312,69,424,65
414,61,288,62
284,66,429,65
424,63,311,62
420,69,303,66
413,72,287,61
286,66,421,65
287,69,424,70
429,62,287,65
290,65,429,67
302,69,418,62
414,63,287,69
284,68,417,61
406,67,293,61
286,65,420,62
289,66,418,63
292,63,422,68
289,62,423,65
407,74,287,61
413,62,291,61
291,72,398,61
289,70,433,65
286,68,418,67
286,64,410,67
282,65,431,66
418,63,306,70
317,63,433,64
417,64,295,69
292,61,420,67
306,68,426,65
288,65,434,66
281,68,419,63
420,67,283,73
290,63,428,64
282,61,409,65
286,66,408,64
409,71,294,61
290,67,431,64
424,65,293,67
288,64,418,63
430,61,309,61
286,67,404,61
284,63,436,62
421,67,287,74
422,67,288,65
278,67,427,68
420,63,289,66
426,68,274,64
279,63,418,61
434,69,278,69
431,63,315,68
448,64,287,72
436,63,NaN,NaN
431,63,NaN,NaN
452,61,NaN,NaN
NaN,NaN,NaN,NaN
NaN,NaN,NaN,NaN
NaN,NaN,NaN,NaN
NaN,NaN,NaN,NaN
NaN,NaN,NaN,NaN
NaN,NaN,NaN,NaN
NaN,NaN,NaN,NaN
NaN,NaN,NaN,NaN
NaN,NaN,NaN,NaN
NaN,NaN,NaN,NaN
NaN,NaN,NaN,NaN
NaN,NaN,NaN,NaN
NaN,NaN,NaN,NaN
NaN,NaN,NaN,NaN
NaN,NaN,NaN,NaN
NaN,NaN,NaN,NaN
NaN,NaN,NaN,NaN
NaN,NaN,NaN,NaN
NaN,NaN,NaN,NaN
NaN,NaN,NaN,NaN
NaN,NaN,NaN,NaN
NaN,NaN,NaN,NaN
NaN,NaN,NaN,NaN
NaN,NaN,NaN,NaN
NaN,NaN,NaN,NaN
NaN,NaN,NaN,NaN
NaN,NaN,503,63
NaN,NaN,NaN,NaN
NaN,NaN,NaN,NaN
NaN,NaN,NaN,NaN
NaN,NaN,NaN,NaN
NaN,NaN,NaN,NaN
NaN,NaN,NaN,NaN
NaN,NaN,NaN,NaN
NaN,NaN,NaN,NaN
NaN,NaN,NaN,NaN
NaN,NaN,NaN,NaN
NaN,NaN,NaN,NaN
NaN,NaN,NaN,NaN
NaN,NaN,NaN,NaN
NaN,NaN,NaN,NaN
NaN,NaN,NaN,NaN
NaN,NaN,NaN,NaN
NaN,NaN,NaN,NaN
NaN,NaN,NaN,NaN
NaN,NaN,NaN,NaN
NaN,NaN,NaN,NaN
NaN,NaN,NaN,NaN
NaN,NaN,NaN,NaN
NaN,NaN,NaN,NaN
NaN,NaN,NaN,NaN
NaN,NaN,NaN,NaN
NaN,NaN,NaN,NaN
NaN,NaN,NaN,NaN
NaN,NaN,NaN,NaN
NaN,NaN,NaN,NaN
NaN,NaN,NaN,NaN
NaN,NaN,NaN,NaN
NaN,NaN,NaN,NaN
NaN,NaN,NaN,NaN
NaN,NaN,NaN,NaN
NaN,NaN,NaN,NaN
NaN,NaN,NaN,NaN
NaN,NaN,NaN,NaN
NaN,NaN,NaN,NaN
NaN,NaN,NaN,NaN
NaN,NaN,NaN,NaN
NaN,NaN,NaN,NaN
NaN,NaN,NaN,NaN
NaN,NaN,NaN,NaN
NaN,NaN,NaN,NaN
NaN,NaN,NaN,NaN
NaN,NaN,NaN,NaN
NaN,NaN,NaN,NaN
NaN,NaN,NaN,NaN
NaN,NaN,NaN,NaN
NaN,NaN,NaN,NaN
NaN,NaN,NaN,NaN
NaN,NaN,NaN,NaN
NaN,NaN,285,75
245,66,NaN,NaN
NaN,NaN,264,70
247,62,NaN,NaN
NaN,NaN,248,76
NaN,NaN,226,86
NaN,NaN,215,128
NaN,NaN,196,143
NaN,NaN,199,179
180,183,NaN,NaN
NaN,NaN,165,207
178,298,160,191
NaN,NaN,159,212
151,226,167,348
163,370,161,252
162,381,157,266
165,389,166,267
156,394,160,285
142,219,NaN,NaN
NaN,NaN,167,404
173,419,166,293
NaN,NaN,174,417
173,420,NaN,NaN
161,237,169,411
169,419,NaN,NaN
146,233,162,384
170,420,164,253
156,378,155,239
166,391,152,250
NaN,NaN,168,373
NaN,NaN,166,402
NaN,NaN,168,401
169,370,NaN,NaN
NaN,NaN,182,388
NaN,NaN,181,380
187,398,NaN,NaN
177,408,NaN,NaN
154,260,192,397
NaN,NaN,174,402
165,398,154,265
164,393,155,260
NaN,NaN,170,397
NaN,NaN,172,405
162,402,NaN,NaN
181,383,NaN,NaN
180,393,NaN,NaN
NaN,NaN,182,390
183,404,NaN,NaN
NaN,NaN,180,400
NaN,NaN,173,411
176,413,NaN,NaN
171,392,NaN,NaN
NaN,NaN,179,396
170,413,NaN,NaN
172,406,NaN,NaN
177,411,NaN,NaN
NaN,NaN,181,401
169,397,NaN,NaN
NaN,NaN,178,402
167,402,NaN,NaN
163,404,NaN,NaN
170,403,NaN,NaN
NaN,NaN,178,415
NaN,NaN,171,397
NaN,NaN,184,420
NaN,NaN,162,415
178,407,NaN,NaN
173,415,NaN,NaN
205,416,138,385
175,399,NaN,NaN
173,414,NaN,NaN
192,420,138,381
158,401,NaN,NaN
156,388,NaN,NaN
174,415,NaN,NaN
153,410,NaN,NaN
155,393,NaN,NaN
154,387,NaN,NaN
NaN,NaN,134,411
150,414,NaN,NaN
135,382,NaN,NaN
NaN,NaN,150,416
135,394,NaN,NaN
145,419,NaN,NaN
NaN,NaN,140,415
142,405,NaN,NaN
127,420,143,311
NaN,NaN,128,390
139,416,156,314
136,406,NaN,NaN
127,311,134,414
142,325,125,419
142,420,120,319
142,415,130,294
124,310,155,416
143,283,138,402
157,387,141,267
155,365,135,248
150,204,162,332
151,173,170,296
180,248,154,132
155,113,190,233
159,76,205,183
191,105,NaN,NaN
NaN,NaN,193,74
207,69,NaN,NaN
262,61,NaN,NaN
293,73,NaN,NaN
NaN,NaN,NaN,NaN
NaN,NaN,NaN,NaN
NaN,NaN,NaN,NaN
NaN,NaN,NaN,NaN
NaN,NaN,NaN,NaN
NaN,NaN,NaN,NaN
NaN,NaN,NaN,NaN
NaN,NaN,NaN,NaN
NaN,NaN,NaN,NaN
NaN,NaN,NaN,NaN
NaN,NaN,NaN,NaN
NaN,NaN,NaN,NaN
NaN,NaN,NaN,NaN
NaN,NaN,NaN,NaN
NaN,NaN,NaN,NaN
NaN,NaN,NaN,NaN
NaN,NaN,NaN,NaN
NaN,NaN,NaN,NaN
NaN,NaN,NaN,NaN
NaN,NaN,NaN,NaN
NaN,NaN,NaN,NaN
NaN,NaN,NaN,NaN
NaN,NaN,NaN,NaN
NaN,NaN,NaN,NaN
NaN,NaN,NaN,NaN
NaN,NaN,NaN,NaN
NaN,NaN,NaN,NaN
NaN,NaN,NaN,NaN
NaN,NaN,NaN,NaN
NaN,NaN,NaN,NaN
NaN,NaN,NaN,NaN
NaN,NaN,NaN,NaN
NaN,NaN,NaN,NaN
NaN,NaN,NaN,NaN
NaN,NaN,NaN,NaN
NaN,NaN,NaN,NaN
NaN,NaN,NaN,NaN
NaN,NaN,NaN,NaN
NaN,NaN,NaN,NaN
NaN,NaN,NaN,NaN
NaN,NaN,NaN,NaN
NaN,NaN,NaN,NaN
NaN,NaN,NaN,NaN
NaN,NaN,NaN,NaN
NaN,NaN,NaN,NaN
NaN,NaN,NaN,NaN
NaN,NaN,NaN,NaN
NaN,NaN,NaN,NaN
NaN,NaN,NaN,NaN
NaN,NaN,NaN,NaN
NaN,NaN,NaN,NaN
NaN,NaN,NaN,NaN
NaN,NaN,NaN,NaN
NaN,NaN,NaN,NaN
NaN,NaN,NaN,NaN
NaN,NaN,NaN,NaN
NaN,NaN,NaN,NaN
NaN,NaN,NaN,NaN
NaN,NaN,NaN,NaN
NaN,NaN,NaN,NaN
NaN,NaN,NaN,NaN
NaN,NaN,NaN,NaN
NaN,NaN,NaN,NaN
NaN,NaN,NaN,NaN
NaN,NaN,NaN,NaN
NaN,NaN,NaN,NaN
NaN,NaN,NaN,NaN
NaN,NaN,NaN,NaN
NaN,NaN,NaN,NaN
NaN,NaN,NaN,NaN
NaN,NaN,NaN,NaN
NaN,NaN,NaN,NaN
NaN,NaN,NaN,NaN
NaN,NaN,NaN,NaN
NaN,NaN,NaN,NaN
NaN,NaN,NaN,NaN
NaN,NaN,NaN,NaN
NaN,NaN,NaN,NaN
NaN,NaN,NaN,NaN
NaN,NaN,NaN,NaN
NaN,NaN,NaN,NaN
NaN,NaN,NaN,NaN
NaN,NaN,NaN,NaN
NaN,NaN,NaN,NaN
NaN,NaN,NaN,NaN
NaN,NaN,NaN,NaN
NaN,NaN,NaN,NaN
NaN,NaN,NaN,NaN
NaN,NaN,NaN,NaN
NaN,NaN,NaN,NaN
NaN,NaN,NaN,NaN
NaN,NaN,NaN,NaN
NaN,NaN,NaN,NaN
NaN,NaN,NaN,NaN
NaN,NaN,NaN,NaN
NaN,NaN,NaN,NaN
NaN,NaN,NaN,NaN
NaN,NaN,NaN,NaN
NaN,NaN,NaN,NaN
NaN,NaN,NaN,NaN
NaN,NaN,NaN,NaN
NaN,NaN,NaN,NaN
NaN,NaN,NaN,NaN
NaN,NaN,NaN,NaN
NaN,NaN,NaN,NaN
NaN,NaN,NaN,NaN
NaN,NaN,NaN,NaN
NaN,NaN,NaN,NaN
NaN,NaN,NaN,NaN
NaN,NaN,NaN,NaN
NaN,NaN,NaN,NaN
NaN,NaN,NaN,NaN
NaN,NaN,NaN,NaN
NaN,NaN,NaN,NaN
NaN,NaN,NaN,NaN
NaN,NaN,NaN,NaN
NaN,NaN,NaN,NaN
NaN,NaN,NaN,NaN
NaN,NaN,NaN,NaN
NaN,NaN,NaN,NaN
NaN,NaN,NaN,NaN
NaN,NaN,NaN,NaN
NaN,NaN,NaN,NaN
NaN,NaN,NaN,NaN
NaN,NaN,NaN,NaN
NaN,NaN,NaN,NaN
NaN,NaN,NaN,NaN
NaN,NaN,NaN,NaN
NaN,NaN,NaN,NaN
NaN,NaN,NaN,NaN
NaN,NaN,NaN,NaN
NaN,NaN,NaN,NaN
NaN,NaN,NaN,NaN
NaN,NaN,NaN,NaN
NaN,NaN,NaN,NaN
NaN,NaN,NaN,NaN
NaN,NaN,NaN,NaN
NaN,NaN,NaN,NaN
NaN,NaN,NaN,NaN
NaN,NaN,NaN,NaN
NaN,NaN,NaN,NaN
NaN,NaN,NaN,NaN
NaN,NaN,NaN,NaN
NaN,NaN,NaN,NaN
NaN,NaN,NaN,NaN
NaN,NaN,NaN,NaN
NaN,NaN,NaN,NaN
NaN,NaN,NaN,NaN
NaN,NaN,NaN,NaN
NaN,NaN,NaN,NaN
NaN,NaN,NaN,NaN
NaN,NaN,NaN,NaN
NaN,NaN,NaN,NaN
NaN,NaN,NaN,NaN
NaN,NaN,NaN,NaN
NaN,NaN,NaN,NaN
NaN,NaN,NaN,NaN
NaN,NaN,NaN,NaN
NaN,NaN,NaN,NaN
NaN,NaN,NaN,NaN
NaN,NaN,339,61
NaN,NaN,NaN,NaN
NaN,NaN,NaN,NaN
NaN,NaN,NaN,NaN
NaN,NaN,NaN,NaN
NaN,NaN,NaN,NaN
NaN,NaN,NaN,NaN
NaN,NaN,NaN,NaN
NaN,NaN,NaN,NaN
NaN,NaN,NaN,NaN
NaN,NaN,NaN,NaN
NaN,NaN,NaN,NaN
NaN,NaN,NaN,NaN
NaN,NaN,NaN,NaN
NaN,NaN,NaN,NaN
NaN,NaN,NaN,NaN
NaN,NaN,NaN,NaN
NaN,NaN,NaN,NaN
NaN,NaN,NaN,NaN
NaN,NaN,NaN,NaN
NaN,NaN,NaN,NaN
NaN,NaN,NaN,NaN
NaN,NaN,NaN,NaN
NaN,NaN,NaN,NaN
NaN,NaN,NaN,NaN
NaN,NaN,NaN,NaN
NaN,NaN,NaN,NaN
NaN,NaN,NaN,NaN
NaN,NaN,NaN,NaN
NaN,NaN,NaN,NaN
NaN,NaN,NaN,NaN
NaN,NaN,NaN,NaN
NaN,NaN,NaN,NaN
NaN,NaN,NaN,NaN
NaN,NaN,NaN,NaN
NaN,NaN,NaN,NaN
NaN,NaN,NaN,NaN
NaN,NaN,NaN,NaN
NaN,NaN,NaN,NaN
NaN,NaN,NaN,NaN
NaN,NaN,NaN,NaN
NaN,NaN,NaN,NaN
NaN,NaN,NaN,NaN
NaN,NaN,NaN,NaN
NaN,NaN,NaN,NaN
NaN,NaN,NaN,NaN
NaN,NaN,NaN,NaN
NaN,NaN,NaN,NaN
NaN,NaN,NaN,NaN
NaN,NaN,NaN,NaN
NaN,NaN,NaN,NaN
NaN,NaN,NaN,NaN
NaN,NaN,NaN,NaN
NaN,NaN,NaN,NaN
NaN,NaN,NaN,NaN
NaN,NaN,NaN,NaN
NaN,NaN,NaN,NaN
NaN,NaN,NaN,NaN
NaN,NaN,NaN,NaN
NaN,NaN,NaN,NaN
NaN,NaN,NaN,NaN
NaN,NaN,NaN,NaN
NaN,NaN,NaN,NaN
NaN,NaN,NaN,NaN
NaN,NaN,NaN,NaN
NaN,NaN,NaN,NaN
NaN,NaN,NaN,NaN
NaN,NaN,NaN,NaN
NaN,NaN,NaN,NaN
NaN,NaN,NaN,NaN
NaN,NaN,NaN,NaN
NaN,NaN,NaN,NaN
NaN,NaN,NaN,NaN
NaN,NaN,NaN,NaN
NaN,NaN,NaN,NaN
NaN,NaN,NaN,NaN
NaN,NaN,NaN,NaN
NaN,NaN,NaN,NaN
NaN,NaN,NaN,NaN
NaN,NaN,NaN,NaN
NaN,NaN,NaN,NaN
NaN,NaN,NaN,NaN
NaN,NaN,NaN,NaN
NaN,NaN,NaN,NaN
NaN,NaN,NaN,NaN
NaN,NaN,NaN,NaN
NaN,NaN,NaN,NaN
NaN,NaN,NaN,NaN
NaN,NaN,NaN,NaN
NaN,NaN,NaN,NaN
NaN,NaN,NaN,NaN
NaN,NaN,NaN,NaN
NaN,NaN,NaN,NaN
NaN,NaN,NaN,NaN
NaN,NaN,NaN,NaN
NaN,NaN,NaN,NaN
NaN,NaN,NaN,NaN
NaN,NaN,NaN,NaN
NaN,NaN,NaN,NaN
NaN,NaN,NaN,NaN
NaN,NaN,NaN,NaN
NaN,NaN,NaN,NaN
NaN,NaN,NaN,NaN
NaN,NaN,NaN,NaN
NaN,NaN,NaN,NaN
NaN,NaN,NaN,NaN
NaN,NaN,NaN,NaN
NaN,NaN,NaN,NaN
NaN,NaN,NaN,NaN
NaN,NaN,NaN,NaN
NaN,NaN,NaN,NaN
NaN,NaN,NaN,NaN
NaN,NaN,NaN,NaN
NaN,NaN,NaN,NaN
NaN,NaN,NaN,NaN
NaN,NaN,NaN,NaN
NaN,NaN,NaN,NaN
NaN,NaN,NaN,NaN
NaN,NaN,NaN,NaN
NaN,NaN,NaN,NaN
NaN,NaN,NaN,NaN
NaN,NaN,NaN,NaN
NaN,NaN,NaN,NaN
NaN,NaN,NaN,NaN
NaN,NaN,NaN,NaN
NaN,NaN,NaN,NaN
NaN,NaN,NaN,NaN
NaN,NaN,NaN,NaN
NaN,NaN,NaN,NaN
NaN,NaN,NaN,NaN
NaN,NaN,NaN,NaN
NaN,NaN,NaN,NaN
NaN,NaN,NaN,NaN
NaN,NaN,NaN,NaN
NaN,NaN,NaN,NaN
NaN,NaN,NaN,NaN
NaN,NaN,NaN,NaN
NaN,NaN,NaN,NaN
NaN,NaN,NaN,NaN
NaN,NaN,NaN,NaN
NaN,NaN,NaN,NaN
NaN,NaN,NaN,NaN
NaN,NaN,NaN,NaN
NaN,NaN,NaN,NaN
NaN,NaN,NaN,NaN
NaN,NaN,NaN,NaN
NaN,NaN,NaN,NaN
NaN,NaN,NaN,NaN
NaN,NaN,NaN,NaN
NaN,NaN,NaN,NaN
NaN,NaN,NaN,NaN
NaN,NaN,NaN,NaN
NaN,NaN,NaN,NaN
NaN,NaN,NaN,NaN
NaN,NaN,NaN,NaN
NaN,NaN,NaN,NaN
NaN,NaN,NaN,NaN
NaN,NaN,NaN,NaN
NaN,NaN,NaN,NaN
NaN,NaN,NaN,NaN
NaN,NaN,NaN,NaN
NaN,NaN,NaN,NaN
NaN,NaN,NaN,NaN
NaN,NaN,NaN,NaN
NaN,NaN,NaN,NaN
NaN,NaN,NaN,NaN
NaN,NaN,NaN,NaN
NaN,NaN,NaN,NaN
NaN,NaN,NaN,NaN
NaN,NaN,NaN,NaN
NaN,NaN,NaN,NaN
NaN,NaN,NaN,NaN
NaN,NaN,NaN,NaN
NaN,NaN,NaN,NaN
NaN,NaN,NaN,NaN
NaN,NaN,NaN,NaN
NaN,NaN,NaN,NaN
NaN,NaN,NaN,NaN
NaN,NaN,NaN,NaN
NaN,NaN,NaN,NaN
NaN,NaN,NaN,NaN
NaN,NaN,NaN,NaN
NaN,NaN,NaN,NaN
NaN,NaN,NaN,NaN
NaN,NaN,NaN,NaN
NaN,NaN,NaN,NaN
NaN,NaN,NaN,NaN
NaN,NaN,NaN,NaN
NaN,NaN,NaN,NaN
NaN,NaN,NaN,NaN
NaN,NaN,NaN,NaN
NaN,NaN,NaN,NaN
NaN,NaN,NaN,NaN
NaN,NaN,NaN,NaN
NaN,NaN,NaN,NaN
NaN,NaN,NaN,NaN
NaN,NaN,NaN,NaN
NaN,NaN,NaN,NaN
NaN,NaN,NaN,NaN
NaN,NaN,NaN,NaN
NaN,NaN,NaN,NaN
NaN,NaN,NaN,NaN
NaN,NaN,NaN,NaN
NaN,NaN,NaN,NaN
NaN,NaN,NaN,NaN
NaN,NaN,NaN,NaN
NaN,NaN,NaN,NaN
NaN,NaN,NaN,NaN
NaN,NaN,NaN,NaN
NaN,NaN,NaN,NaN
NaN,NaN,NaN,NaN
NaN,NaN,NaN,NaN
NaN,NaN,NaN,NaN
NaN,NaN,NaN,NaN
NaN,NaN,NaN,NaN
NaN,NaN,NaN,NaN
NaN,NaN,NaN,NaN
NaN,NaN,NaN,NaN
NaN,NaN,NaN,NaN
NaN,NaN,NaN,NaN
NaN,NaN,NaN,NaN
NaN,NaN,NaN,NaN
NaN,NaN,NaN,NaN
NaN,NaN,NaN,NaN
NaN,NaN,NaN,NaN
NaN,NaN,NaN,NaN
NaN,NaN,NaN,NaN
NaN,NaN,NaN,NaN
NaN,NaN,NaN,NaN
NaN,NaN,NaN,NaN
NaN,NaN,NaN,NaN
NaN,NaN,NaN,NaN
NaN,NaN,NaN,NaN
NaN,NaN,NaN,NaN
NaN,NaN,NaN,NaN
NaN,NaN,NaN,NaN
NaN,NaN,NaN,NaN
NaN,NaN,NaN,NaN
NaN,NaN,NaN,NaN
NaN,NaN,NaN,NaN
NaN,NaN,NaN,NaN
NaN,NaN,NaN,NaN
NaN,NaN,NaN,NaN
NaN,NaN,NaN,NaN
NaN,NaN,NaN,NaN
NaN,NaN,NaN,NaN
NaN,NaN,NaN,NaN
NaN,NaN,NaN,NaN
NaN,NaN,NaN,NaN
NaN,NaN,NaN,NaN
NaN,NaN,NaN,NaN
NaN,NaN,NaN,NaN
NaN,NaN,NaN,NaN
NaN,NaN,NaN,NaN
NaN,NaN,NaN,NaN
NaN,NaN,NaN,NaN
NaN,NaN,NaN,NaN
NaN,NaN,NaN,NaN
NaN,NaN,NaN,NaN
NaN,NaN,NaN,NaN
NaN,NaN,NaN,NaN
NaN,NaN,NaN,NaN
NaN,NaN,NaN,NaN
NaN,NaN,NaN,NaN
NaN,NaN,NaN,NaN
NaN,NaN,NaN,NaN
NaN,NaN,NaN,NaN
NaN,NaN,NaN,NaN
NaN,NaN,NaN,NaN
NaN,NaN,NaN,NaN
NaN,NaN,NaN,NaN
NaN,NaN,NaN,NaN
NaN,NaN,NaN,NaN
NaN,NaN,NaN,NaN
NaN,NaN,NaN,NaN
NaN,NaN,NaN,NaN
NaN,NaN,NaN,NaN
NaN,NaN,NaN,NaN
NaN,NaN,NaN,NaN
NaN,NaN,NaN,NaN
NaN,NaN,NaN,NaN
NaN,NaN,NaN,NaN
NaN,NaN,NaN,NaN
NaN,NaN,NaN,NaN
NaN,NaN,NaN,NaN
NaN,NaN,NaN,NaN
NaN,NaN,NaN,NaN
NaN,NaN,NaN,NaN
NaN,NaN,NaN,NaN
NaN,NaN,NaN,NaN
NaN,NaN,NaN,NaN
NaN,NaN,NaN,NaN
NaN,NaN,NaN,NaN
NaN,NaN,NaN,NaN
NaN,NaN,NaN,NaN
NaN,NaN,NaN,NaN
NaN,NaN,NaN,NaN
NaN,NaN,NaN,NaN
NaN,NaN,NaN,NaN
NaN,NaN,NaN,NaN
NaN,NaN,NaN,NaN
NaN,NaN,NaN,NaN
NaN,NaN,NaN,NaN
NaN,NaN,NaN,NaN
NaN,NaN,NaN,NaN
NaN,NaN,NaN,NaN
NaN,NaN,NaN,NaN
NaN,NaN,NaN,NaN
NaN,NaN,NaN,NaN
NaN,NaN,NaN,NaN
NaN,NaN,NaN,NaN
NaN,NaN,NaN,NaN
NaN,NaN,NaN,NaN
NaN,NaN,NaN,NaN
NaN,NaN,NaN,NaN
NaN,NaN,NaN,NaN
NaN,NaN,NaN,NaN
NaN,NaN,NaN,NaN
NaN,NaN,NaN,NaN
NaN,NaN,NaN,NaN
NaN,NaN,NaN,NaN
NaN,NaN,NaN,NaN
NaN,NaN,NaN,NaN
NaN,NaN,NaN,NaN
NaN,NaN,NaN,NaN
NaN,NaN,NaN,NaN
NaN,NaN,NaN,NaN
NaN,NaN,NaN,NaN
NaN,NaN,NaN,NaN
NaN,NaN,NaN,NaN
NaN,NaN,NaN,NaN
NaN,NaN,NaN,NaN
NaN,NaN,NaN,NaN
NaN,NaN,NaN,NaN
NaN,NaN,NaN,NaN
NaN,NaN,NaN,NaN
NaN,NaN,NaN,NaN
NaN,NaN,NaN,NaN
NaN,NaN,NaN,NaN
NaN,NaN,NaN,NaN
NaN,NaN,NaN,NaN
NaN,NaN,NaN,NaN
NaN,NaN,NaN,NaN
NaN,NaN,NaN,NaN
NaN,NaN,NaN,NaN
NaN,NaN,NaN,NaN
NaN,NaN,NaN,NaN
NaN,NaN,NaN,NaN
NaN,NaN,NaN,NaN
NaN,NaN,NaN,NaN
NaN,NaN,NaN,NaN
NaN,NaN,NaN,NaN
NaN,NaN,NaN,NaN
314,63,NaN,NaN
313,62,NaN,NaN
NaN,NaN,334,64
324,66,NaN,NaN
324,64,NaN,NaN
NaN,NaN,326,65
333,64,NaN,NaN
324,66,NaN,NaN
NaN,NaN,321,65
NaN,NaN,313,63
327,67,NaN,NaN
NaN,NaN,312,61
NaN,NaN,338,63
